   1	6   8   0 
   1	1   3 
   2	1   3 
   3	1   3 
   1	1   7 
   2	1   7 
   3	1   7 
   1	1  11 
   2	1  11 
   3	1  11 
   1	1  13 
   2	1  13 
   7	1   0 
   8	1   0 
   1	1   6 
   7	1   8 
   1	1   2 
   7	1   9 
   7	1   4 
   1	1  10 
   7	1   1 
   1	1   5 
   8	2   5   8 
  10	2   0   5 
  12	1   5 
  12	2   8   0 
  14	1   0 
  14	2   8   5 
  16	1   8 
  16	1   5 
  17	2   0   5 
  19	2   8   0 
  21	1   0 
  22	1   0 
  23	1   0 
  21	2   5   8 
  23	1   8 
  23	1   5 
  24	1   5 
  23	2   2  10 
  25	2   5   2 
  27	1   2 
  27	2  10   5 
  29	1   5 
  29	2  10   2 
  31	1   2 
  31	1  10 
  32	2   5   2 
  34	2  10   5 
  36	1   5 
  37	1   5 
  36	2   2  10 
  38	1   2 
  38	1  10 
  38	2   5   8 
  40	2   0   5 
  42	1   5 
  42	2   8   0 
  44	1   0 
  44	2   8   5 
  46	1   8 
  46	1   5 
  47	2   0   5 
  49	2   8   0 
  51	1   0 
  52	1   0 
  53	1   0 
  51	2   5   8 
  53	1   8 
  53	1   5 
  54	1   5 
  53	2   2  10 
  55	2   5   2 
  57	1   2 
  57	2  10   5 
  59	1   5 
  59	2  10   2 
  61	1   2 
  61	1  10 
  62	2   5   2 
  64	2  10   5 
  66	1   5 
  67	1   5 
  66	2   2  10 
  68	1   2 
  68	1  10 
  68	2   5   8 
  70	2  13   5 
  72	1   5 
  72	2   8  13 
  74	1  13 
  74	2   8   5 
  76	1   8 
  76	1   5 
  77	2  13   5 
  79	2   8  13 
  81	1  13 
  82	1  13 
  83	1  13 
  81	2   5   8 
  83	1   8 
  83	1   5 
  84	1   5 
  83	2   2  10 
  85	2   5   2 
  87	1   2 
  87	2  10   5 
  89	1   5 
  89	2  10   2 
  91	1   2 
  91	1  10 
  92	2   5   2 
  94	2  10   5 
  96	1   5 
  97	1   5 
  96	2   2  10 
  98	1   2 
  98	1  10 
  98	2   5   8 
 100	2  13   5 
 102	1   5 
 102	2   8  13 
 104	1  13 
 104	2   8   5 
 106	1   8 
 106	1   5 
 107	2  13   5 
 109	2   8  13 
 111	1  13 
 112	1  13 
 113	1  13 
 114	1  13 
 111	2   2  10 
 113	2   5   8 
 115	1   8 
 115	1   5 
 116	1   5 
 116	2   4   8 
 118	2   0   4 
 120	1   4 
 120	2   5   2 
 122	1   2 
 122	2   8   0 
 124	1   0 
 124	2   8   4 
 126	1   8 
 126	1   4 
 126	2  10   5 
 128	1   5 
 128	2   0   4 
 128	2  10   2 
 130	1   2 
 130	1  10 
 131	2   5   2 
 133	2  10   5 
 135	2   2  10 
 137	1   2 
 135	1   5 
 137	1  10 
 136	1   5 
 138	2   9  10 
 140	2   8   0 
 140	6  10   6 
 142	1   0 
 143	1   0 
 144	1   0 
 142	2   4   8 
 144	1   8 
 144	1   4 
 145	1   4 
 146	2   4   9 
 148	1   9 
 148	2   6   4 
 150	1   4 
 150	2   6   9 
 152	1   9 
 152	1   6 
 153	2   4   9 
 155	2   6   4 
 157	2   9   6 
 157	1   4 
 159	2   1   5 
 159	1   6 
 158	1   4 
 159	1   4 
 159	1   9 
 160	1   9 
 161	2   9   1 
 163	1   1 
 163	2   5   9 
 165	2   5   1 
 167	1   1 
 165	1   9 
 167	1   5 
 168	2   9   1 
 170	2   5   9 
 172	1   9 
 173	1   9 
 172	2   1   5 
 174	1   1 
 174	1   5 
 174	2   9   6 
 176	2   4   9 
 178	1   9 
 178	2   1   5 
 180	2   6   4 
 182	1   4 
 182	2   6   9 
 184	1   9 
 185	2   4   9 
 184	1   6 
 187	2   6   4 
 189	1   4 
 190	1   4 
 189	2   9   6 
 191	1   6 
 191	2   4   8 
 191	1   9 
 193	2   9   6 
 193	2   0   4 
 195	1   4 
 196	2   8   0 
 198	1   0 
 198	2   8   4 
 200	1   4 
 200	1   8 
 201	2   0   4 
 203	2   8   0 
 205	2   4   8 
 205	1   0 
 206	1   0 
 207	6   6   4 
 213	1   0 
 213	1   8 
 213	1   6 
 214	1   6 
 215	2   6   9 
 217	1   9 
 217	2   4   6 
 219	1   6 
 219	2   4   9 
 221	1   9 
 222	2   6   9 
 221	1   4 
 224	2   4   6 
 226	1   6 
 227	1   6 
 228	1   6 
 226	2   9   4 
 228	1   9 
 229	1   9 
 228	1   4 
 230	2   9   1 
 232	1   1 
 232	2   5   9 
 234	6  13  12 
 234	1   9 
 234	2   5   1 
 236	1   5 
 236	1   1 
 234	6  11  10 
 240	2   9   1 
 242	2   5   9 
 244	2   1   5 
 244	1   9 
 245	1   9 
 246	1   5 
 246	1   1 
 246	2   9   4 
 248	2   6   9 
 250	1   9 
 250	2   4   6 
 252	1   6 
 252	2   4   9 
 254	1   9 
 255	2   6   9 
 254	1   4 
 257	2   4   6 
 259	1   6 
 259	2   9   4 
 261	1   9 
 260	1   6 
 261	1   4 
 261	2   6   2 
 262	2   8   4 
 264	2   0   8 
 266	1   8 
 266	2   4   0 
 266	6  10   9 
 268	1   0 
 272	6  10   7 
 272	2   4   8 
 274	1   8 
 274	1   4 
 275	2   0   8 
 277	2   4   0 
 279	1   0 
 279	2   8   4 
 280	1   0 
 281	6   9   4 
 287	1   9 
 281	1   8 
 281	1   0 
 288	2   8   9 
 287	6   1   0 
 290	2  12   8 
 292	1   8 
 292	2   9  12 
 294	1  12 
 294	2   9   8 
 296	1   9 
 296	1   8 
 297	2  12   8 
 299	2   9  12 
 301	2   8   9 
 301	1  12 
 303	1   8 
 302	1  12 
 303	1  12 
 303	1   9 
 304	2   8   9 
 306	2   4   8 
 308	2   9   4 
 310	1   4 
 308	1   8 
 310	2   9   8 
 312	1   8 
 312	1   9 
 313	2   4   8 
 315	2   9   4 
 317	1   4 
 318	1   4 
 319	1   4 
 317	2   8   9 
 319	1   9 
 319	1   8 
 320	2   8   9 
 322	2  10   8 
 324	6   4   1 
 324	1   8 
 324	2   9  10 
 330	2   9   8 
 326	1  10 
 332	1   8 
 332	1   9 
 330	6   6   1 
 336	2  10   8 
 338	2   9  10 
 340	1  10 
 341	1  10 
 340	2   8   9 
 342	6  11   3 
 342	1   9 
 342	1   8 
 348	1  10 
 343	2   0   8 
 345	2   4   0 
 347	2   8   4 
 349	2   9   5 
 349	1   4 
 347	1   0 
 351	6  10   6 
 351	2   8   0 
 353	1   0 
 354	2   4   0 
 353	1   8 
 356	2   8   4 
 358	2   0   8 
 360	1   4 
 360	1   0 
 361	1   4 
 362	1   4 
 360	1   8 
 361	1   0 
 362	2   0   1 
 364	2   2   0 
 366	6  11   7 
 366	1   1 
 367	2   2   1 
 366	1   0 
 369	1   2 
 369	1   1 
 370	2   0   1 
 372	2   2   0 
 374	2   1   2 
 376	1   2 
 374	1   0 
 375	1   0 
 376	1   0 
 376	1   1 
 377	1   1 
 378	2   1   9 
 380	1   9 
 380	2   5   1 
 382	1   1 
 382	2   5   9 
 384	1   9 
 384	1   5 
 385	2   1   9 
 387	2   5   1 
 389	1   1 
 390	1   1 
 389	2   9   5 
 391	2   1   2 
 391	1   9 
 391	1   5 
 393	2   9   5 
 395	2   0   1 
 397	2   2   0 
 399	1   1 
 399	1   0 
 400	2   2   1 
 402	1   2 
 402	1   1 
 403	2   0   1 
 405	2   2   0 
 407	1   0 
 408	1   0 
 409	2   0   8 
 411	2   4   0 
 413	2   8   4 
 413	1   0 
 413	2   1   2 
 415	1   2 
 415	2   8   0 
 417	1   8 
 417	1   1 
 417	1   0 
 417	1   4 
 418	2   4   0 
 420	2   1   2 
 420	2   8   4 
 422	2   0   8 
 424	1   0 
 425	1   0 
 424	1   4 
 425	1   4 
 426	1   4 
 424	1   8 
 426	2   0   1 
 428	2   2   0 
 430	1   1 
 430	1   0 
 431	2   2   1 
 433	1   1 
 433	1   2 
 434	2   0   1 
 436	2   2   0 
 438	2   1   2 
 440	1   2 
 438	1   0 
 439	1   0 
 440	1   0 
 440	1   1 
 441	1   1 
 442	2   1   9 
 444	1   9 
 444	2   5   1 
 446	2   5   9 
 448	1   5 
 446	1   1 
 448	1   9 
 449	2   1   9 
 451	2   5   1 
 453	2   9   5 
 455	1   5 
 455	1   9 
 453	1   1 
 454	1   1 
 455	2   1   2 
 457	2   0   1 
 459	2   2   0 
 461	1   0 
 461	1   1 
 462	2   2   1 
 464	1   2 
 464	1   1 
 465	2   0   1 
 467	6   2   1 
 473	6   6   3 
 473	2   1   0 
 475	1   0 
 476	1   0 
 479	2   2   1 
 481	1   1 
 482	2   0   8 
 481	1   2 
 482	2   6   2 
 484	2   3   6 
 486	2   2   3 
 486	1   6 
 488	2   2   6 
 490	1   2 
 490	1   6 
 488	1   3 
 484	6  12   8 
 490	6   9   8 
 491	2   3   6 
 493	2   2   3 
 495	1   3 
 495	2   6   2 
 497	1   2 
 497	1   6 
 496	1   3 
 498	2   6   2 
 497	1   3 
 496	6  12   8 
 500	2   7   6 
 502	6  12   4 
 502	1   6 
 502	2   2   7 
 504	2   2   6 
 506	1   6 
 504	1   7 
 507	2   7   6 
 506	1   2 
 509	2   2   7 
 511	1   7 
 512	1   7 
 513	1   7 
 511	2   6   2 
 513	1   2 
 513	1   6 
 514	2   5   6 
 516	6   6   4 
 522	2   9   5 
 524	2   4   9 
 524	2   1   2 
 526	1   9 
 524	1   5 
 526	2   4   5 
 528	1   5 
 529	2   9   5 
 528	1   4 
 531	2   4   9 
 533	1   9 
 534	1   9 
 535	1   9 
 533	2   5   4 
 535	1   5 
 536	1   5 
 537	2   5   0 
 535	1   4 
 539	1   0 
 539	2   8   5 
 541	2   8   0 
 543	1   0 
 543	1   8 
 541	1   5 
 544	2   5   0 
 546	2   8   5 
 548	1   5 
 549	1   5 
 550	1   5 
 548	2   0   8 
 550	1   8 
 550	1   0 
 551	1   0 
 552	2   0   1 
 554	2   2   0 
 556	1   0 
 556	1   1 
 557	2   2   1 
 559	1   2 
 559	1   1 
 560	2   0   1 
 562	2   2   0 
 564	2   1   2 
 566	1   2 
 564	1   0 
 565	1   0 
 566	2   0   8 
 568	2   5   0 
 570	2   8   5 
 572	1   5 
 570	1   0 
 572	2   8   0 
 574	1   0 
 575	2   5   0 
 574	1   8 
 574	1   1 
 577	2   8   5 
 579	1   5 
 580	1   5 
 579	2   0   8 
 581	1   8 
 581	1   0 
 581	2   5   4 
 583	2   9   5 
 585	1   5 
 585	2   1   2 
 585	2   4   9 
 587	1   9 
 587	2   4   5 
 589	1   4 
 589	1   5 
 590	2   9   5 
 592	2   4   9 
 594	1   9 
 595	1   9 
 594	2   5   4 
 596	1   5 
 597	1   5 
 596	2   0   8 
 598	1   4 
 598	1   9 
 598	2   5   0 
 600	2   8   5 
 602	1   5 
 600	1   0 
 602	2   8   0 
 604	1   8 
 604	1   0 
 605	2   5   0 
 607	2   8   5 
 609	2   0   8 
 609	1   5 
 611	1   0 
 610	1   5 
 611	1   8 
 611	1   5 
 612	1   0 
 613	2   0   1 
 615	1   1 
 616	2   2   0 
 618	2   2   1 
 620	1   2 
 620	1   1 
 618	1   0 
 621	2   0   1 
 623	2   2   0 
 625	1   0 
 625	2   1   2 
 626	1   0 
 627	2   0   8 
 629	1   1 
 629	2   5   0 
 627	1   2 
 631	2   8   5 
 633	1   5 
 631	1   0 
 633	2   8   0 
 635	1   8 
 635	1   0 
 633	2   2   6 
 636	2   5   0 
 638	2   8   5 
 640	1   5 
 641	1   5 
 642	2   5   4 
 644	2   9   5 
 646	1   5 
 646	2   4   9 
 648	2   4   5 
 650	2   0   8 
 650	1   5 
 652	6   6   4 
 658	1   6 
 652	1   9 
 658	1   0 
 658	1   8 
 659	1   8 
 658	2   9   5 
 660	2   6   9 
 660	2   0   1 
 662	1   9 
 663	1   9 
 662	2   5   6 
 664	1   5 
 664	1   9 
 664	1   6 
 665	1   5 
 664	6   4   1 
 670	2   5   0 
 672	2   4   5 
 674	1   5 
 672	1   0 
 674	2   4   0 
 676	1   0 
 676	1   4 
 677	2   5   0 
 679	2   4   5 
 681	1   5 
 682	1   5 
 683	1   5 
 681	2   0   4 
 683	1   4 
 683	1   0 
 684	1   0 
 685	2   0   2 
 687	2   1   0 
 687	1   2 
 689	2   1   2 
 689	1   0 
 691	1   1 
 691	1   2 
 692	2   0   2 
 694	2   1   0 
 696	2   2   1 
 696	1   0 
 698	1   1 
 697	1   0 
 698	2   0   4 
 698	1   2 
 700	2   5   0 
 702	2   4   5 
 702	1   0 
 704	2   4   0 
 706	1   4 
 706	2   2   1 
 706	1   0 
 704	1   5 
 708	2   5   0 
 710	2   4   5 
 712	2   0   4 
 714	1   4 
 714	1   0 
 712	1   5 
 713	1   5 
 714	2   5   6 
 716	2   9   5 
 718	1   5 
 718	2   6   9 
 720	1   9 
 718	2   0   4 
 720	2   6   5 
 722	1   6 
 722	1   5 
 723	2   9   5 
 725	2   6   9 
 727	2   5   6 
 727	1   9 
 728	1   9 
 729	1   9 
 729	1   5 
 730	1   5 
 731	2   5   0 
 733	2   4   5 
 729	1   6 
 735	1   5 
 733	1   0 
 735	2   4   0 
 737	1   4 
 737	1   0 
 738	2   5   0 
 740	2   4   5 
 742	2   0   4 
 744	1   0 
 742	1   5 
 743	1   5 
 744	1   4 
 745	1   0 
 746	2   0   2 
 744	1   5 
 748	2   1   0 
 750	1   0 
 748	1   2 
 750	2   1   2 
 752	1   1 
 752	1   2 
 753	2   0   2 
 755	2   1   0 
 757	1   0 
 757	2   2   1 
 759	1   1 
 759	1   2 
 758	1   0 
 759	2   0   4 
 761	2   5   0 
 763	6   5   0 
 769	2   4   0 
 769	1   5 
 769	6  10   6 
 771	1   0 
 771	6  12   8 
 777	2   4   5 
 779	1   5 
 779	1   4 
 780	2   0   5 
 782	2   4   0 
 784	2   5   4 
 786	1   4 
 784	1   0 
 786	1   5 
 785	1   0 
 787	2   4   5 
 789	2   9   4 
 791	1   4 
 791	2   5   9 
 793	1   9 
 793	2   5   4 
 795	1   5 
 795	1   4 
 796	2   9   4 
 798	2   5   9 
 800	2   4   5 
 802	1   5 
 800	1   9 
 802	1   4 
 801	1   9 
 803	2   4   5 
 805	2   6   4 
 802	1   9 
 807	2   5   6 
 809	1   6 
 807	1   4 
 809	2   5   4 
 811	6   9   1 
 811	1   4 
 817	1   5 
 817	6   9   4 
 817	6  11   3 
 823	2   6   9 
 825	2   5   6 
 827	2   9   5 
 827	1   6 
 828	1   6 
 829	1   6 
 829	1   9 
 830	2   4   9 
 829	1   5 
 832	2   8   4 
 827	6   3   2 
 833	6   2   1 
 834	1   4 
 834	2   9   8 
 836	1   8 
 836	2   9   4 
 838	1   4 
 838	1   9 
 839	2   8   4 
 841	2   9   8 
 843	1   8 
 844	1   8 
 845	1   8 
 843	2   4   9 
 845	1   9 
 845	1   4 
 846	1   4 
 845	2   5   0 
 847	2   4   5 
 849	1   5 
 849	2   0   4 
 851	2   0   5 
 851	1   4 
 853	1   5 
 853	1   0 
 854	2   4   5 
 856	2   0   4 
 858	1   4 
 858	2   5   0 
 860	1   0 
 860	1   5 
 859	1   4 
 860	2   4   9 
 862	2   8   4 
 864	1   4 
 864	2   9   8 
 866	1   8 
 866	2   9   4 
 868	1   9 
 868	1   4 
 868	2   5   0 
 870	2   8   4 
 872	2   9   8 
 874	1   8 
 875	1   8 
 874	2   4   9 
 876	6   9   8 
 876	1   4 
 882	1   9 
 882	1   8 
 877	1   4 
 882	2   4   5 
 884	2   0   4 
 886	1   4 
 884	1   5 
 886	2   0   5 
 888	1   5 
 889	2   4   5 
 888	1   0 
 891	2   0   4 
 893	2   5   0 
 895	1   5 
 893	1   4 
 894	1   4 
 895	1   0 
 895	6   9   4 
 901	2   9  12 
 901	2   1   0 
 903	2   4   1 
 839	6   7   3 
 903	6  10   9 
 905	2   0   4 
 907	1   4 
 905	1   1 
 907	2   0   1 
 909	1   0 
 909	1   1 
 910	2   4   1 
 912	2   0   4 
 914	2   1   0 
 916	1   1 
 914	1   4 
 915	1   4 
 916	1   0 
 916	1   4 
 917	2   1   0 
 919	2   2   1 
 921	1   1 
 922	2   0   2 
 924	1   2 
 924	2   0   1 
 926	1   0 
 926	1   1 
 927	2   2   1 
 929	2   0   2 
 931	2   1   0 
 933	1   1 
 931	1   2 
 932	1   2 
 933	1   2 
 934	2   1   5 
 933	1   0 
 936	2   0   8 
 938	2   4   0 
 940	1   0 
 940	2   8   4 
 942	2   8   0 
 944	1   0 
 944	1   4 
 944	1   8 
 945	2   4   0 
 947	2   8   4 
 949	2   0   8 
 951	1   4 
 951	1   8 
 952	1   4 
 953	1   4 
 951	1   0 
 952	1   0 
 953	2   0   1 
 955	2   5   0 
 957	1   0 
 955	1   1 
 957	2   5   1 
 959	1   1 
 960	2   0   1 
 959	1   5 
 962	2   5   0 
 964	1   0 
 964	2   1   5 
 966	1   5 
 966	1   1 
 967	2   1   5 
 965	1   0 
 969	2   0   8 
 971	2   4   0 
 973	1   0 
 973	2   8   4 
 975	1   4 
 976	2   8   0 
 978	1   0 
 978	1   8 
 979	2   4   0 
 981	2   8   4 
 983	6   9   4 
 989	2   0   8 
 991	1   0 
 991	1   9 
 991	1   8 
 992	1   0 
 992	1   9 
 991	6   4   1 
 993	1   9 
 989	6  10   6 
 997	2   0   4 
 999	1   4 
 999	2   5   0 
1001	1   0 
1001	2   5   4 
1003	1   4 
1003	1   5 
1004	2   0   4 
1006	2   5   0 
1008	1   0 
1009	1   0 
1010	2   0   1 
1012	2   2   0 
1014	2   4   5 
1014	1   0 
1016	6   6   5 
1016	1   4 
1022	2   1   2 
1017	1   4 
1024	1   2 
1022	1   6 
1024	2   7   6 
1024	2   1   0 
1026	1   1 
1026	1   0 
1027	2   2   0 
1029	2   1   2 
1031	1   2 
1032	1   2 
1031	2   0   1 
1016	6  12   8 
1033	1   2 
1033	1   0 
1033	1   1 
1022	6  13  12 
1029	6  10   7 
1034	1   0 
1035	6   7   3 
1035	2   0   5 
1037	1   5 
1037	2   8   0 
1039	2   8   5 
1041	1   8 
1041	1   5 
1039	1   0 
1042	2   0   5 
1044	2   8   0 
1046	1   0 
1047	1   0 
1048	1   0 
1046	2   5   8 
1048	1   8 
1048	1   5 
1049	1   5 
1050	2   5  10 
1052	1  10 
1052	2   6   5 
1054	1   5 
1054	2   6  10 
1056	1   6 
1056	1  10 
1057	2   5  10 
1059	2   6   5 
1061	2  10   6 
1063	1  10 
1061	1   5 
1062	1   5 
1063	2   5   8 
1063	1   6 
1065	2   0   5 
1067	2   8   0 
1067	1   5 
1069	1   0 
1069	2   8   5 
1071	1   5 
1072	2   0   5 
1071	1   8 
1074	2  10   6 
1074	2   8   0 
1076	2   5   8 
1078	1   8 
1078	1   5 
1076	1   0 
1077	1   0 
1078	2   0   1 
1080	2   2   0 
1082	1   0 
1082	2   1   2 
1084	1   2 
1084	2   1   0 
1086	1   0 
1086	1   1 
1087	2   2   0 
1089	2   5   8 
1091	2   1   2 
1093	1   2 
1094	1   2 
1093	2   0   1 
1095	1   1 
1095	1   0 
1096	1   0 
1097	2   0   5 
1099	2   8   0 
1095	1   2 
1099	1   5 
1101	1   0 
1101	2   8   5 
1096	6   3   2 
1103	1   8 
1103	1   5 
1104	2   0   5 
1106	2   8   0 
1108	1   0 
1109	1   0 
1110	1   0 
1108	2   5   8 
1110	1   5 
1111	1   5 
1110	1   8 
1112	2   5  10 
1114	1  10 
1114	2   6   5 
1116	1   5 
1116	2   6  10 
1118	1  10 
1118	1   6 
1119	2   5  10 
1121	2   6   5 
1123	1   5 
1124	1   5 
1125	2   5   8 
1127	2   0   5 
1129	1   5 
1129	2   8   0 
1131	1   0 
1131	2   8   5 
1133	1   5 
1134	2   0   5 
1133	1   8 
1136	2  10   6 
1138	1  10 
1138	1   6 
1136	2   8   0 
1138	2   5   8 
1138	1   0 
1139	1   0 
1140	1   5 
1140	1   8 
1140	2   0   1 
1142	2   2   0 
1140	6  10   9 
1144	2   1   2 
1146	1   2 
1144	1   0 
1146	2   1   0 
1148	1   1 
1148	1   0 
1146	2   8   9 
1149	2   2   0 
1151	2   1   2 
1153	1   2 
1154	1   2 
1155	1   2 
1153	2   0   1 
1155	1   1 
1155	1   0 
1156	1   0 
1157	2   0   8 
1159	6   9   4 
1165	2   4   0 
1167	1   0 
1159	1   8 
1167	2   4   8 
1165	6  10   6 
1169	1   8 
1169	1   4 
1170	2   0   8 
1172	2   4   0 
1174	1   0 
1175	1   0 
1174	2   8   4 
1176	1   8 
1176	1   4 
1176	2   0   1 
1178	2   2   0 
1180	2   8   4 
1180	1   0 
1180	2   1   2 
1182	1   2 
1182	2   1   0 
1184	1   0 
1184	1   1 
1185	2   2   0 
1187	2   1   2 
1189	1   2 
1189	2   0   1 
1190	1   2 
1191	6   6   2 
1191	1   0 
1197	1   6 
1191	1   1 
1192	1   0 
1193	2   0   8 
1195	1   8 
1195	2   4   0 
1197	1   0 
1197	2   4   8 
1199	6  10   5 
1199	1   8 
1199	1   4 
1205	2   0   8 
1207	2  10  13 
1207	2   4   0 
1209	6   8   4 
1209	1   0 
1210	1   0 
1215	2   0   1 
1217	2   2   0 
1219	1   0 
1219	2   1   2 
1221	1   2 
1219	2   4   8 
1221	2   1   0 
1223	1   1 
1221	1   8 
1221	1   4 
1223	1   0 
1223	2   5   4 
1225	2   9   8 
1225	2   2   0 
1227	6  10   8 
1227	2   1   2 
1229	1   2 
1230	1   2 
1229	2   0   1 
1231	1   1 
1231	1   2 
1231	1   0 
1232	1   0 
1233	2   0   5 
1235	2   4   0 
1237	1   0 
1235	1   5 
1237	2   4   5 
1239	1   4 
1239	1   5 
1240	2   0   5 
1242	2   4   0 
1244	2   5   4 
1246	1   5 
1246	1   4 
1244	1   0 
1245	1   0 
1246	1   0 
1247	1   5 
1248	2   5   8 
1250	1   8 
1250	2  13   5 
1252	1   5 
1252	2  13   8 
1254	1   8 
1255	2   5   8 
1254	1  13 
1257	2  13   5 
1259	2   8  13 
1261	1  13 
1259	1   5 
1260	1   5 
1261	1   5 
1261	1   8 
1262	1   8 
1263	2   8   9 
1265	1   9 
1266	2  10   8 
1268	2  10   9 
1268	1   8 
1270	1  10 
1270	1   9 
1271	2   8   9 
1273	2  10   8 
1275	1   8 
1276	1   8 
1275	2   9  10 
1277	1   9 
1277	1  10 
1277	2   8  13 
1279	2   5   8 
1281	2  13   5 
1283	1   5 
1281	1   8 
1283	2  13   8 
1285	1  13 
1285	1   8 
1286	2   5   8 
1288	2  13   5 
1290	2   8  13 
1292	1  13 
1292	1   8 
1290	1   5 
1291	1   5 
1292	2   5   4 
1294	2   0   5 
1296	1   5 
1296	2   9  10 
1296	2   4   0 
1298	2   4   5 
1300	1   4 
1300	1   5 
1298	1   0 
1301	2   0   5 
1303	2   4   0 
1305	2   5   4 
1305	1   0 
1307	1   5 
1306	1   0 
1307	1   4 
1307	2   8  13 
1307	2   0   1 
1309	2   2   0 
1311	1   0 
1311	2   1   2 
1313	1   2 
1313	2   1   0 
1315	1   0 
1315	1   1 
1316	2   2   0 
1318	2   1   2 
1320	2   0   1 
1322	1   1 
1320	1   2 
1322	2   5   4 
1321	1   2 
1322	1   0 
1322	1   2 
1323	1   0 
1324	2   0   5 
1326	1   5 
1326	2   4   0 
1328	2   4   5 
1328	1   0 
1330	1   4 
1330	1   5 
1331	2   0   5 
1333	2   4   0 
1335	1   0 
1335	2   5   4 
1336	1   0 
1337	1   5 
1337	1   4 
1338	1   5 
1339	2   5   8 
1337	1   0 
1341	1   8 
1341	2  13   5 
1343	1   5 
1343	2  13   8 
1345	1  13 
1345	1   8 
1346	2   5   8 
1348	2  13   5 
1350	1   5 
1351	1   5 
1352	1   5 
1350	2   8  13 
1352	1  13 
1352	1   8 
1353	1   8 
1354	2   8   9 
1356	2  10   8 
1358	1   8 
1358	1   9 
1359	2  10   9 
1361	1  10 
1361	1   9 
1362	2   8   9 
1364	2  10   8 
1366	1   8 
1366	2   9  10 
1368	1   9 
1367	1   8 
1368	1  10 
1368	2   8  13 
1370	2   5   8 
1372	2  13   5 
1372	1   8 
1374	2  13   8 
1376	1  13 
1376	1   8 
1374	1   5 
1377	2   5   8 
1379	2  13   5 
1381	1   5 
1382	1   5 
1381	2   8  13 
1383	1  13 
1383	1   8 
1383	2   5   4 
1385	2   0   5 
1387	1   5 
1387	2   4   0 
1387	2  13   9 
1389	2   4   5 
1391	1   5 
1389	1   0 
1391	1   4 
1392	2   0   5 
1394	2   4   0 
1396	2   5   4 
1398	1   5 
1396	1   0 
1397	1   0 
1398	2   0   1 
1398	1   4 
1400	2   2   0 
1402	2   8   4 
1402	2   1   2 
1404	1   2 
1402	1   0 
1404	2   1   0 
1406	1   1 
1406	1   0 
1407	2   2   0 
1409	2   1   2 
1411	1   2 
1411	2   0   1 
1413	1   1 
1412	1   2 
1413	1   2 
1413	1   0 
1413	2  10   5 
1414	1   0 
1415	2   0   8 
1417	2   4   0 
1419	1   0 
1417	1   8 
1419	2   4   8 
1421	1   4 
1421	1   8 
1422	2   0   8 
1424	2   4   0 
1426	2   8   4 
1428	1   8 
1428	1   4 
1426	1   0 
1429	1   8 
1427	1   0 
1430	2   8  13 
1432	2   9   8 
1432	1  13 
1428	1   0 
1434	1   8 
1434	2   9  13 
1436	1  13 
1436	1   9 
1437	2   8  13 
1439	2   9   8 
1441	2  13   9 
1443	1  13 
1441	1   8 
1444	1  13 
1445	2  13  10 
1447	2   5  13 
1447	1  10 
1442	1   8 
1443	1   8 
1449	1   9 
1449	1  13 
1449	2   5  10 
1451	1   5 
1451	1  10 
1452	2  13  10 
1454	2   5  13 
1456	1  13 
1456	2  10   5 
1457	1  13 
1458	1   5 
1458	1  10 
1458	2  13   9 
1460	2   8  13 
1462	1  13 
1462	2   9   8 
1464	2   9  13 
1466	1   9 
1464	1   8 
1466	1  13 
1466	2  10   5 
1468	2   8  13 
1470	2   9   8 
1472	2  13   9 
1474	1   9 
1474	1  13 
1472	1   8 
1473	1   8 
1474	2   8   4 
1476	2   0   8 
1478	2   4   0 
1478	2  13   9 
1480	1   0 
1478	1   8 
1480	2   4   8 
1482	1   8 
1482	1   4 
1483	2   0   8 
1485	2   4   0 
1487	1   0 
1488	1   0 
1487	2   8   4 
1489	1   4 
1489	1   8 
1489	2   0   1 
1491	2   2   0 
1493	2   1   2 
1495	1   2 
1493	1   0 
1493	2   8   4 
1495	2   1   0 
1497	1   1 
1497	1   0 
1498	2   2   0 
1500	2   1   2 
1502	2   0   1 
1502	1   2 
1504	1   1 
1503	1   2 
1504	1   2 
1504	1   0 
1505	1   0 
1506	2   0   8 
1508	1   8 
1508	2   4   0 
1510	1   0 
1510	2   4   8 
1512	1   8 
1512	1   4 
1513	2   0   8 
1515	2   4   0 
1517	2   8   4 
1519	1   4 
1517	1   0 
1519	1   8 
1518	1   0 
1519	1   0 
1520	1   8 
1521	2   8  13 
1523	1  13 
1523	2   9   8 
1525	1   8 
1525	2   9  13 
1527	1   9 
1527	1  13 
1528	2   8  13 
1530	2   9   8 
1532	1   8 
1533	1   8 
1534	1   8 
1532	2  13   9 
1534	1  13 
1534	1   9 
1535	1  13 
1536	2  13  10 
1538	2   5  13 
1540	1  13 
1538	1  10 
1540	2   5  10 
1542	1   5 
1542	1  10 
1543	2  13  10 
1545	2   5  13 
1547	1  13 
1548	1  13 
1547	2  10   5 
1549	1   5 
1549	1  10 
1549	2  13   9 
1551	2   5   1 
1551	2   8  13 
1553	2   9   8 
1555	1   8 
1553	1  13 
1555	2   9  13 
1557	1   9 
1557	1  13 
1558	2   8  13 
1560	2   9   8 
1562	2   2   5 
1564	1   5 
1562	1   8 
1564	2   1   2 
1563	1   8 
1566	1   2 
1564	2  13   9 
1566	1  13 
1566	1   9 
1566	2   8   4 
1568	2   0   8 
1566	6  10   6 
1570	2   4   0 
1572	2   1   5 
1572	1   0 
1574	1   1 
1570	1   8 
1574	2   4   8 
1574	1   5 
1572	6  13  10 
1578	2   2   5 
1580	2   1   2 
1580	2   9  10 
1576	1   8 
1582	1   2 
1576	1   4 
1582	2   5   1 
1584	1   5 
1583	1   2 
1585	1   5 
1584	2   0   8 
1586	1   1 
1586	2   5   9 
1584	1   2 
1588	1   9 
1588	2  10   5 
1590	2   4   0 
1590	2  10   9 
1592	2   8   4 
1594	1   4 
1592	1  10 
1594	1   8 
1592	1   9 
1590	1   5 
1594	2   5   9 
1596	2  10   5 
1592	1   0 
1598	1   5 
1593	1   0 
1599	1   5 
1594	1   0 
1598	2   9  10 
1600	2   4   6 
1602	1  10 
1600	1   9 
1601	1   9 
1602	2   9   4 
1604	2   8   0 
1606	1   4 
1606	2   6   9 
1602	1   5 
1608	2   6   4 
1610	1   6 
1610	1   4 
1608	1   9 
1611	2   9   4 
1613	2   6   9 
1615	2   4   6 
1617	1   6 
1617	1   4 
1618	1   4 
1619	2   4   8 
1621	1   8 
1615	1   9 
1621	2   0   4 
1623	2   0   8 
1625	1   0 
1625	1   4 
1625	1   8 
1625	1   9 
1626	2   4   8 
1628	2   0   4 
1630	1   4 
1631	2   8   0 
1633	1   9 
1633	1   4 
1633	1   8 
1634	2   4   6 
1636	1   0 
1636	2   9   4 
1638	1   4 
1638	2   6   9 
1640	1   9 
1640	2   6   4 
1642	1   6 
1642	1   4 
1643	2   9   4 
1645	2   6   9 
1647	2   4   6 
1647	1   9 
1648	1   9 
1649	1   4 
1649	2   9  10 
1651	2   5   9 
1649	1   6 
1653	2  10   5 
1655	1   5 
1653	1   9 
1655	2  10   9 
1657	2   4   6 
1659	1  10 
1657	1   9 
1659	2   5   9 
1661	2  10   5 
1663	2   9  10 
1665	1  10 
1663	1   5 
1664	1   5 
1665	2   5   1 
1667	2   2   5 
1665	1   9 
1669	1   5 
1669	2   9  10 
1669	2   1   2 
1671	1   2 
1671	2   1   5 
1673	1   1 
1673	1   5 
1674	2   2   5 
1676	2   1   2 
1678	1   2 
1679	1   2 
1678	2   5   1 
1680	2   8   0 
1680	1   2 
1682	1   1 
1680	1   5 
1681	1   5 
1682	2   5   9 
1684	1   9 
1684	2  10   5 
1686	1   5 
1686	2  10   9 
1688	1   9 
1689	2   5   9 
1688	1  10 
1691	2  10   5 
1693	1   5 
1694	1   5 
1693	2   9  10 
1695	1   9 
1696	1   9 
1695	1  10 
1697	2   9   4 
1699	1   4 
1695	1   5 
1699	2   6   9 
1701	1   9 
1701	2   6   4 
1703	1   6 
1703	1   4 
1704	2   9   4 
1706	2   6   9 
1708	6   8   0 
1714	2   4   6 
1716	1   6 
1716	1   4 
1717	1   4 
1714	1   9 
1715	1   9 
1716	1   9 
1718	2   4   0 
1720	2   8   4 
1720	1   0 
1722	2   8   0 
1724	1   0 
1724	1   8 
1724	1   4 
1716	6  11   3 
1722	6  14  11 
1725	2   4   0 
1727	2   8   4 
1728	6  14  13 
1729	1   4 
1730	1   4 
1731	2   4   6 
1734	2   9   4 
1736	2   6   9 
1736	1   4 
1738	2   6   4 
1740	1   4 
1738	1   9 
1740	1   6 
1741	2   0   8 
1743	2   9   4 
1743	1   0 
1745	2   0   1 
1745	2   6   9 
1747	1   9 
1748	1   9 
1743	1   8 
1747	2   4   6 
1749	1   4 
1749	2   9  10 
1751	2   5   9 
1753	1   9 
1753	2  10   5 
1749	1   6 
1755	1   5 
1755	2   2   0 
1757	2   1   2 
1757	1   0 
1755	2  10   9 
1757	1   9 
1759	1   2 
1757	1  10 
1759	2   5   9 
1761	2  10   5 
1763	2   1   0 
1765	1   0 
1765	1   1 
1766	2   2   0 
1763	2   9  10 
1768	2   1   2 
1770	2   0   1 
1770	1   2 
1772	1   0 
1771	1   2 
1765	1  10 
1773	1   0 
1772	1   1 
1772	1   2 
1765	1   9 
1766	2   9   8 
1770	2  10   6 
1772	2  13   9 
1774	1   9 
1774	2   8  13 
1763	1   5 
1776	2   8   9 
1776	1  13 
1764	1   5 
1778	1   9 
1779	2  13   9 
1778	1   8 
1781	2   8  13 
1783	2   9   8 
1783	1  13 
1785	1   8 
1784	1  13 
1785	1  13 
1785	1   9 
1774	6   1   0 
1786	2   9   4 
1788	6  13   5 
1794	2   1   9 
1796	1   9 
1796	2   4   1 
1798	1   1 
1798	2   4   9 
1800	1   4 
1800	1   9 
1801	2   1   9 
1803	2   4   1 
1805	2   9   4 
1807	1   9 
1807	2  13   8 
1807	1   4 
1805	1   1 
1806	1   1 
1807	1   1 
1808	1   9 
1809	2   9  10 
1811	1  10 
1811	2   6   9 
1813	1   9 
1813	2   6  10 
1815	1   6 
1815	1  10 
1816	2   9  10 
1818	2   6   9 
1820	1   9 
1821	1   9 
1822	1   9 
1820	2  10   6 
1822	1   6 
1822	1  10 
1823	1  10 
1824	2  10  13 
1826	1  13 
1826	2   8  10 
1828	1  10 
1828	2   8  13 
1830	1   8 
1830	1  13 
1831	2  10  13 
1833	2   8  10 
1835	1  10 
1835	2  13   8 
1837	1   8 
1836	1  10 
1837	2  10   6 
1839	2   9  10 
1841	1  10 
1837	1  13 
1841	2   6   9 
1843	1   9 
1843	2   6  10 
1845	1  10 
1846	2   9  10 
1845	1   6 
1848	2   6   9 
1850	1   9 
1850	2  10   6 
1852	1  10 
1850	2  13   8 
1852	1   6 
1851	1   9 
1852	2   9   4 
1854	2   1   9 
1856	2   4   1 
1856	1   9 
1858	1   1 
1858	2   4   9 
1860	1   4 
1860	1   9 
1861	2   1   9 
1863	2   4   1 
1863	2  10   6 
1865	2   9   4 
1865	1   1 
1867	1   9 
1867	1   4 
1866	1   1 
1867	2   1   0 
1869	2   9   4 
1869	2   2   1 
1871	1   1 
1872	2   0   2 
1874	2   0   1 
1876	1   1 
1874	1   2 
1877	2   2   1 
1876	1   0 
1879	2   0   2 
1881	2   1   0 
1881	1   2 
1882	1   2 
1883	1   2 
1883	1   0 
1883	1   1 
1884	1   1 
1885	2   1   9 
1887	1   9 
1887	2   4   1 
1889	2   4   9 
1891	1   4 
1891	1   9 
1889	1   1 
1892	2   1   9 
1894	2   4   1 
1896	1   1 
1896	2   9   4 
1898	1   9 
1898	1   4 
1897	1   1 
1899	1   9 
1900	2   9  10 
1902	1  10 
1902	2   6   9 
1898	1   1 
1904	1   9 
1904	2   6  10 
1906	1  10 
1907	2   9  10 
1906	1   6 
1909	2   6   9 
1911	1   9 
1912	1   9 
1913	1   9 
1911	2  10   6 
1913	1   6 
1913	1  10 
1914	1  10 
1915	2  10  13 
1917	1  13 
1917	2   8  10 
1919	1  10 
1919	2   8  13 
1921	1  13 
1921	1   8 
1922	2  10  13 
1924	2   8  10 
1926	1  10 
1927	1  10 
1928	2  10   6 
1926	2  13   8 
1930	2   9  10 
1932	1  10 
1932	2   6   9 
1934	2   6  10 
1928	1   8 
1934	2   8   0 
1936	2   5   8 
1936	1   6 
1936	1   9 
1938	2   0   5 
1938	1   8 
1940	1   5 
1936	1  10 
1928	1  13 
1940	2   9  10 
1942	2   6   9 
1944	2  10   6 
1944	2   0   8 
1946	6   6   4 
1952	1   4 
1952	1   0 
1946	1   9 
1952	1   8 
1947	1   9 
1952	1  10 
1952	2   9   6 
1954	2   5   8 
1956	2   1   9 
1958	2   6   1 
1958	1   9 
1960	6   5   1 
1966	1   5 
1966	2   0   1 
1966	2   6   9 
1968	1   6 
1968	1   1 
1969	1   1 
1968	1   9 
1969	2   5   9 
1971	2   6   5 
1970	1   1 
1973	6   8   5 
1979	1   8 
1980	1   8 
1979	2   5   0 
1971	6  14  13 
1981	1   5 
1981	1   8 
1981	1   0 
1982	2   4   8 
1982	1   5 
1984	2   5   4 
1981	6  13  10 
1987	2   8   5 
1989	1   5 
1986	1   4 
1989	2   8   4 
1989	6  10   2 
1991	1   8 
1991	1   4 
1995	2   5   4 
1997	2   8   5 
1999	2   4   8 
1999	1   5 
2001	1   8 
2001	1   4 
2000	1   5 
2001	2   5   0 
2003	2   1   5 
2005	2   4   8 
2007	2   0   1 
2005	1   5 
2009	1   1 
2009	2   0   5 
2011	1   5 
2012	2   1   5 
2014	2   9   6 
2011	1   0 
2014	2   0   1 
2016	6  14  12 
2016	1   6 
2016	1   1 
2017	1   1 
2018	1   1 
2016	1   9 
2016	2   5   0 
2018	1   5 
2018	1   0 
2019	1   5 
2020	2   5   4 
2022	2   9  13 
2024	2   8   5 
2022	1   4 
2026	1   5 
2026	2   8   4 
2028	1   8 
2028	1   4 
2028	6   9   6 
2034	6  11   3 
2034	2   5   4 
2036	2   8   5 
2038	1   5 
2039	1   5 
2040	2   5   0 
2040	6  11  10 
2042	2   2   5 
2044	2   0   2 
2046	1   2 
2044	1   5 
2046	2   0   5 
2048	1   0 
2048	2   4   8 
2050	1   4 
2050	1   8 
2048	1   5 
2050	2   2   5 
2052	2   0   2 
2054	1   2 
2054	2   5   0 
2056	1   0 
2056	1   5 
2056	2   4   8 
2055	1   2 
2057	1   5 
2056	1   2 
2058	2   5   4 
2060	1   4 
2060	2   8   5 
2062	1   5 
2062	2   8   4 
2064	1   4 
2064	1   8 
2065	2   5   4 
2067	2   8   5 
2069	1   5 
2070	1   5 
2069	2   4   8 
2071	1   4 
2071	2   5   0 
2071	1   8 
2073	2   4   8 
2075	2   2   5 
2077	2   0   2 
2077	1   5 
2079	1   2 
2079	2   0   5 
2081	1   0 
2081	1   5 
2082	2   2   5 
2084	2   0   2 
2086	1   2 
2087	1   2 
2088	1   2 
2086	2   5   0 
2088	1   0 
2088	1   5 
2089	1   5 
2090	2   5   4 
2092	1   4 
2092	2   8   5 
2094	1   5 
2094	2   8   4 
2096	1   4 
2097	2   5   4 
2096	1   8 
2099	2   8   5 
2101	6   5   0 
2101	6  13  12 
2107	1   0 
2108	1   0 
2107	2  13   5 
2046	6  15  11 
2109	6   6   5 
2109	2  15  13 
2115	2   4   8 
2111	1  13 
2111	6  15  11 
2117	6  13   5 
2117	1   8 
2117	6  11   7 
2123	2   9   8 
2125	2  10   9 
2127	2   8  10 
2129	1   4 
2129	1   9 
2129	1  10 
2129	2   6   7 
2131	1   7 
2130	2   8   9 
2132	2   6   5 
2134	1   6 
2134	2   4   0 
2132	1   9 
2134	2  10   9 
2132	1   8 
2134	1   5 
2136	2   7   5 
2138	2   8  10 
2140	2   6   7 
2140	2   9   8 
2140	1  10 
2142	2   5   6 
2142	1   8 
2144	1   6 
2142	1   7 
2142	1   9 
2143	1   7 
2143	1   9 
2144	1   5 
2144	1   7 
2145	1   5 
2144	2   8   9 
2146	2   5   8 
2148	1   8 
2148	2   9   5 
2150	1   5 
2150	2   9   8 
2152	1   9 
2152	1   8 
2153	2   5   8 
2155	6  13   8 
2161	2   9   5 
2163	1   5 
2164	1   5 
2163	2  13   9 
2165	1   9 
2165	1  13 
2166	1  13 
2167	2  13   8 
2165	1   5 
2169	2  12  13 
2169	1   8 
2171	1  13 
2171	2  12   8 
2173	1  12 
2173	1   8 
2174	2  13   8 
2176	2  12  13 
2178	2   8  12 
2178	1  13 
2180	1  12 
2179	1  13 
2180	1  13 
2180	1   8 
2181	1   8 
2182	2   8   4 
2184	1   4 
2185	2   0   8 
2187	2   0   4 
2189	1   0 
2187	1   8 
2189	1   4 
2190	2   8   4 
2192	2   0   8 
2194	1   8 
2195	1   8 
2194	2   4   0 
2196	1   0 
2196	1   4 
2196	2   8  12 
2198	2  13   8 
2200	2   4   0 
2200	2  12  13 
2202	1  13 
2200	1   8 
2202	2  12   8 
2204	1   8 
2205	2  13   8 
2204	1  12 
2207	2  12  13 
2209	1  13 
2210	1  13 
2209	2   8  12 
2211	1   8 
2211	1  12 
2211	2  13   9 
2213	2   8  12 
2215	2   5  13 
2217	1  13 
2217	2   9   5 
2219	1   5 
2219	2   9  13 
2221	1  13 
2221	1   9 
2222	2   5  13 
2224	2   9   5 
2226	2  13   9 
2228	1   9 
2228	1  13 
2226	1   5 
2227	1   5 
2228	2   5   6 
2230	2   7   5 
2232	1   5 
2232	2   6   7 
2232	2  13   9 
2234	1   7 
2234	2   6   5 
2236	1   6 
2236	1   5 
2237	2   7   5 
2239	2   6   7 
2241	2   5   6 
2243	1   5 
2241	1   7 
2242	1   7 
2243	1   6 
2244	1   5 
2245	2   5  13 
2247	1  13 
2247	2   9   5 
2249	1   5 
2243	1   7 
2249	2   9  13 
2251	1   9 
2251	1  13 
2252	2   5  13 
2254	2   9   5 
2256	2  13   9 
2258	1   9 
2258	1  13 
2256	1   5 
2257	1   5 
2259	1  13 
2260	2  13   8 
2262	2  12  13 
2258	1   5 
2264	1  13 
2262	1   8 
2264	2  12   8 
2258	6  10   6 
2266	1   8 
2266	1  12 
2264	6   7   2 
2267	2  13   8 
2269	2  12  13 
2270	6   2   1 
2271	1  13 
2272	1  13 
2273	1  13 
2271	2   8  12 
2273	1  12 
2273	1   8 
2274	1   8 
2275	2   8   4 
2277	2   0   8 
2279	1   8 
2279	1   4 
2280	2   0   4 
2282	1   4 
2282	1   0 
2283	2   8   4 
2285	2   0   8 
2287	1   8 
2288	1   8 
2287	2   4   0 
2289	1   4 
2289	2   8  12 
2289	1   0 
2291	2  13   8 
2293	1   8 
2293	2  12  13 
2290	6   1   0 
2295	1  13 
2295	2  12   8 
2297	1  12 
2297	1   8 
2298	2  13   8 
2300	2  12  13 
2302	1  13 
2303	1  13 
2304	2  13   9 
2306	2   5  13 
2308	1  13 
2308	2   8  12 
2310	1   8 
2310	2   9   5 
2312	1   5 
2312	2   9  13 
2314	2   8  10 
2314	1  13 
2316	6  10   6 
2316	2   0   8 
2322	2   5  13 
2324	1   9 
2324	1  12 
2318	1   8 
2324	6   6   1 
2324	6   8   4 
2330	2  12   8 
2330	2   1   0 
2332	1   0 
2332	2   1   4 
2334	1   1 
2334	1   4 
2334	2   9   5 
2336	2   0   4 
2336	1   5 
2337	1   5 
2338	2   1   0 
2336	2  13   9 
2340	1   0 
2340	2   4   1 
2338	1   9 
2341	1   0 
2338	1  13 
2339	2   9  13 
2342	1   0 
2342	1   1 
2342	2   5   6 
2342	1   4 
2343	1   4 
2344	2   4  12 
2346	2   8   4 
2348	1   4 
2346	1  12 
2348	2   8  12 
2350	1   8 
2350	1  12 
2351	2   4  12 
2353	2   8   4 
2355	2  12   8 
2355	1   4 
2357	1  12 
2358	1  12 
2359	2  12   9 
2357	1   8 
2361	1   9 
2361	2  13  12 
2363	2  13   9 
2365	1   9 
2356	1   4 
2357	1   4 
2363	1  12 
2365	1  13 
2366	2  12   9 
2368	2  13  12 
2370	2   9  13 
2372	1  13 
2370	1  12 
2371	1  12 
2372	1   9 
2373	1   9 
2374	2   9   5 
2372	1  12 
2376	2   6   9 
2378	1   9 
2376	1   5 
2378	2   6   5 
2380	1   6 
2380	1   5 
2381	2   9   5 
2383	2   6   9 
2385	1   9 
2385	2   5   6 
2387	1   5 
2386	1   9 
2387	1   6 
2387	2   9  13 
2389	2  12   9 
2391	1   9 
2391	2   5   6 
2391	2  13  12 
2393	1  12 
2393	2  13   9 
2395	1  13 
2395	1   9 
2396	2  12   9 
2398	2  13  12 
2400	2   9  13 
2402	1  13 
2402	1   9 
2400	1  12 
2401	1  12 
2402	2  12   8 
2404	2   4  12 
2406	1  12 
2406	2   8   4 
2408	2   8  12 
2410	1  12 
2410	1   8 
2408	1   4 
2411	2   4  12 
2413	2   8   4 
2415	1   4 
2416	1   4 
2415	2  12   8 
2417	2   9  13 
2417	1  12 
2417	1   8 
2417	2   4   1 
2419	2   0   4 
2421	2  12   8 
2421	1   4 
2421	2   1   0 
2423	1   0 
2423	2   1   4 
2425	1   1 
2425	1   4 
2426	2   0   4 
2428	2   1   0 
2430	2   4   1 
2430	1   0 
2432	1   1 
2432	1   4 
2433	1   4 
2431	1   0 
2432	1   0 
2434	2   4  12 
2436	2   8   4 
2436	1  12 
2438	1   4 
2438	2   8  12 
2440	1  12 
2440	1   8 
2441	2   4  12 
2443	2   8   4 
2445	6   1   0 
2445	1   4 
2445	2  12   8 
2446	1   4 
2447	1   8 
2447	1   4 
2447	1  12 
2448	1  12 
2449	2  12   9 
2451	2  13  12 
2451	1   9 
2453	1  12 
2453	2  13   9 
2455	1  13 
2455	1   9 
2456	2  12   9 
2458	2  13  12 
2460	1  12 
2461	1  12 
2462	1  12 
2460	2   9  13 
2462	1  13 
2462	1   9 
2463	1   9 
2464	2   9   5 
2466	2   6   9 
2468	1   9 
2466	1   5 
2468	2   6   5 
2470	1   5 
2471	2   9   5 
2470	1   6 
2473	2   6   9 
2475	1   9 
2476	1   9 
2477	2   9  13 
2479	2  12   9 
2481	2  13  12 
2481	1   9 
2483	1  12 
2481	2   5   6 
2483	1   6 
2483	1   5 
2484	1   5 
2483	2  13   9 
2485	1  13 
2485	1   9 
2486	2  12   9 
2488	2  13  12 
2490	1  12 
2491	1  12 
2490	2   9  13 
2492	1   9 
2493	2   6   9 
2492	1  13 
2495	2   1   6 
2497	2   9   1 
2497	1   6 
2499	6  13  10 
2505	2   9   6 
2507	1   9 
2507	1   6 
2499	1   1 
2508	2   1   6 
2510	2   9   1 
2512	1   1 
2512	1  10 
2512	2   6   9 
2514	1   9 
2514	2  10   5 
2513	1   1 
2514	1   1 
2514	2  12   8 
2514	1   6 
2515	1   6 
2516	2   6  10 
2518	1  10 
2516	2   4  12 
2518	1  12 
2518	2   5   6 
2520	1   6 
2520	2   5  10 
2522	1  10 
2522	1   5 
2523	2   6  10 
2525	2   5   6 
2527	6   9   1 
2533	2   8   4 
2527	1   6 
2535	1   4 
2528	1   6 
2533	2   6   1 
2535	2   9   6 
2537	2   1   9 
2539	1   9 
2539	2   8  12 
2541	1   8 
2541	1  12 
2537	1   6 
2539	2   1   6 
2541	1   1 
2541	1   6 
2541	2  10   5 
2543	2   9   6 
2545	2   1   9 
2547	1  10 
2547	2   6   1 
2547	1   9 
2549	1   6 
2547	1   5 
2550	1   6 
2549	1   1 
2548	1   9 
2549	2  10   5 
2551	2   6  10 
2553	2   5   6 
2553	1  10 
2549	1   9 
2555	1   6 
2555	2   5  10 
2557	1   5 
2558	2   4  12 
2557	1  10 
2558	2   6  10 
2560	2   5   6 
2562	1   6 
2562	2  10   5 
2564	1  10 
2563	1   6 
2564	1   5 
2564	2   6   1 
2566	2   2   6 
2564	2   8   4 
2566	1   4 
2567	1   4 
2566	2  12   8 
2568	6   8   4 
2568	1  12 
2568	2   1   2 
2570	1   2 
2574	1   4 
2575	2   4   8 
2568	1   6 
2570	2   1   6 
2572	1   6 
2573	2   2   6 
2572	1   1 
2575	2   1   2 
2577	1   2 
2578	1   2 
2579	1   2 
2577	2   6   1 
2579	1   1 
2579	2  10   5 
2579	1   6 
2580	1   6 
2581	2   6  10 
2583	1  10 
2583	2   5   6 
2585	2   5  10 
2585	1   6 
2587	1  10 
2587	1   5 
2588	2   6  10 
2590	2   5   6 
2592	1   6 
2593	1   6 
2594	2   6   1 
2596	2   2   6 
2598	2   1   2 
2598	1   6 
2600	1   2 
2600	2   1   6 
2602	1   1 
2602	1   6 
2602	2  10   5 
2604	1   5 
2604	2   2   6 
2606	2   1   2 
2608	2   6   1 
2604	1  10 
2608	1   2 
2610	2  10   5 
2610	1   1 
2609	1   2 
2610	1   2 
2610	1   6 
2611	1   6 
2612	2   6  10 
2614	1  10 
2614	2   5   6 
2616	2   5  10 
2618	1  10 
2618	1   5 
2616	1   6 
2619	2   6  10 
2621	2   5   6 
2623	6   6   4 
2629	6   6   5 
2629	1   4 
2630	1   4 
2635	2  10   6 
2637	1   6 
2637	1  10 
2635	2   4   1 
2637	2   9   4 
2639	1   4 
2639	2   1   9 
2641	2  10   6 
2641	2   1   4 
2643	1   4 
2641	1   9 
2643	1   1 
2644	2   9   4 
2646	2   1   9 
2648	1   9 
2649	1   9 
2648	2   4   1 
2650	1   1 
2650	1   9 
2650	1   4 
2651	1   4 
2652	2   4   5 
2654	1   5 
2654	2   8   4 
2656	1   4 
2656	2   8   5 
2658	1   8 
2658	1   5 
2659	2   4   5 
2661	2   8   4 
2663	1   4 
2664	1   4 
2665	1   4 
2663	2   5   8 
2665	1   8 
2665	1   5 
2666	1   5 
2667	2   5  10 
2669	2   6   5 
2671	1   5 
2669	1  10 
2671	2   6  10 
2673	1   6 
2673	1  10 
2674	2   5  10 
2676	2   6   5 
2678	2  10   6 
2680	1   6 
2680	1  10 
2678	1   5 
2679	1   5 
2680	2   5   8 
2682	2  10   6 
2684	2   4   5 
2686	2   8   4 
2688	1   4 
2686	1   5 
2688	2   8   5 
2690	1   8 
2690	1   5 
2691	2   4   5 
2693	2   8   4 
2695	1   4 
2696	1   4 
2697	2   4   1 
2699	2   9   4 
2701	1   4 
2701	2   1   9 
2703	1   9 
2703	2   1   4 
2705	1   1 
2705	1   4 
2705	2   5   8 
2707	1   5 
2707	1   8 
2707	2   9   4 
2709	2   1   9 
2711	1   9 
2712	1   9 
2713	1   9 
2711	2   4   1 
2713	2   5   8 
2713	1   1 
2713	1   4 
2714	1   4 
2715	2   4   5 
2717	2   8   4 
2717	1   5 
2719	1   4 
2719	2   8   5 
2721	1   8 
2721	1   5 
2722	2   4   5 
2724	6   2   1 
2724	2   8   4 
2726	1   4 
2727	1   4 
2730	2   5   8 
2732	1   5 
2732	1   8 
2733	1   5 
2728	1   4 
2732	6   9   6 
2738	2   5  10 
2740	2   9   5 
2742	1   5 
2740	1  10 
2742	2   9  10 
2744	1  10 
2744	1   9 
2745	2   5  10 
2747	2   9   5 
2749	1   5 
2749	2  10   9 
2751	1  10 
2750	1   5 
2751	1   9 
2752	1  10 
2751	2   5   8 
2753	2   4   5 
2755	2   8   4 
2757	1   4 
2755	1   5 
2757	2   8   5 
2759	1   8 
2759	1   5 
2760	2   4   5 
2762	2   8   4 
2764	1   4 
2765	1   4 
2764	2   5   8 
2766	2   4   0 
2766	1   5 
2766	2  10   9 
2768	2   1   4 
2770	1   4 
2766	1   8 
2770	2   0   1 
2772	1   1 
2772	2   0   4 
2774	1   0 
2774	1   4 
2775	2   1   4 
2777	2   0   1 
2779	2   4   0 
2781	1   4 
2779	1   1 
2781	2   8   5 
2782	1   4 
2781	1   0 
2780	1   1 
2783	2   4   8 
2785	1   8 
2781	1   1 
2785	2   5   4 
2787	1   4 
2787	2   5   8 
2789	1   5 
2789	1   8 
2790	2   4   8 
2792	2   5   4 
2794	2   8   5 
2796	1   8 
2794	1   4 
2797	1   8 
2796	1   5 
2795	1   4 
2796	1   4 
2798	2   8  10 
2800	2   9   8 
2802	1   8 
2800	1  10 
2802	2   9  10 
2804	1   9 
2804	1  10 
2805	2   8  10 
2807	2   9   8 
2809	2  10   9 
2811	1  10 
2811	1   9 
2809	1   8 
2810	1   8 
2811	2   8   5 
2813	2   4   8 
2815	1   8 
2815	2   5   4 
2817	1   4 
2817	2   5   8 
2819	1   8 
2820	2   4   8 
2819	1   5 
2822	2   5   4 
2824	1   4 
2824	2   8   5 
2826	2  10   9 
2826	1   5 
2825	1   4 
2826	1   8 
2826	2   4   0 
2828	2   8   5 
2830	2   1   4 
2832	1   4 
2832	2   0   1 
2834	1   1 
2834	2   0   4 
2836	1   4 
2836	1   0 
2837	2   1   4 
2839	2   0   1 
2841	2   4   0 
2843	1   4 
2843	1   0 
2844	1   4 
2841	1   1 
2845	2   4   8 
2843	6   6   1 
2849	2   5   4 
2851	1   4 
2847	1   8 
2851	2   5   8 
2853	1   8 
2853	1   5 
2853	6   6   2 
2854	2   4   8 
2859	2   5   4 
2861	2   8   5 
2863	1   8 
2863	1   5 
2861	1   4 
2862	1   4 
2864	1   8 
2865	2   8  10 
2867	1   4 
2867	2   9   8 
2867	1  10 
2869	1   8 
2869	2   9  10 
2871	1  10 
2871	1   9 
2872	2   8  10 
2874	2   9   8 
2876	1   8 
2877	1   8 
2878	2   8   5 
2880	2   4   8 
2882	2   5   4 
2884	1   4 
2882	1   8 
2884	2   5   8 
2886	6   9   6 
2892	2  10   6 
2894	1  10 
2886	1   8 
2886	1   5 
2892	2   4   8 
2894	2   5   4 
2894	1   6 
2896	1   4 
2896	2   8   5 
2898	1   8 
2898	1   5 
2897	1   4 
2898	2  10   6 
2898	2   4   0 
2900	2   1   4 
2902	2  12   8 
2902	2   0   1 
2904	1   1 
2902	1   4 
2904	2   0   4 
2906	1   0 
2906	1   4 
2907	2   1   4 
2909	2   0   1 
2911	1   1 
2911	2   4   0 
2913	2   9   5 
2912	1   1 
2913	1   1 
2913	1   4 
2913	1   0 
2914	1   4 
2915	6  12   4 
2921	2  12   4 
2923	2   8  12 
2923	1   4 
2925	1  12 
2925	2   8   4 
2927	1   8 
2927	1   4 
2928	2  12   4 
2930	2   8  12 
2932	1  12 
2933	1  12 
2934	1  12 
2932	2   4   8 
2934	1   4 
2934	1   8 
2935	1   4 
2936	2   4   9 
2938	1   9 
2938	2   5   4 
2940	1   4 
2940	2   5   9 
2942	1   5 
2942	1   9 
2943	2   4   9 
2945	2   5   4 
2947	1   4 
2948	1   4 
2949	1   4 
2947	2   9   5 
2949	1   9 
2949	1   5 
2950	1   9 
2951	2   9  10 
2953	1  10 
2953	2   6   9 
2955	1   9 
2955	2   6  10 
2957	1  10 
2958	2   9  10 
2957	1   6 
2960	2   6   9 
2962	2  10   6 
2964	1  10 
2964	1   6 
2962	1   9 
2963	1   9 
2964	2   9   5 
2966	2   4   9 
2968	2   5   4 
2970	1   4 
2968	1   9 
2970	2   5   9 
2972	1   5 
2972	1   9 
2973	2   4   9 
2975	2   5   4 
2977	1   4 
2978	1   4 
2977	2  10   6 
2979	2   4   8 
2981	6  12   4 
2987	2   4  12 
2989	2   8   4 
2991	1   4 
2989	1  12 
2991	2   8  12 
2993	2   9   5 
2993	1   8 
2993	1  12 
2995	1   9 
2995	2   4  12 
2997	2   8   4 
2999	1   4 
2999	2  12   8 
3001	1  12 
3000	1   4 
3001	1   8 
2997	1   5 
3001	2   4   0 
3003	2   1   4 
3005	2   0   1 
3005	2  12   8 
3007	1   1 
3005	1   4 
3007	2   0   4 
3009	1   0 
3009	1   4 
3010	2   1   4 
3012	2   0   1 
3014	1   1 
3014	2   4   0 
3016	1   0 
3016	1   4 
3017	1   4 
3016	2   9   5 
3015	1   1 
3016	1   1 
3018	6  13   5 
3024	2   4  12 
3026	2   8   4 
3026	1  12 
3028	2   8  12 
3030	1   8 
3030	1  12 
3028	1   4 
3026	6  14   6 
3032	2   4  12 
3034	2   8   4 
3032	6  15   7 
3036	2  12   8 
3038	1  12 
3038	1   8 
3036	1   4 
3037	1   4 
3038	1   4 
3039	1  12 
3040	2  12   9 
3042	1   9 
3042	2  13  12 
3044	1  12 
3044	2  13   9 
3046	1  13 
3046	1   9 
3047	2  12   9 
3049	2  13  12 
3051	2   9  13 
3053	1  13 
3051	1  12 
3052	1  12 
3053	1  12 
3053	1   9 
3054	1   9 
3055	2   9  10 
3057	1  10 
3057	2  14   9 
3059	1   9 
3059	2  14  10 
3061	1  10 
3061	1  14 
3062	2   9  10 
3064	2  14   9 
3066	1   9 
3066	2  10  14 
3068	1  10 
3067	1   9 
3068	1  14 
3068	2   9  13 
3070	2  12   9 
3072	2  13  12 
3072	1   9 
3074	1  12 
3074	2  13   9 
3076	1  13 
3076	1   9 
3077	2  12   9 
3079	2  13  12 
3081	2   9  13 
3083	1   9 
3081	1  12 
3083	1  13 
3082	1  12 
3083	2  12   8 
3085	2   4  12 
3087	1  12 
3087	2   8   4 
3089	6  15  13 
3095	2   8  12 
3097	1  12 
3097	1   8 
3089	1   4 
3098	2   4  12 
3100	2   8   4 
3102	1   4 
3102	2  12   8 
3104	1  12 
3105	1  12 
3103	1   4 
3104	1   8 
3104	2   4   9 
3106	2  12  14 
3108	2   8  10 
3110	6   6   4 
3110	2  13  12 
3112	1  12 
3116	2   1   6 
3112	2  14  13 
3114	1  13 
3116	2  14  12 
3118	1  12 
3118	1  14 
3118	2   9   1 
3120	1   1 
3118	1   6 
3120	2   9   6 
3122	2  13  12 
3122	1   9 
3122	1   6 
3123	2   1   6 
3124	2  14  13 
3126	6   9   6 
3132	2  12  14 
3132	2   6   1 
3134	1   1 
3134	1  12 
3134	2   9   6 
3134	1  13 
3136	1   9 
3137	1   9 
3136	1   6 
3134	1  14 
3135	1   1 
3136	1   1 
3136	2  14  12 
3138	2   9  14 
3140	1  14 
3140	2  12   9 
3142	1   9 
3142	2  12  14 
3144	1  12 
3144	1  14 
3144	6  13   8 
3142	6   6   5 
3150	6   4   0 
3150	2   9  14 
3152	2  12   9 
3154	2  14  12 
3154	1   9 
3156	1  12 
3155	1   9 
3156	1   9 
3156	1  14 
3157	1  14 
3158	2  14  13 
3160	2  10  14 
3162	1  14 
3160	1  13 
3162	2  10  13 
3164	1  13 
3164	1  10 
3165	2  14  13 
3167	2  10  14 
3169	1  14 
3170	1  14 
3169	2  13  10 
3171	2  14  12 
3173	1  13 
3173	2   9  14 
3175	1  14 
3173	1  10 
3175	2  12   9 
3177	1   9 
3177	2  12  14 
3179	2  13  10 
3179	1  14 
3179	1  12 
3181	2   9  14 
3183	2  12   9 
3185	2  14  12 
3185	1   9 
3186	1   9 
3187	1  14 
3187	1  12 
3187	2   9   5 
3189	2   1   9 
3191	1   9 
3191	2  14  12 
3191	2   5   1 
3193	2   5   9 
3193	1   1 
3195	1   9 
3195	1   5 
3196	2   1   9 
3198	2   5   1 
3200	1   1 
3200	2   9   5 
3202	1   5 
3201	1   1 
3202	1   1 
3202	1   9 
3203	1   9 
3204	2   9  14 
3206	1  14 
3206	2  12   9 
3208	1   9 
3208	2  12  14 
3210	1  14 
3211	2   9  14 
3210	1  12 
3213	2  12   9 
3215	1   9 
3216	1   9 
3217	1   9 
3215	2  14  12 
3217	1  12 
3217	1  14 
3218	1  14 
3219	2  14  13 
3221	1  13 
3221	2  10  14 
3223	1  14 
3223	2  10  13 
3225	1  13 
3225	1  10 
3226	2  14  13 
3228	2  10  14 
3230	1  14 
3231	1  14 
3230	2  13  10 
3232	2  14  12 
3234	1  13 
3234	2   9  14 
3236	1  14 
3236	2  12   9 
3238	1   9 
3238	2  12  14 
3240	1  12 
3240	1  10 
3240	1  14 
3241	2   9  14 
3243	2  12   9 
3245	2  14  12 
3245	1   9 
3246	1   9 
3247	1  12 
3247	1  14 
3247	2   9   5 
3249	2   1   9 
3251	2  15  10 
3251	2   5   1 
3251	2  12  13 
3253	1   1 
3251	1   9 
3253	2   5   9 
3255	1   5 
3255	1   9 
3256	2   1   9 
3258	2   5   1 
3260	1   1 
3261	1   1 
3262	1   1 
3260	2   9   5 
3262	1   9 
3262	1   5 
3263	1   9 
3264	2   9  12 
3266	1  12 
3266	2  13   9 
3268	1   9 
3268	2  13  12 
3270	1  13 
3270	1  12 
3271	2   9  12 
3273	2  13   9 
3275	1   9 
3276	1   9 
3275	2  12  13 
3277	1  12 
3277	2   9   5 
3277	1  13 
3279	2   1   9 
3281	2   5   1 
3281	2  12  13 
3283	1   1 
3281	1   9 
3283	2   5   9 
3285	1   5 
3285	1   9 
3286	2   1   9 
3288	2   5   1 
3290	2   9   5 
3292	1   9 
3293	1   9 
3290	1   1 
3291	1   1 
3292	1   1 
3292	1   5 
3294	2   9  12 
3296	1  12 
3296	2  13   9 
3298	1   9 
3298	2  13  12 
3300	1  12 
3301	2   9  12 
3300	1  13 
3303	2  13   9 
3305	1   9 
3306	1   9 
3305	2  12  13 
3307	2   9   4 
3309	2   1   9 
3311	1   9 
3307	1  12 
3311	2   4   1 
3313	1   1 
3311	2  14  12 
3313	2   4   9 
3315	1   4 
3315	1   9 
3313	1  13 
3315	6  10   5 
3321	6  15   7 
3321	2   1   9 
3323	2   4   1 
3325	2   9   4 
3327	1   4 
3327	1   9 
3327	2  10  13 
3328	1   9 
3329	2   9  14 
3325	1   1 
3326	1   1 
3327	1   1 
3329	6   7   6 
3331	2  12   9 
3331	1  14 
3333	2  12  14 
3333	1   9 
3335	1  12 
3335	1  14 
3335	6  11   7 
3336	2   9  14 
3338	2  12   9 
3340	1   9 
3341	6   7   2 
3341	1   9 
3341	2  14  12 
3343	1  12 
3342	1   9 
3343	1  14 
3344	1  14 
3345	2  14  10 
3347	6   2   0 
3347	2  13  14 
3347	1  10 
3349	2  13  10 
3351	1  10 
3349	1  14 
3351	1  13 
3352	2  14  10 
3354	2  13  14 
3356	2  10  13 
3356	1  14 
3357	1  14 
3358	1  13 
3358	1  14 
3358	1  10 
3359	1  10 
3360	2  10   6 
3362	1   6 
3362	2   5  10 
3364	2   5   6 
3366	1   6 
3366	1   5 
3364	1  10 
3367	2  10   6 
3369	2   5  10 
3371	1  10 
3372	1  10 
3371	2   6   5 
3373	1   6 
3373	1   5 
3373	2  10  13 
3375	2  14  10 
3377	1  10 
3377	2  13  14 
3377	2   6   5 
3379	1  14 
3379	2  13  10 
3381	1  13 
3381	1  10 
3382	2  14  10 
3384	2  13  14 
3386	2  10  13 
3386	1  14 
3387	1  14 
3388	2  14  12 
3390	1  10 
3390	1  13 
3390	2   9  14 
3392	2  12   9 
3394	1   9 
3392	1  14 
3394	2  12  14 
3396	1  12 
3396	2  10  13 
3396	1  14 
3398	2   9  14 
3400	2  12   9 
3402	1   9 
3403	1   9 
3402	2  14  12 
3404	1  12 
3404	1  14 
3404	2   9   4 
3406	2   1   9 
3408	2  14  12 
3408	1   9 
3408	2   4   1 
3410	2   4   9 
3410	1   1 
3412	1   9 
3412	1   4 
3413	2   1   9 
3415	2   4   1 
3417	2   9   4 
3419	1   9 
3420	1   9 
3419	1   4 
3417	1   1 
3421	2   9  14 
3423	2  12   9 
3425	1   9 
3420	1   4 
3423	1  14 
3425	2  12  14 
3427	1  12 
3427	1  14 
3428	2   9  14 
3430	2  12   9 
3432	1   9 
3433	1   9 
3434	1   9 
3432	2  14  12 
3434	1  12 
3434	1  14 
3435	1  14 
3436	2  14  10 
3438	2  13  14 
3440	1  14 
3438	1  10 
3440	2  13  10 
3442	1  10 
3443	2  14  10 
3442	1  13 
3445	2  13  14 
3447	1  14 
3448	1  14 
3449	1  14 
3447	2  10  13 
3449	1  13 
3449	1  10 
3450	1  10 
3451	2  10   6 
3453	2   5  10 
3455	1  10 
3453	1   6 
3455	2   5   6 
3457	1   6 
3457	1   5 
3458	2  10   6 
3460	2   5  10 
3462	6   6   1 
3468	2   1   5 
3462	1  10 
3463	1  10 
3470	1   1 
3471	1   1 
3468	2  10  13 
3472	2   4   1 
3474	2   0   4 
3476	2   1   0 
3476	1   4 
3478	2   1   4 
3478	1   0 
3480	1   1 
3480	1   4 
3470	2  14  10 
3472	1  10 
3481	2   0   4 
3472	2  13  14 
3474	2  13  10 
3474	1  14 
3476	1  10 
3477	2  14  10 
3476	1  13 
3479	2  13  14 
3483	2   1   0 
3485	1   0 
3481	2  10  13 
3481	1  14 
3482	1  14 
3483	2  14  12 
3485	2   9  14 
3487	1  14 
3487	2  12   9 
3489	2  12  14 
3489	1   9 
3489	2   4   1 
3491	1  14 
3492	2   9  14 
3491	1  12 
3494	2  12   9 
3496	1   9 
3496	2  14  12 
