   1	2   2  14 
   1	6  24  18 
   3	3   7  14   8 
   6	3   9  14  15 
   7	6  25  18 
   9	3  16  14  21 
  13	6  19  14 
  19	3  14  19  20 
  22	3  13  19  12 
  25	6  25  19 
  12	6  34  28 
  31	3  26  25  19 
  34	3  18  25  24 
  37	3  30  25  31 
  40	6  27  25 
  12	6  23  17 
  46	3  32  27  25 
  49	6  28  27 
  18	6  16  11 
  55	3  33  28  34 
  58	6  28  22 
  24	6  10   3 
  30	6  11   4 
  64	3  27  22  28 
  67	3  29  22  23 
  70	6  22  16 
  36	6   4   3 
  76	3  17  16  22 
  79	3  11  16  10 
  82	6  10   5 
  79	6  29  23 
  79	6  27  21 
  85	6  22  21 
  85	6  34  33 
  91	6  34  27 
  91	3  10  16   4 
  94	3  11  16  10 
  97	6  27  21 
  97	3  17  16  11 
 100	3  23  16  17 
 103	6  22  16 
 103	6  32  20 
 109	3  16  22  23 
 112	6  22  21 
 109	6  31  30 
 115	6  31  26 
 109	6  18  13 
 115	6  14  13 
 121	6  31  19 
 121	3  22  21  16 
 127	6  18  13 
 127	6  21  20 
  97	6   3   1 
 133	6   6   1 
 133	3  21  20  22 
 136	3  26  20  21 
 139	6  12   6 
 139	3  14  20  26 
 142	3  19  20  14 
 145	6  20  19 
 145	6   9   7 
 151	6   9   8 
 151	3  13  19  20 
 154	3  18  19  13 
 157	3  12  19  18 
 160	6  19  14 
 151	6   1   0 
 157	6   3   2 
 166	6  14   7 
 172	6  15  13 
 154	6  34  27 
 160	6  27  26 
 166	6  26  24 
 178	3  14   7  12 
 181	6  24  19 
 187	3   8   7  14 
 190	4   1   2   7   8 
 194	4   9   8   7  14 
 198	6  13   7 
 198	6  20  15 
 204	6  32  26 
 204	4   7  14  13  12 
 208	4  19  12  13  18 
 212	6  26  19 
 212	6   8   6 
 218	6  20  13 
 218	6  25  24 
 224	4  19  18  20  13 
 228	6  15  13 
 228	6  31  24 
 234	6  24  19 
 240	6  26  21 
 240	6  30  24 
 246	6  31  24 
 246	4   8  15  20  13 
 252	6  32  27 
 258	4  19  13  20  25 
 262	4  27  25  20  32 
 266	6  27  20 
 266	6  31  25 
 272	6  22  20 
 278	6  24  19 
 284	6  21  19 
 290	4  25  32  27  26 
 294	6  26  20 
 294	6  22  16 
 300	4  21  20  27  26 
 304	6  34  22 
 304	6  32  26 
 310	6  23  22 
 316	6  17  16 
 316	4  33  32  27  34 
 322	6  23  16 
 320	6  28  27 
 328	6  17  11 
 328	6  28  22 
 334	6  11   5 
 334	4  27  34  22  28 
 338	4  29  28  22  23 
 342	6  22  16 
 348	4  22  23  16  17 
 352	4  11  17  16  10 
 356	3  10  16   4 
 359	4  11  17  16  10 
 363	3  17  16  11 
 366	6  22  16 
 372	4  16  23  22  17 
 376	3  23  22  16 
 379	4  29  28  22  23 
 383	3  28  22  29 
 386	4  27  34  22  28 
 390	3  34  22  27 
 393	6  34  27 
 399	6  28  22 
 399	6  32  26 
 405	6  28  27 
 366	6   5   3 
 372	6   8   3 
 378	6  13   8 
 384	6  18  13 
 405	6  32  25 
 411	6  24  18 
 411	4  33  26  27  28 
 415	3  26  27  33 
 418	6  27  26 
 390	6  14   8 
 418	6  31  24 
 417	6  14  12 
 424	4  21  20  26  27 
 428	3  20  26  21 
 431	4  32  25  26  20 
 435	3  25  26  32 
 438	6  26  19 
 423	6   9   3 
 429	6   9   7 
 444	4  31  24  19  25 
 435	6  15   8 
 441	6   8   6 
 448	3  24  19  31 
 451	4  18  12  19  24 
 455	6  19  13 
 455	6  30  24 
 461	6   7   6 
 467	3  12  13  18 
 470	4   6   7  13  12 
 474	6  24  12 
 461	6  26  20 
 474	6   9   8 
 480	3   7  13   6 
 480	6  10   3 
 483	4  12  19  13   7 
 486	6  16  10 
 487	3  19  13  12 
 490	4  20  14  13  19 
 494	6  14  13 
 492	6   3   1 
 500	3  13  14  20 
 503	4   8  15  14  13 
 507	3  15  14   8 
 510	6   8   3 
 507	6  24  18 
 513	6  18   6 
 516	4  16   9  14  15 
 520	3   9  14  16 
 523	4   8   2  14   9 
 527	6   8   6 
 533	3   9  14  15 
 536	3  15  14  13 
 539	3  13  14  19 
 519	6  32  30 
 542	6  13   8 
 542	6  32  25 
 548	3  19  14   7 
 551	3   7  14  13 
 554	6  25  19 
 560	6  32  25 
 560	6  14  13 
 566	6  20  13 
 572	6  28  21 
 578	6  23  16 
 578	3  14  20  19 
 581	3  19  20  25 
 584	3  25  20  26 
 584	6  16  15 
 587	3  26  20  27 
 590	6  17  10 
 590	3  27  20  21 
 593	6  21  20 
 596	6  10   9 
 599	3  20  21  22 
 554	6   2   1 
 602	6   8   2 
 602	3  22  21  15 
 608	3  15  21   9 
 611	6  21  15 
 608	6   7   6 
 617	6  15   8 
 611	6  23  11 
 617	6  11   4 
 623	3   9   8  15 
 626	3   1   8   7 
 629	6   9   4 
 635	6  16  15 
 629	6  13   7 
 602	6  32  25 
 635	6  25  19 
 641	3  10   8   9 
 644	3  15   8   3 
 647	3   2   8   7 
 650	6  13   8 
 641	6  26  24 
 647	6  26  20 
 647	6  31  24 
 656	3  19  13  12 
 659	6  25  19 
 665	6  25  24 
 671	3   6  13  18 
 671	6  32  31 
 674	3  14  13  20 
 677	6  25  13 
 683	3  19  25  13 
 686	3  31  25  30 
 653	6  28  27 
 689	6  27  25 
 695	6  28  26 
 695	6  17  15 
 701	6  11   4 
 701	3  32  27  25 
 704	3  26  27  33 
 707	6  17  11 
 707	3  28  27  34 
 710	6  27  22 
 707	6   9   4 
 713	6  10   9 
 716	3  27  22  29 
 719	3  21  22  15 
 722	3  17  22  23 
 725	3  16  22  10 
 728	1  22 
 729	3  10  22  16 
 732	3  23  22  17 
 735	3  15  22  21 
 738	6  33  21 
 744	3  29  22  27 
 747	6  26  20 
 747	3  34  22  28 
 753	6  22  20 
 759	3  21  20  22 
 762	3  25  20  32 
 765	6  32  30 
 771	6  31  25 
 686	6  12   6 
 777	3  32  20  25 
 780	3  13  20  19 
 783	6  19  18 
 789	3  26  20  14 
 792	6  20  13 
 789	6  24  18 
 792	6   8   2 
 798	6  10   3 
 798	3  19  13  12 
 801	3   6  13  18 
 804	6  13   8 
 810	3   7   8  13 
 804	6  16  11 
 810	6  16  15 
 804	6   4   3 
 816	3  10   8  15 
 819	6  23  11 
 819	3   3   8   9 
 822	3   2   8   1 
 825	6  10   8 
 825	6  29  22 
 831	6  34  27 
 831	3  11  10   4 
 834	3  16  10  11 
 837	3  22  10  16 
 840	6  15  10 
 837	6  33  31 
 846	3  27  15  22 
 849	3  21  15  27 
 852	6  27  15 
 858	3  33  27  21 
 843	6  25  19 
 813	6  12   6 
 861	3  32  27  33 
 849	6  19  12 
 864	6  27  20 
 855	6  12   7 
 861	6  18  12 
 870	6  13   8 
 876	3  27  20  32 
 876	6   8   3 
 879	3  26  20  27 
 882	6   7   1 
 882	3  25  20  26 
 885	3  19  20  25 
 888	3  18  20  19 
 891	6  20  13 
 897	3  20  13  18 
 888	6   2   1 
 900	3   8  13  20 
 903	6  14   9 
 909	4   1   7  13   8 
 909	6  16  10 
 913	3   8  13  14 
 916	4   8  14  13  20 
 920	6  21  16 
 926	6  21  19 
 920	6   3   1 
 932	3  20  13  19 
 935	4  20  19  13  18 
 939	6  18   6 
 939	6  21   9 
 945	6   9   7 
 945	6  25  19 
 951	6  26  25 
 951	3   6  13   1 
 954	4   6   1  13   7 
 958	3   7  13  12 
 958	6  21  20 
 964	6  19  13 
 964	6  27  26 
 970	6  32  31 
 970	4   7  12  19  13 
 974	3  13  19  18 
 977	4  13  18  19  25 
 974	6   9   2 
 980	6  15   9 
 981	3  25  19  20 
 984	4  25  20  19  26 
 988	6  31  25 
 988	6  15  13 
 988	6  33  27 
 994	3  26  19  24 
 997	6  27  20 
 997	6  31  30 
1003	6  31  26 
 994	6  22  16 
1009	4  31  24  19  25 
1003	6  22  21 
1013	3  25  19  13 
1009	6  29  28 
1015	6  28  27 
1016	6  20  19 
1009	6  15   9 
1021	6  29  17 
1022	4  25  13  20  19 
1026	3  19  20  26 
1027	6  17  10 
1029	4  19  26  20  21 
1033	3  21  20  27 
1036	6  21  20 
1033	6  10   9 
1036	6  34  28 
1042	4  20  27  21  15 
1033	6  23  17 
1046	3  15  21   9 
1046	6  34  32 
1049	4  15   9  21  16 
1053	6  22  21 
1052	6  34  29 
1053	6  17  11 
1059	6  29  17 
1053	6   9   4 
1059	6  21   9 
1065	6  27  21 
1065	6  11   9 
1071	6  21   9 
1077	3  16  22  28 
1080	4  16  28  22  23 
1084	6   9   4 
1084	3  23  22  17 
1087	4  23  17  22  29 
1091	6  10   9 
1091	3  29  22  34 
1094	4  29  34  22  27 
1097	6   9   4 
1098	3  27  22  21 
1101	4  29  34  22  27 
1105	6  20  14 
1105	4  23  17  22  29 
1109	4  16  28  22  23 
1113	4  15  10  22  16 
1117	6  22  20 
1117	6   9   8 
1123	4  14   8  20  15 
1127	4  19  26  20  14 
1131	4  25  13  20  19 
1135	6  26  20 
1141	4  31  24  26  25 
1145	6  30  25 
1131	6   4   2 
1151	4  25  32  26  31 
1137	6   7   2 
1143	6  12   7 
1149	6  13  12 
1155	6  26  19 
1149	6   2   1 
1155	6   6   1 
1161	4  13  18  19  25 
1165	6  19  12 
1161	6   2   0 
1171	6  12   7 
1161	6  33  27 
1137	6  16  11 
1143	6  16  15 
1165	6  15  14 
1171	6  27  15 
1177	4   6  12   7  13 
1181	4   1   0   7   6 
1177	6  15   9 
1185	6   8   1 
1191	6   8   7 
1183	6  22  20 
1183	6  10   4 
1189	6  25  19 
1197	4  14   9   8   7 
1201	4  15  20   8  14 
1205	4   3  10   8  15 
1209	3  15   8  14 
1212	3  14   8   7 
1215	3   7   8   6 
1218	6  14   8 
1224	6   7   6 
1205	6  31  25 
1224	6  25  20 
1230	6  30  24 
1230	3   7  14  13 
1233	3  13  14  19 
1236	3  19  14  20 
1239	6  24  19 
1245	6  20  14 
1212	6  22  16 
1251	6  22  21 
1257	3  14  20  19 
1257	6  16  11 
1260	3  19  20  26 
1263	3  26  20  27 
1266	6  22  20 
1272	3  27  22  21 
1275	6  33  27 
1263	6  11   4 
1269	6  11   9 
1275	6  15   9 
1236	6   7   1 
1281	3  21  22  16 
1284	6  33  26 
1284	3  16  22  23 
1287	3  23  22  29 
1290	3  29  22  27 
1272	6  13   7 
1293	3  27  22  20 
1296	3  29  22  34 
1296	6  26  19 
1299	3  23  22  17 
1302	6  19  14 
1302	3  16  22  28 
1305	6  22  21 
1311	6  20  13 
1311	6  16   4 
1311	6  33  28 
1317	3  22  21  15 
1317	6  32  31 
1320	3  14  21  20 
1323	3  28  21  16 
1326	6  27  21 
1323	6  30  25 
1332	3  26  27  32 
1335	6  27  26 
1317	6  18  12 
1332	6  14  12 
1338	6  14  13 
1344	6  26  19 
1338	6   6   1 
1344	6  12   6 
1350	6   6   1 
1350	3  26  19  25 
1353	3  24  19  31 
1356	3   7  19  13 
1359	3  12  19  18 
1362	6  19   7 
1326	6  16  11 
1368	3   6   7   0 
1338	6  16   9 
1353	6  21  16 
1356	6  31  30 
1371	3   8   7   9 
1368	6  31  24 
1374	6  26  24 
1374	6  14   7 
1359	6  17   5 
1374	6  17  16 
1380	3  21  14  26 
1383	1  14 
1384	2  16  14 
