   1	2   2  14 
   1	6  24  18 
   3	3   7  14   8 
   6	3   9  14  15 
   7	6  25  18 
   9	3  16  14  21 
  13	6  19  14 
  19	3  14  19  20 
  22	3  13  19  12 
  25	6  25  19 
  12	6  34  28 
  31	3  26  25  19 
  34	3  18  25  24 
  37	3  30  25  31 
  40	6  27  25 
  12	6  23  17 
  46	3  32  27  25 
  49	6  28  27 
  18	6  16  11 
  55	3  33  28  34 
  58	6  28  22 
  24	6  10   3 
  30	6  11   4 
  64	3  27  22  28 
  67	3  29  22  23 
  70	6  22  16 
  36	6   4   3 
  76	3  17  16  22 
  79	3  11  16  10 
  82	6  10   5 
  79	6  29  23 
  79	6  27  21 
  85	6  22  21 
  85	6  34  33 
  91	6  34  27 
  91	3  10  16   4 
  94	3  11  16  10 
  97	6  27  21 
  97	3  17  16  11 
 100	3  23  16  17 
 103	6  22  16 
 103	6  32  20 
 109	3  16  22  23 
 112	6  22  21 
 109	6  31  30 
 115	6  31  26 
 109	6  18  13 
 115	6  14  13 
 121	6  31  19 
 121	3  22  21  16 
 127	6  18  13 
 127	6  21  20 
  97	6   3   1 
 133	6   6   1 
 133	3  21  20  22 
 136	3  26  20  21 
 139	6  12   6 
 139	3  14  20  26 
 142	3  19  20  14 
 145	6  20  19 
 145	6   9   7 
 151	6   9   8 
 151	3  13  19  20 
 154	3  18  19  13 
 157	3  12  19  18 
 160	6  19  14 
 151	6   1   0 
 157	6   3   2 
 166	6  14   7 
 172	6  15  13 
 154	6  34  27 
 160	6  27  26 
 166	6  26  24 
 178	3  14   7  12 
 181	6  24  19 
 187	3   8   7  14 
 190	4   1   2   7   8 
 194	4   9   8   7  14 
 198	6  13   7 
 198	6  20  15 
 204	6  32  26 
 204	4   7  14  13  12 
 208	4  19  12  13  18 
 212	6  26  19 
 212	6   8   6 
 218	6  20  13 
 218	6  25  24 
 224	4  19  18  20  13 
 228	6  15  13 
 228	6  31  24 
 234	6  24  19 
 240	6  26  21 
 240	6  30  24 
 246	6  31  24 
 246	4   8  15  20  13 
 252	6  32  27 
 258	4  19  13  20  25 
 262	4  27  25  20  32 
 266	6  27  20 
 266	6  31  25 
 272	6  22  20 
 278	6  24  19 
 284	6  21  19 
 290	4  25  32  27  26 
 294	6  26  20 
 294	6  22  16 
 300	4  21  20  27  26 
 304	6  34  22 
 304	6  32  26 
 310	6  23  22 
 316	6  17  16 
 316	4  33  32  27  34 
 322	6  23  16 
 320	6  28  27 
 328	6  17  11 
 328	6  28  22 
 334	6  11   5 
 334	4  27  34  22  28 
 338	4  29  28  22  23 
 342	6  22  16 
 348	4  22  23  16  17 
 352	4  11  17  16  10 
 356	3  10  16   4 
 359	4  11  17  16  10 
 363	3  17  16  11 
 366	4  22  23  16  17 
 370	6  23  22 
 376	3  22  16  23 
 379	6  29  23 
 379	6  21  16 
 342	6  34  33 
 348	6  32  26 
 385	4  23  28  21  22 
 389	3  28  21  23 
 392	4  27  33  21  28 
 396	6  33  27 
 402	6  28  21 
 408	6  34  33 
 408	6  21  16 
 414	6  28  27 
 366	6   5   3 
 372	6   8   3 
 378	6  13   8 
 396	6  31  19 
 402	6  14  13 
 414	6  32  25 
 408	6  14  13 
 420	3  28  27  34 
 420	6  18  13 
 423	4  33  26  27  28 
 426	6  24  18 
 427	3  26  27  33 
 430	4  21  20  27  26 
 434	3  20  27  21 
 437	4  32  25  27  20 
 441	6  26  24 
 447	6  20  19 
 453	3  25  27  32 
 456	4  26  20  27  25 
 460	6  14   8 
 460	6  27  21 
 466	3  20  21  26 
 469	6  18  13 
 469	6  21  15 
 475	6   9   3 
 469	6  32  30 
 475	6  32  26 
 475	6  19  18 
 481	4  13  14  15  20 
 485	3  14  15  13 
 488	4   9  21  15  14 
 492	3  21  15   9 
 495	6  20  15 
 488	6  18  12 
 494	6  24  18 
 500	6  31  25 
 506	6  24  18 
 494	6  13   7 
 500	6   8   7 
 506	6  14   7 
 512	4  26  19  20  21 
 516	3  19  20  26 
 519	6  19  18 
 516	6   8   6 
 525	4  25  19  20  18 
 522	6   9   3 
 529	6  15   9 
 529	3  19  20  25 
 532	6  20  13 
 538	6   7   2 
 538	6  26  21 
 544	4  20  14  13  19 
 548	6  26  25 
 548	6   9   2 
 554	3  14  13  20 
 557	4  15   8  13  14 
 561	3   8  13  15 
 564	4   1   7  13   8 
 568	3   8  13  14 
 571	3  14  13  19 
 574	6   9   8 
 574	3  19  13  18 
 580	6  20   8 
 586	6   8   2 
 586	6  20  13 
 592	6  14   8 
 592	6  31  26 
 598	3  18  20  25 
 601	6  19  12 
 607	3  25  20  13 
 610	6  25  24 
 610	3  13  20  14 
 610	6  28  27 
 616	6  21  16 
 622	6  17  15 
 628	6  16  10 
 628	3  14  20  26 
 631	3  26  20  19 
 634	6  16  14 
 640	6   8   1 
 640	3  19  20  25 
 643	3  25  20  27 
 646	3  27  20  21 
 646	6  13   7 
 652	3  21  20  22 
 646	6  10   9 
 655	6  17  16 
 661	6  20  15 
 652	6   3   1 
 667	3  22  15  20 
 670	6   9   2 
 676	3  20  15  14 
 652	6  24  12 
 679	6  31  19 
 685	6  24  18 
 691	6  20  18 
 697	6  19  14 
 703	6  26  24 
 703	3  13  15   8 
 706	3  10  15  16 
 706	6   8   2 
 712	3   3  15   9 
 715	3  20  15  14 
 718	6  26  21 
 718	6   9   8 
 724	3  21  15   9 
 712	6   6   1 
 727	6  15  13 
 733	6  17  16 
 733	3  12  13   6 
 736	3   7  13   1 
 739	6  16  15 
 739	6  19  13 
 745	6  15  13 
 751	6  32  20 
 757	3  13  19  20 
 760	6  19  18 
 757	6  33  31 
 763	6  33  21 
 766	3  24  18  30 
 769	6  19  18 
 775	6  26  19 
 769	6  34  33 
 769	6  23  16 
 781	3  21  26  28 
 784	6  16  14 
 784	3  25  26  31 
 787	3  27  26  33 
 790	6  29  28 
 790	3  19  26  14 
 793	6  26  21 
 793	6  18  13 
 799	6  14  13 
 799	3  22  21  28 
 790	6  11  10 
 796	6  10   9 
 805	3  14  21   9 
 808	6  16   4 
 808	6  20  13 
 814	6  26  25 
 814	3  15  21  16 
 817	1  21 
 818	3  16  21  15 
 821	3   9  21  14 
 824	3  28  21  22 
 820	6  31  25 
 827	3  20  21  19 
 830	3  33  21  27 
 833	6  21  20 
 833	6  29  28 
 833	6  32  31 
 839	3  25  20  26 
 842	6  28  27 
 842	6  25  20 
 824	6   8   1 
 848	3  27  25  32 
 851	3  30  25  24 
 854	6  25  13 
 851	6  34  22 
 860	3  25  13  18 
 857	6  15  10 
 863	3   8  13   7 
 863	6  21  15 
 866	3   6  13  12 
 869	6  15  13 
 875	3  21  15  22 
 863	6  32  31 
 863	6  11   4 
 869	6  34  32 
 869	6  17  11 
 878	6  17  16 
 878	6  34  29 
 884	6  29  17 
 866	6   2   1 
 890	3  16  15  17 
 893	6  15   9 
 875	6   7   1 
 893	6  23  17 
 899	6  17  10 
 905	3   2   9   3 
 908	6  10   3 
 908	6   8   7 
 905	6  29  23 
 914	6  23  16 
 911	6  34  28 
 920	6  28  21 
 920	3  11   9   4 
 923	3   8   9   3 
 926	6  14  13 
 932	6  21  14 
 938	6  33  28 
 938	3  15   9  16 
 941	3  14   9  15 
 944	3  21   9  14 
 947	6  28  22 
 947	6  15   9 
 875	6  30  25 
 953	6  21  15 
 947	6  26  25 
 953	6  32  30 
 959	3  22  21  15 
 962	6  21  20 
 947	6  12   7 
 959	6  24  12 
 968	3  21  20  22 
 971	6  25  24 
 971	3  27  20  21 
 965	6  12   6 
 977	3  26  20  27 
 977	6  18  12 
 980	3  32  20  26 
 983	6  33  31 
 989	6  31  26 
 983	6  19  18 
 974	6  23  22 
 983	6  22  21 
 953	6   8   2 
 983	6  14   8 
 953	6  11  10 
 989	6  10   9 
 995	6   9   8 
 995	3  25  20  32 
 998	3  19  20  25 
1001	3  26  20  19 
1001	6   9   2 
1004	3  21  20  26 
1007	6  20  15 
1007	6   4   2 
1013	3  14  15  21 
1016	3   8  15  14 
1019	4   9   3  15   8 
1023	6   9   2 
1013	6  17  11 
1023	6  17  16 
1029	3   8  15   9 
 989	6  29  28 
1032	4   8   9  15  14 
1029	6  28  22 
1035	6  27  26 
1036	3  14  15  16 
1041	4  14  16  15  21 
1035	6  34  29 
1045	3  21  15  22 
1048	4  21  22  15  27 
1052	6  21  15 
1052	6  34  28 
1052	6  26  19 
1058	3  27  21  28 
1052	6   8   7 
1058	6  14   8 
1058	6  25  19 
1064	4  27  28  21  26 
1068	6  21  20 
1058	6   6   1 
1064	6  13   6 
1068	6  32  25 
1074	3  26  20  14 
1077	4  26  14  20  19 
1081	6  18  12 
1087	3  19  20  13 
1090	4  19  13  20  25 
1094	3  25  20  18 
1097	6  24  18 
1097	6  26  20 
1094	6   6   1 
1100	6  13   6 
1103	4  25  24  26  31 
1107	6  25  13 
1107	6  34  27 
1113	6  20  18 
1113	6  28  23 
1119	6  28  21 
1125	6  29  28 
1125	3  31  26  25 
1128	4  31  25  26  32 
1131	6  29  22 
1132	3  32  26  33 
1135	6  27  26 
1141	4  32  33  27  26 
1145	3  26  27  20 
1119	6  12   7 
1125	6   8   7 
1131	6   9   8 
1137	6  15   9 
1143	6  16   4 
1149	4  26  20  27  21 
1153	3  21  27  28 
1156	4  21  28  27  22 
1160	3  22  27  15 
1163	6  27  21 
1153	6  30  25 
1159	6  25  19 
1165	6  19  14 
1163	6  10   9 
1137	6   2   1 
1169	6   3   2 
1171	4  22  15  21  16 
1175	6   8   3 
1175	6  21  15 
1175	6  17  11 
1181	6  11  10 
1187	3  16  15  14 
1190	4  16  14  15   9 
1194	3   9  15   8 
1197	4   9   8  15  10 
1201	3  10  15  17 
1204	4   9   8  15  10 
1208	4  16  14  15   9 
1212	6  21  15 
1218	4  22  15  21  16 
1222	6  27  21 
1228	4  21  28  27  22 
1171	6  30  25 
1232	6  27  26 
1212	6  19  13 
1218	6  18   6 
1224	6  24  19 
1238	4  27  20  26  21 
1242	4  32  33  26  27 
1246	6  26  25 
1252	6  30  18 
1258	6  13  12 
1258	4  31  26  25  32 
1264	4  24  19  25  31 
1268	4  18  30  25  24 
1272	6  25  19 
1278	6  13   6 
1262	6  34  27 
1272	6  27  15 
1278	6  23  21 
1284	4  13  12  19  18 
1288	6  20  13 
1294	6  19  14 
1278	6  11  10 
1284	6  29  22 
1284	6  10   9 
1290	6  22  16 
1290	6   4   2 
1296	6   3   1 
1300	4  15  21  14  20 
1304	4   9  16  14  15 
1308	4   7   2  14   9 
1312	6  14   8 
1312	6   6   1 
1318	4   1   6   8   7 
1322	6   4   2 
1322	6  20  14 
1328	4   3   2   8   1 
1332	3   1   8   7 
1335	3   7   8   9 
1338	3   9   8  15 
1328	6  19  18 
1338	6  19  13 
1344	6  20   8 
1344	6  24  18 
1350	6  31  25 
1350	3  15  20  14 
1353	3  14  20  13 
1296	6  34  28 
1304	6  33  28 
1350	6  33  27 
1356	6  23  21 
1362	6  29  22 
1362	3  13  20  18 
1365	3  18  20  25 
1368	6  27  20 
1374	3  25  27  32 
1368	6  16  10 
1374	6  23  16 
1377	3  32  27  20 
1380	3  20  27  21 
1383	6  28  27 
1383	6  16  11 
1389	6  28  22 
1374	6   9   8 
1395	3  21  22  28 
1389	6  11   9 
1398	3  28  22  29 
1401	3  29  22  23 
1404	3  23  22  16 
1407	6  23  17 
1413	3  16  22  23 
1416	6  16  11 
1380	6  25  24 
1389	6  26  25 
1401	6  27  26 
1422	3  17  22  16 
1407	6  34  33 
1425	3  29  22  27 
1428	6  33  27 
1398	6  19  14 
1434	3  28  22  34 
1437	3  21  22  27 
1440	6  15  14 
1440	6  27  22 
1446	3  20  27  15 
1449	6  27  26 
1449	6  30  18 
1455	3  32  26  27 
1458	6  26  24 
1464	3  26  24  25 
1455	6  13  12 
1467	3  30  24  31 
1470	6  24  12 
1476	3  24  12  18 
1479	3  19  12  13 
1482	6  12   7 
1449	6  10   3 
1455	6   3   2 
1461	6  10   4 
1467	6  15  10 
1482	6  20  15 
1488	3  14   7   9 
1491	3   8   7   2 
1491	6  20  19 
1497	3  12   7  19 
1500	3   1   7   6 
