   1	1   9 
   2	1   9 
   1	1   3 
   1	1   2 
   1	1   5 
   1	1   4 
   1	1  11 
   1	1   7 
   1	1   6 
   1	1   8 
   1	1  10 
   2	1  10 
   1	1   0 
   1	1   1 
   2	2   7  11 
   2	2   1   4 
   4	2   9   1 
   6	1   1 
   6	2   2   3 
   6	2   4   9 
   8	1   9 
   8	2   4   1 
  10	6   5   0 
  10	1   4 
  10	1   1 
  16	2   9   1 
  18	2   4   9 
  20	1   9 
  21	1   9 
  22	1   9 
  20	2   1   4 
  22	1   4 
  22	1   1 
  23	1   1 
  22	2   5   0 
  24	2   1   5 
  26	1   5 
  26	2   0   1 
  28	1   1 
  28	2   0   5 
  30	1   0 
  30	1   5 
  31	2   1   5 
  33	2   0   1 
  35	1   1 
  36	1   1 
  37	1   1 
  35	2   5   0 
  37	1   0 
  37	1   5 
  38	1   5 
   8	6   7   3 
  39	2   5   2 
  41	1   2 
  41	2   7   5 
  43	1   5 
  43	2   7   2 
  45	1   7 
  45	1   2 
  46	2   5   2 
  48	2   7   5 
  50	1   5 
  51	1   5 
  50	2   2   7 
  52	1   7 
  52	1   2 
  52	2   5   0 
  54	2   1   5 
  56	1   5 
  56	2   0   1 
  58	1   1 
  58	2   0   5 
  60	1   0 
  60	1   5 
  61	2   1   5 
  63	2   0   1 
  65	1   1 
  66	1   1 
  65	2   5   0 
  67	1   0 
  67	1   5 
  67	2   1   4 
  69	2   9   1 
  71	1   1 
  71	2   2   7 
  71	2   4   9 
  73	1   9 
  73	2   4   1 
  75	1   4 
  75	1   1 
  76	2   9   1 
  78	2   4   9 
  80	1   9 
  81	1   9 
  80	2   1   4 
  82	1   4 
  82	1   1 
  83	1   1 
  82	2   5   0 
  84	2   1   5 
  86	1   5 
  86	2   0   1 
  88	1   1 
  88	2   0   5 
  90	1   0 
  90	1   5 
  91	2   1   5 
  93	2   0   1 
  95	1   1 
  96	1   1 
  97	1   1 
  95	2   5   0 
  97	1   0 
  97	1   5 
  98	1   5 
  99	2   5   2 
 101	1   2 
 101	2   7   5 
 103	1   5 
 103	2   7   2 
 105	1   7 
 105	1   2 
 106	2   5   2 
 108	2   7   5 
 110	1   5 
 111	1   5 
 110	2   2   7 
 112	1   7 
 112	1   2 
 113	2   2   6 
 115	2   5   0 
 117	2   1   5 
 119	2   0   1 
 119	1   5 
 121	1   1 
 121	2   0   5 
 123	1   0 
 123	1   5 
 124	2   1   5 
 126	2   0   1 
 128	1   1 
 129	1   1 
 128	2   5   0 
 130	1   5 
 131	2   5   9 
 130	1   0 
 133	2  10   5 
 135	1   5 
 135	2   4   1 
 135	2   9  10 
 137	1  10 
 137	2   9   5 
 139	1   9 
 139	1   5 
 140	2  10   5 
 142	2   9  10 
 144	1  10 
 145	1  10 
 144	2   5   9 
 146	2   0   8 
 146	1  10 
 146	1   5 
 148	1   9 
 147	1   5 
 148	2   5   4 
 150	1   4 
 150	2   1   5 
 152	2   1   4 
 154	1   4 
 152	1   5 
 155	2   5   4 
 154	1   1 
 157	2   1   5 
 159	1   5 
 160	1   5 
 159	2   4   1 
 161	6   5   0 
 161	1   4 
 162	1   4 
 167	1   0 
 161	1   1 
 167	2   4   5 
 169	2   8   4 
 169	1   5 
 144	6  11   7 
 171	1   4 
 171	2   8   5 
 173	1   8 
 173	1   5 
 174	2   4   5 
 176	2   8   4 
 178	1   4 
 179	1   4 
 180	1   4 
 178	2   5   8 
 180	1   8 
 180	1   5 
 181	1   5 
 182	2   5   2 
 184	2   6   5 
 184	1   2 
 186	1   5 
 186	2   6   2 
 188	1   6 
 188	1   2 
 189	2   5   2 
 191	2   6   5 
 193	1   5 
 194	1   5 
 195	1   5 
 193	2   2   6 
 195	1   6 
 195	1   2 
 196	1   2 
 197	2   2   3 
 199	1   3 
 199	2   7   2 
 201	2   7   3 
 203	1   7 
 201	1   2 
 203	1   3 
 204	2   2   3 
 206	2   7   2 
 208	1   2 
 208	2   3   7 
 210	1   7 
 210	1   3 
 209	1   2 
 210	2   2   6 
 212	2   5   2 
 214	2   6   5 
 214	1   2 
 216	1   5 
 216	2   6   2 
 218	1   6 
 218	1   2 
 219	2   5   2 
 221	2   6   5 
 223	1   5 
 224	1   5 
 223	2   2   6 
 225	1   2 
 225	1   6 
 226	2   2   6 
 228	2   5   8 
 228	2   3   7 
 230	2   4   5 
 232	1   5 
 232	2   8   4 
 234	1   4 
 234	2   8   5 
 236	1   5 
 236	1   8 
 237	2   4   5 
 239	2   8   4 
 241	6   9   5 
 241	1   4 
 242	1   4 
 247	2   9   8 
 249	2   4   1 
 249	1   9 
 251	2   0   4 
 253	1   4 
 249	1   8 
 253	2   1   0 
 255	2   1   4 
 255	1   0 
 257	1   1 
 257	1   4 
 258	2   0   4 
 249	6  10   6 
 257	6   6   2 
 263	2   1   0 
 265	2   4   1 
 267	1   4 
 267	1   1 
 265	1   0 
 266	1   0 
 267	2   0   5 
 269	2   2   0 
 271	1   0 
 269	2   9   8 
 271	2   5   2 
 273	1   2 
 273	2   5   0 
 275	1   5 
 275	1   0 
 276	2   2   0 
 278	2   5   2 
 280	2   0   5 
 280	1   2 
 282	1   5 
 282	1   0 
 283	1   5 
 281	1   2 
 282	2   4   1 
 282	1   2 
 283	1   0 
 284	2   0   4 
 286	1   4 
 286	2   1   0 
 288	2   1   4 
 290	1   1 
 288	1   0 
 290	1   4 
 291	2   0   4 
 293	2   1   0 
 295	1   0 
 296	1   0 
 295	2   4   1 
 297	6   5   0 
 303	1   5 
 297	1   4 
 298	1   4 
 303	2   4   9 
 305	1   9 
 297	1   1 
 305	2   8   4 
 307	1   4 
 307	2   8   9 
 309	1   8 
 309	1   9 
 310	2   4   9 
 312	2   8   4 
 314	1   4 
 314	2   9   8 
 315	1   4 
 316	1   8 
 316	1   4 
 316	1   9 
 317	1   9 
 318	2   9   6 
 320	2  10   9 
 322	1   9 
 320	1   6 
 322	2  10   6 
 324	1   6 
 324	1  10 
 325	2   9   6 
 327	2  10   9 
 329	1   9 
 330	1   9 
 331	1   9 
 329	2   6  10 
 331	1  10 
 331	1   6 
 332	1   6 
 333	2   6   3 
 335	1   3 
 335	2   7   6 
 337	1   6 
 337	2   7   3 
 339	1   3 
 339	1   7 
 340	2   6   3 
 342	2   7   6 
 344	1   6 
 345	1   6 
 346	2   6  10 
 348	2   9   6 
 350	2  10   9 
 352	1   9 
 350	1   6 
 352	2  10   6 
 354	1   6 
 354	1  10 
 355	2   9   6 
 357	2   3   7 
 359	1   3 
 359	1   7 
 357	2  10   9 
 359	1   9 
 360	1   9 
 359	2   6  10 
 361	1  10 
 361	1   6 
 361	2   9   8 
 361	2   3   7 
 363	2   4   9 
 363	6  11   7 
 365	1   9 
 369	2   6   7 
 365	2   8   4 
 367	2   8   9 
 369	1   9 
 367	1   4 
 369	1   8 
 370	2   4   9 
 372	2   8   4 
 374	1   4 
 375	1   4 
 374	2   9   8 
 376	1   9 
 376	1   8 
 376	2   4   1 
 378	2   5   4 
 380	1   4 
 380	2   1   5 
 382	1   5 
 382	2   1   4 
 384	1   4 
 384	1   1 
 385	2   5   4 
 387	2   1   5 
 389	1   5 
 390	1   5 
 389	2   4   1 
 391	1   4 
 391	1   1 
 391	2   5   9 
 393	2   1   4 
 395	2   0   1 
 397	1   1 
 397	2   4   0 
 399	1   0 
 399	2   4   1 
 401	1   4 
 401	1   1 
 402	2   0   1 
 404	2   4   0 
 406	1   0 
 407	1   0 
 408	1   0 
 406	2   1   4 
 408	1   1 
 408	1   4 
 409	1   1 
 410	2   1   5 
 412	2   9   1 
 414	1   5 
 414	1   1 
 415	2   9   5 
 417	1   9 
 417	1   5 
 418	2   1   5 
 420	2   9   1 
 422	2   5   9 
 422	1   1 
 424	1   9 
 423	1   1 
 424	1   5 
 425	1   5 
 424	1   1 
 426	2   5   6 
 428	1   6 
 429	2   7   5 
 431	1   5 
 431	2   7   6 
 433	1   7 
 433	1   6 
 434	2   5   6 
 436	2   7   5 
 438	1   5 
 438	2   6   7 
 439	1   5 
 440	1   7 
 440	1   6 
 440	2   5   9 
 442	2   1   5 
 444	2   9   1 
 446	1   1 
 446	1   5 
 447	2   9   5 
 449	1   5 
 449	1   9 
 450	2   1   5 
 452	2   9   1 
 454	2   5   9 
 456	2   6   7 
 456	1   9 
 456	1   5 
 454	1   1 
 455	1   1 
 456	2   1   4 
 458	2   0   1 
 460	1   1 
 460	2   4   0 
 462	2   4   1 
 464	1   1 
 462	1   0 
 464	1   4 
 465	2   0   1 
 467	2   4   0 
 469	2   1   4 
 471	1   1 
 471	1   4 
 471	2   5   9 
 469	1   0 
 470	1   0 
 472	1   1 
 473	2   1   5 
 475	2   9   1 
 477	1   5 
 478	2   9   5 
 480	1   9 
 477	1   1 
 480	1   5 
 481	2   1   5 
 483	2   9   1 
 485	2   5   9 
 485	1   1 
 487	1   9 
 486	1   1 
 487	1   1 
 487	1   5 
 488	1   5 
 489	2   5   6 
 491	2   7   5 
 493	1   6 
 493	1   5 
 494	2   7   6 
 496	1   6 
 496	1   7 
 497	2   5   6 
 499	2   7   5 
 501	1   5 
 502	1   5 
 501	2   6   7 
 503	2   5   9 
 503	1   6 
 503	1   7 
 505	2   1   5 
 507	1   5 
 508	2   9   1 
 510	1   1 
 510	2   9   5 
 512	1   9 
 512	1   5 
 513	2   1   5 
 515	2   9   1 
 517	1   1 
 518	1   1 
 517	2   5   9 
 519	1   9 
 519	2   4   1 
 519	2   6  10 
 519	1   5 
 521	2   5   0 
 523	2   2   5 
 525	2   0   2 
 525	1   5 
 525	2   9   8 
 527	2   0   5 
 529	1   0 
 527	1   2 
 529	1   5 
 530	2   2   5 
 532	2   0   2 
 534	1   2 
 535	1   2 
 536	1   2 
 534	2   5   0 
 536	1   0 
 536	1   5 
 537	1   5 
 538	2   5   4 
 540	1   4 
 540	2   1   5 
 542	2   1   4 
 544	1   4 
 542	1   5 
 544	1   1 
 545	2   5   4 
 547	2   1   5 
 549	2   4   1 
 551	1   1 
 549	1   5 
 550	1   5 
 551	1   4 
 551	1   5 
 552	1   4 
 553	2   4   9 
 555	1   9 
 555	2   8   4 
 557	2   8   9 
 559	1   8 
 557	1   4 
 559	1   9 
 560	2   4   9 
 562	2   8   4 
 564	1   4 
 565	1   4 
 564	2   9   8 
 566	1   4 
 566	1   9 
 567	1   9 
 566	1   8 
 568	2   9   6 
 570	1   6 
 570	2  10   9 
 572	1   9 
 572	2  10   6 
 574	1   6 
 574	1  10 
 575	2   9   6 
 577	2  10   9 
 579	1   9 
 580	1   9 
 581	1   9 
 579	2   6  10 
 581	1  10 
 581	1   6 
 582	1   6 
 583	2   6   3 
 585	1   3 
 585	2  11   6 
 587	1   6 
 587	2  11   3 
 589	1   3 
 590	2   6   3 
 589	1  11 
 592	2  11   6 
 594	1   6 
 595	1   6 
 594	2   3  11 
 596	1  11 
 596	1   3 
 596	2   6  10 
 598	2   9   6 
 600	2  10   9 
 600	1   6 
 602	2  10   6 
 602	1   9 
 604	1  10 
 604	1   6 
 605	2   9   6 
 607	2  10   9 
 609	1   9 
 610	1   9 
 609	2   6  10 
 611	2   9   8 
 611	1  10 
 612	2   3  11 
 613	2   4   9 
 611	1   6 
 615	2   8   4 
 617	1   4 
 615	1   9 
 617	2   8   9 
 619	1   9 
 620	2   4   9 
 619	1   8 
 622	2   8   4 
 624	1   4 
 625	1   4 
 622	2   6  10 
 626	2   4   1 
 628	2   5   4 
 630	1   4 
 630	2   1   5 
 632	1   5 
 632	2   1   4 
 634	1   1 
 634	1   4 
 635	2   5   4 
 637	2   1   5 
 639	1   5 
 640	1   5 
 641	2   5   0 
 643	2   2   5 
 645	1   5 
 645	2   9   8 
 647	1   8 
 647	1   9 
 645	2   0   2 
 647	2   0   5 
 649	2   4   1 
 651	1   4 
 651	1   1 
 649	1   0 
 647	1   2 
 649	1   5 
 651	2   2   5 
 653	2   0   2 
 653	2   9   8 
 655	1   2 
 655	2   5   0 
 657	2   4   1 
 657	1   0 
 658	1   0 
 656	1   2 
 657	1   5 
 658	1   5 
 659	2   5   4 
 661	1   4 
 661	2   1   5 
 663	2   1   4 
 663	1   5 
 665	1   1 
 665	1   4 
 666	2   5   4 
 668	2   1   5 
 670	1   5 
 670	2   4   1 
 672	1   4 
 671	1   5 
 673	1   4 
 672	1   5 
 672	1   1 
 674	2   4   9 
 676	2   8   4 
 676	1   9 
 678	2   8   9 
 680	1   9 
 680	1   8 
 678	1   4 
 681	2   4   9 
 683	2   8   4 
 685	2   9   8 
 687	1   9 
 688	1   9 
 687	1   8 
 685	1   4 
 689	2   9   6 
 691	2  10   9 
 686	1   4 
 693	1   9 
 687	1   4 
 691	1   6 
 693	2  10   6 
 695	1  10 
 695	1   6 
 696	2   9   6 
 698	2  10   9 
 700	1   9 
 701	1   9 
 702	1   9 
 700	2   6  10 
 702	1  10 
 702	1   6 
 703	1   6 
 704	2   6   3 
 706	1   3 
 706	2  11   6 
 708	2  11   3 
 710	1  11 
 708	1   6 
 710	1   3 
 711	2   6   3 
 713	2  11   6 
 715	1   6 
 716	1   6 
 715	2   3  11 
 717	2   6  10 
 719	2   9   6 
 721	1   6 
 721	2  10   9 
 717	1  11 
 723	1   9 
 717	1   3 
 723	2  10   6 
 725	1  10 
 725	1   6 
 726	2   9   6 
 728	2  10   9 
 730	2   3  11 
 730	1   9 
 731	1   9 
 732	2   9   8 
 734	2   4   9 
 736	1   9 
 736	2   6  10 
 736	2   8   4 
 738	1   6 
 739	2   6   7 
 738	1   4 
 738	2   8   9 
 738	1  10 
 740	1   8 
 740	1   9 
 741	2   4   9 
 743	2   8   4 
 745	1   4 
 746	1   4 
 745	2   9   8 
 747	1   8 
 748	1   8 
 747	1   9 
 747	2   4   1 
 749	2   5   4 
 751	1   4 
 751	2   1   5 
 753	1   5 
 753	2   1   4 
 755	1   1 
 755	1   4 
 756	2   5   4 
 758	2   1   5 
 760	2   4   1 
 762	1   4 
 760	1   5 
 761	1   5 
 762	1   1 
 762	2   5   9 
 764	2   1   4 
 766	2   0   1 
 768	2   4   0 
 768	1   1 
 770	2   4   1 
 772	1   4 
 772	1   1 
 770	1   0 
 773	2   0   1 
 775	2   4   0 
 777	2   1   4 
 779	1   1 
 780	1   1 
 781	2   1   5 
 783	2   9   1 
 785	1   5 
 785	1   1 
 786	2   9   5 
 788	1   9 
 779	1   4 
 785	1   0 
 788	1   5 
 789	2   1   5 
 786	1   0 
 791	2   9   1 
 793	2   5   9 
 795	1   5 
 795	1   9 
 793	1   1 
 793	1   0 
 794	1   1 
 795	1   1 
 796	1   5 
 797	2   5   6 
 799	1   6 
 800	2   7   5 
 802	1   5 
 802	2   7   6 
 804	1   6 
 805	2   5   6 
 804	1   7 
 807	2   7   5 
 809	2   6   7 
 811	1   6 
 809	1   5 
 810	1   5 
 811	2   5   9 
 811	1   7 
 813	2   1   5 
 815	2   6   7 
 817	2   9   1 
 819	1   5 
 819	1   1 
 820	2   9   5 
 822	1   9 
 822	1   5 
 823	2   1   5 
 825	2   9   1 
 827	2   5   9 
 827	1   1 
 829	1   5 
 828	1   1 
 829	1   9 
 830	2   5   9 
 832	2   1   4 
 834	2   0   1 
 836	2   4   0 
 836	1   1 
 838	2   4   1 
 838	1   0 
 840	1   1 
 840	1   4 
 841	2   0   1 
 843	2   4   0 
 845	2   1   4 
 845	1   0 
 846	1   0 
 847	6   9   4 
 847	1   1 
 853	1   9 
 848	1   1 
 853	2   1   5 
 855	6  10   9 
 855	1   5 
 855	2   4   1 
 857	1   1 
 861	2   4   5 
 863	1   5 
 864	2   1   5 
 863	1   4 
 866	2   4   1 
 868	2   5   4 
 868	1   1 
 870	1   4 
 870	2  10   9 
 869	1   1 
 870	1   1 
 870	1   5 
 871	1   5 
 872	2   5   6 
 874	1   6 
 875	2   7   5 
 877	1   5 
 877	2   7   6 
 879	1   7 
 879	1   6 
 880	2   5   6 
 882	2   7   5 
 884	1   5 
 884	2   6   7 
 885	1   5 
 886	1   7 
 886	1   6 
 886	2   5   4 
 888	2   1   5 
 890	2   4   1 
 890	1   5 
 890	2   6   7 
 892	1   1 
 892	2   4   5 
 894	6   9   6 
 894	1   4 
 894	1   5 
 900	2   1   5 
 900	6   7   3 
 902	2   4   1 
 904	1   1 
 904	2   5   4 
 906	1   5 
 906	1   4 
 905	1   1 
 907	2   5   0 
 909	2   8   5 
 911	2   0   8 
 913	1   8 
 911	1   5 
 913	2   0   5 
 915	1   5 
 915	1   0 
 916	2   8   5 
 918	2   0   8 
 920	2   5   0 
 922	1   0 
 920	1   8 
 922	1   5 
 923	1   5 
 921	1   8 
 922	2   2   1 
 922	1   8 
 924	2   5   2 
 926	1   2 
 926	2   1   5 
 928	1   5 
 928	2   1   2 
 930	1   1 
 930	1   2 
 931	2   5   2 
 933	2   1   5 
 935	1   5 
 936	1   5 
 937	1   5 
 935	2   2   1 
 937	1   2 
 938	1   2 
 939	2   2  10 
 941	1  10 
 941	1   1 
 941	2   6   2 
 943	1   2 
 943	2   6  10 
 945	1   6 
 945	1  10 
 946	2   2  10 
 948	2   6   2 
 950	1   2 
 951	1   2 
 952	1   2 
 950	2  10   6 
 952	1   6 
 952	1  10 
 953	1  10 
 954	2  10   7 
 956	1   7 
 956	2  11  10 
 958	2  11   7 
 960	1  11 
 960	1   7 
 958	1  10 
 961	2  10   7 
 963	2  11  10 
 965	1  10 
 966	1  10 
 965	2   7  11 
 967	1  11 
 967	1   7 
 967	2  10   6 
 969	2   2  10 
 971	2   6   2 
 973	1   2 
 971	1  10 
 973	2   6  10 
 975	1   6 
 975	1  10 
 976	2   2  10 
 978	2   6   2 
 980	2  10   6 
 980	1   2 
 981	1   2 
 982	2   7  11 
 982	1  10 
 982	1   6 
 982	2   2   1 
 984	2   5   2 
 986	1   2 
 986	2   1   5 
 988	2   1   2 
 990	1   2 
 990	1   1 
 988	1   5 
 991	2   5   2 
 993	2   1   5 
 995	2   2   1 
 997	1   2 
 995	1   5 
 997	1   1 
 996	1   5 
 997	2   5   0 
 999	2   8   5 
1001	2  10   6 
1001	2   0   8 
1003	1   8 
1001	1   5 
1003	2   0   5 
1005	1   5 
1006	2   8   5 
1005	1   0 
1008	2   0   8 
1010	1   8 
1011	1   8 
1010	2   5   0 
1012	1   8 
1012	1   0 
1012	2   2   1 
1013	1   0 
1012	1   5 
1013	1   5 
1014	2   5   2 
1016	2   1   5 
1016	1   2 
1018	1   5 
1018	2   1   2 
1020	1   1 
1020	1   2 
1021	2   5   2 
1023	2   1   5 
1025	1   5 
1025	2   2   1 
1026	1   5 
1027	1   5 
1027	1   1 
1027	1   2 
1028	1   2 
1029	2   2  10 
1031	2   6   2 
1033	1   2 
1031	1  10 
1033	2   6  10 
1035	1   6 
1035	1  10 
1036	2   2  10 
1038	2   6   2 
1040	1   2 
1041	1   2 
1042	1   2 
1040	2  10   6 
1042	1   6 
1042	1  10 
1043	1  10 
1044	2  10   7 
1046	1   7 
1046	2  11  10 
1048	1  10 
1048	2  11   7 
1050	1  11 
1050	1   7 
1051	2  10   7 
1053	2  11  10 
1055	1  10 
1056	1  10 
1057	2  10   6 
1059	2   2  10 
1061	2   6   2 
1061	1  10 
1063	2   6  10 
1065	1   6 
1065	1  10 
1063	1   2 
1066	2   2  10 
1068	2   6   2 
1070	1   2 
1071	1   2 
1070	2  10   6 
1072	2   2   1 
1074	2   5   2 
1072	1   6 
1076	1   2 
1072	1  10 
1072	2   7  11 
1076	2   1   5 
1078	1   5 
1074	1   7 
1074	1  11 
1078	2   1   2 
1080	1   2 
1080	1   1 
1075	2   7  11 
1078	6  10   9 
1084	2   5   2 
1086	2   1   5 
1088	6   9   4 
1088	2   2   1 
1088	1   5 
1090	1   1 
1094	2   1   4 
1089	1   5 
1090	1   2 
1090	6   7   3 
1096	2   0   1 
1098	2   4   0 
1100	1   0 
1098	1   1 
1100	2   4   1 
1102	1   4 
1102	1   1 
1103	2   0   1 
1105	2   4   0 
1107	2   1   4 
1109	2   5   9 
1109	1   1 
1107	1   0 
1110	1   1 
1109	1   4 
1111	2   1   5 
1113	1   5 
1108	1   0 
1114	2   9   1 
1116	2   9   5 
1116	1   0 
1116	1   1 
1118	1   9 
1118	1   5 
1119	2   1   5 
1121	2   9   1 
1123	2   5   9 
1125	1   9 
1123	1   1 
1124	1   1 
1125	1   1 
1125	1   5 
1126	1   5 
1127	2   5  10 
1129	1  10 
1129	2   7   5 
1131	1   5 
1131	2   7  10 
1133	1   7 
1133	1  10 
1134	2   5  10 
1136	2   7   5 
1138	1   5 
1138	2  10   7 
1140	1  10 
1140	1   7 
1139	1   5 
1140	2   5   9 
1142	2  10   7 
1142	2   1   5 
1144	1   5 
1145	2   9   1 
1147	1   1 
1147	2   9   5 
1149	1   9 
1149	1   5 
1150	2   1   5 
1152	2   9   1 
1154	1   1 
1155	1   1 
1156	2   1   4 
1158	2   0   1 
1160	1   1 
1160	2   4   0 
1162	1   0 
1162	2   4   1 
1164	1   4 
1164	1   1 
1164	2   5   9 
1166	1   9 
1166	1   5 
1166	2   0   1 
1168	2   4   0 
1170	1   0 
1170	2   1   4 
1172	1   1 
1173	1   1 
1172	1   4 
1172	2   5   9 
1174	2   1   5 
1176	1   5 
1171	1   0 
1177	2   9   1 
1179	2   9   5 
1181	1   5 
1181	1   9 
1179	1   1 
1182	2   1   5 
1184	2   9   1 
1186	1   1 
1186	2   5   9 
1187	1   1 
1188	1   5 
1188	1   9 
1188	1   1 
1189	1   5 
1190	2   5  10 
1192	2   7   5 
1194	1   5 
1192	1  10 
1194	2   7  10 
1196	1   7 
1196	1  10 
1197	2   5  10 
1199	2   7   5 
1201	2  10   7 
1201	1   5 
1203	1   7 
1202	1   5 
1203	1  10 
1203	2   5   9 
1205	2  10   7 
1205	2   1   5 
1207	6   6   4 
1213	2   9   1 
1215	1   5 
1216	2   9   5 
1218	1   5 
1215	1   1 
1218	1   9 
1219	2   1   5 
1221	2   6   4 
1223	2   9   1 
1225	1   1 
1225	2   5   9 
1227	1   9 
1227	1   5 
1226	1   1 
1228	2   5   0 
1230	2   8   5 
1232	2   0   8 
1234	2   2   1 
1234	1   8 
1232	1   5 
1236	2   0   5 
1238	1   5 
1239	2   8   5 
1238	1   0 
1241	2   0   8 
1243	1   8 
1244	1   8 
1243	2   5   0 
1245	1   0 
1245	1   5 
1245	1   8 
1246	6   5   2 
1252	1   2 
1253	2   2   5 
1255	2   1   2 
1255	1   5 
1257	1   2 
1257	2   1   5 
1259	1   5 
1259	1   1 
1260	2   2   5 
1262	2   1   2 
1264	2   5   1 
1266	1   5 
1264	1   2 
1266	1   1 
1267	1   5 
1265	1   2 
1266	1   2 
1266	6  10   8 
1272	2   5   6 
1274	1   6 
1274	2   4   5 
1276	2   4   6 
1278	1   6 
1278	1   4 
1278	1   5 
1279	2   5   6 
1281	2   4   5 
1283	2   6   4 
1285	1   6 
1286	1   6 
1287	2   6   3 
1285	1   5 
1286	1   5 
1289	1   3 
1287	1   5 
1285	1   4 
1289	2  11   6 
1291	1   6 
1291	2  11   3 
1293	1   3 
1294	2   6   3 
1293	1  11 
1296	2  11   6 
1298	1   6 
1298	2   3  11 
1300	1  11 
1299	1   6 
1300	1   3 
1300	2   6   4 
1302	2   5   6 
1304	1   6 
1304	2   3  11 
1304	2   4   5 
1306	2   4   6 
1308	1   5 
1308	1   6 
1309	2   5   6 
1308	1   4 
1311	2   4   5 
1313	1   5 
1314	1   5 
1315	2   5   1 
1317	2   2   5 
1319	2   1   2 
1321	1   2 
1319	1   5 
1321	2   1   5 
1323	1   5 
1324	2   2   5 
1326	2   6   4 
1323	1   1 
1328	6   5   0 
1328	1   6 
1334	2   1   2 
1336	1   2 
1328	1   4 
1337	1   2 
1336	2   0   1 
1338	2   2   5 
1338	1   1 
1340	2  10   2 
1342	1   2 
1342	2   5  10 
1344	2   5   2 
1346	1   5 
1346	1   2 
1338	1   0 
1344	1  10 
1347	2   6   4 
1349	2  10   2 
1351	2   5  10 
1353	1  10 
1353	2   2   5 
1355	1   2 
1354	1  10 
1356	1   2 
1355	2   0   1 
1357	2   2   0 
1359	1   0 
1355	1   5 
1356	1   5 
1359	2   1   2 
1361	1   2 
1361	2   1   0 
1363	1   0 
1363	1   1 
1364	2   2   0 
1366	2   1   2 
1368	6   1   0 
1368	1   2 
1369	1   2 
1374	2   1   0 
1370	1   2 
1376	1   1 
1376	1   0 
1355	6   9   8 
1377	1   1 
1366	6  10   7 
1378	2   1   6 
1380	2   4   1 
1380	1   6 
1382	1   1 
1382	2   4   6 
1384	1   4 
1384	1   6 
1385	2   1   6 
1387	2   4   1 
1389	1   1 
1390	1   1 
1391	1   1 
1389	2   6   4 
1391	1   4 
1391	1   6 
1392	1   6 
1393	2   6   3 
1395	1   3 
1395	2  11   6 
1397	1   6 
1397	2  11   3 
1399	1   3 
1399	1  11 
1400	2   6   3 
1402	2  11   6 
1404	1   6 
1404	2   3  11 
1405	1   6 
1406	2   6   4 
1406	1   3 
1408	2   1   6 
1406	1  11 
1410	2   7   3 
1410	1   6 
1410	2   4   1 
1412	2   4   6 
1414	1   4 
1414	1   6 
1412	1   1 
1415	2   1   6 
1417	2   4   1 
1419	1   1 
1420	1   1 
1421	2   1   0 
1423	2   2   1 
1423	6   9   4 
1425	1   1 
1429	6  10   9 
1429	2   0   2 
1431	1   2 
1431	2   0   1 
1433	1   0 
1433	1   1 
1434	2   2   1 
1436	2   0   2 
1438	1   2 
1438	2   6  10 
1439	1   2 
1438	2   1   0 
1440	6   8   0 
1446	1   1 
1446	1   8 
1440	1   6 
1440	1  10 
1441	2  11   6 
1441	1  10 
1447	2   8   0 
1449	2   5   8 
1451	1   8 
1451	2   0   5 
1453	2   0   8 
1453	1   5 
1455	1   0 
1455	1   8 
1456	2   5   8 
1458	2   0   5 
1460	2   8   0 
1460	1   5 
1462	1   8 
1462	1   0 
1463	1   8 
1461	1   5 
1462	1   5 
1464	2   8   4 
1466	2   9   8 
1466	1   4 
1468	1   8 
1468	2   9   4 
1470	1   4 
1471	2   8   4 
1470	1   9 
1473	2   9   8 
1475	1   8 
1475	2   4   9 
1476	1   8 
1477	2   8   0 
1479	1   9 
1479	2   5   8 
1481	1   8 
1479	1   4 
1481	2   4   9 
1483	2   0   5 
1485	1   5 
1485	2   0   8 
1487	1   0 
1487	1   8 
1488	2   5   8 
1490	2   0   5 
1492	2   8   0 
1494	1   8 
1495	1   8 
1496	2   8   4 
1498	1   4 
1498	2   9   8 
1492	1   5 
1500	1   8 
1493	1   5 
1500	2   9   4 
1502	1   9 
1494	1   0 
1502	1   4 
1502	2   2   5 
1504	2  10   2 
1506	1   2 
1504	2   8   4 
1506	2   5  10 
1508	1  10 
1508	2   9   8 
1510	1   8 
1510	2   5   2 
1511	1   8 
1512	6   8   0 
1512	1   5 
1512	1   2 
1512	6   7   6 
1518	2  10   2 
1520	2   5  10 
1522	2   2   5 
1524	2   1   0 
1526	2   4   9 
1528	1   9 
1524	1   5 
1524	1   2 
1528	1   4 
1522	1  10 
1523	1  10 
1525	1   2 
1524	1  10 
1526	2   2   1 
1528	1   1 
1529	2   0   2 
1531	2   0   1 
1533	1   0 
1533	1   1 
1531	1   2 
1534	2   2   1 
1533	2   4   9 
1536	2   0   2 
1538	1   2 
1539	1   2 
1540	1   2 
1538	2   1   0 
1540	1   1 
1541	1   1 
1542	2   1   6 
1544	1   6 
1540	1   0 
1544	2   3   1 
1546	2   3   6 
1546	1   1 
1548	1   3 
1548	1   6 
1549	2   1   6 
1551	2   3   1 
1553	1   1 
1554	1   1 
1555	1   1 
1553	2   6   3 
1555	1   6 
1556	1   6 
1555	1   3 
1557	2   6  11 
1559	1  11 
1559	2   7   6 
1561	2   7  11 
1563	1  11 
1563	1   7 
1561	1   6 
1564	2   6  11 
1566	2   7   6 
1568	2  11   7 
1570	1  11 
1570	1   7 
1568	1   6 
1569	1   6 
1570	2   6   3 
1572	2   1   6 
1574	2   3   1 
1574	1   6 
1576	1   1 
1576	2   3   6 
1578	1   3 
1578	1   6 
1579	2   1   6 
1581	2   3   1 
1583	2  11   7 
1585	2   6   3 
1587	1   3 
1583	1   1 
1584	1   1 
1585	2   1   0 
1587	2   2   1 
1589	2   0   2 
1591	1   6 
1591	1   1 
1591	1   2 
1592	2   6   3 
1592	2   0   1 
1594	1   1 
1594	1   0 
1595	2   2   1 
1597	2   0   2 
1599	1   2 
1600	1   2 
1599	2   1   0 
1601	1   0 
1601	1   1 
1601	2   2   5 
1603	2  10   2 
1605	1   2 
1605	2   5  10 
1607	1  10 
1607	2   5   2 
1609	1   2 
1610	2  10   2 
1609	1   5 
1612	2   5  10 
1614	2   2   5 
1616	1   2 
1616	2   1   0 
1616	1   5 
1614	1  10 
1615	1  10 
1617	1   5 
1617	1   2 
1616	1  10 
1618	2   2   1 
1620	2   0   2 
1622	1   1 
1622	1   2 
1623	2   0   1 
1625	1   1 
1626	2   2   1 
1625	1   0 
1628	2   0   2 
1630	1   2 
1630	2   1   0 
1632	1   1 
1632	1   0 
1631	1   2 
1632	1   2 
1633	1   1 
1634	2   1   6 
1636	1   6 
1636	2   3   1 
1638	2   3   6 
1640	1   3 
1638	1   1 
1640	1   6 
1641	2   1   6 
1643	2   3   1 
1645	2   6   3 
1645	1   1 
1646	1   1 
1647	1   1 
1647	1   3 
1647	1   6 
1648	1   6 
1649	2   6  11 
1651	1  11 
1651	2   7   6 
1653	2   7  11 
1655	1   7 
1655	1  11 
1653	1   6 
1656	2   6  11 
1658	2   7   6 
1660	1   6 
1660	2  11   7 
1662	1  11 
1662	1   7 
1661	1   6 
1662	2   6   3 
1664	2   1   6 
1666	2   3   1 
1666	1   6 
1668	1   1 
1668	2  11   7 
1670	2   3   6 
1672	1   3 
1672	1   6 
1673	2   1   6 
1675	2   3   1 
1677	1   1 
1678	1   1 
1677	2   6   3 
1679	1   6 
1679	2   1   0 
1681	2   2   1 
1683	2   0   2 
1685	1   2 
1685	1   1 
1686	2   0   1 
1685	1   3 
1688	1   0 
1686	2   6   3 
1688	1   1 
1689	2   2   1 
1691	2   0   2 
1693	1   2 
1693	2   1   0 
1694	1   2 
1695	6   8   0 
1701	1   8 
1702	2   8   0 
1704	1   1 
1704	2   5   8 
1706	1   8 
1706	2   0   5 
1708	2   0   8 
1708	1   5 
1710	1   8 
1710	1   0 
1711	2   5   8 
1713	2   0   5 
1715	2   8   0 
1715	1   5 
1717	1   8 
1716	1   5 
1717	1   5 
1717	1   0 
1718	1   8 
1719	2   8   4 
1721	2   9   8 
1723	1   8 
1721	1   4 
1723	2   9   4 
1725	1   9 
1725	1   4 
1726	2   8   4 
1728	2   9   8 
1730	1   8 
1730	2   4   9 
1731	1   8 
1732	2   8   0 
1734	1   4 
1734	2   5   8 
1734	1   9 
1736	1   8 
1736	2   0   5 
1738	2   4   9 
1740	2   0   8 
1738	1   5 
1742	1   8 
1742	1   0 
1743	2   5   8 
1745	2   0   5 
1747	1   5 
1747	2   8   0 
1749	1   0 
1749	1   8 
1748	1   5 
1749	2   2   5 
1750	1   8 
1751	2   8   4 
1751	2  10   2 
1753	2   5  10 
1753	1   2 
1755	1  10 
1753	1   4 
1755	2   9   8 
1757	1   8 
1757	2   5   2 
1759	1   5 
1759	2   9   4 
1761	1   9 
1761	1   4 
1759	1   2 
1762	2  10   2 
1762	2   8   4 
1764	2   9   8 
1766	6   8   0 
1772	2   5  10 
1774	2   2   5 
1772	1   0 
1773	1   0 
1776	2   1   0 
1776	1   5 
1776	1   2 
1774	1  10 
1775	1  10 
1777	1   2 
1778	2   2   1 
1780	1   1 
1776	1  10 
1778	2   4   9 
1780	1   9 
1781	2   0   2 
1783	1   2 
1783	2   0   1 
1783	1   4 
1785	1   0 
1785	1   1 
1785	2   4   9 
1786	2   2   1 
1788	2   0   2 
1790	2   1   0 
1790	1   2 
1791	1   2 
1792	1   1 
1792	1   0 
1792	1   2 
1793	1   1 
1794	2   1   6 
1796	1   6 
1796	2   3   1 
1798	2   3   6 
1800	1   6 
1798	1   1 
1800	1   3 
1801	2   1   6 
1803	2   3   1 
1805	1   1 
1806	1   1 
1807	1   1 
1805	2   6   3 
1807	1   3 
1807	1   6 
1808	1   6 
1809	2   6  11 
1811	1  11 
1811	2   7   6 
1813	1   6 
1813	2   7  11 
1815	1  11 
1815	1   7 
1816	2   6  11 
1818	2   7   6 
1820	2  11   7 
1820	1   6 
1821	1   6 
1822	1   7 
1822	2   6   3 
1822	1  11 
1824	2   1   6 
1826	1   6 
1826	2   3   1 
1828	2   3   6 
1830	1   6 
1830	2  11   7 
1830	1   3 
1828	1   1 
1832	2   1   6 
1834	2   3   1 
1836	1   1 
1837	1   1 
1836	2   6   3 
1838	1   3 
1838	2   1   0 
1840	2   2   1 
1842	1   1 
1843	2   0   2 
1845	2   0   1 
1845	1   6 
1845	1   2 
1847	1   1 
1847	1   0 
1848	2   2   1 
1850	2   0   2 
1852	2   1   0 
1854	1   0 
1852	1   2 
1854	1   1 
1853	1   2 
1855	2   1   0 
1852	2   6   3 
1857	2   2   5 
1859	2  10   2 
1861	1   2 
1861	2   5  10 
1863	2   5   2 
1865	1   2 
1865	1   5 
1863	1  10 
1866	2  10   2 
1868	2   5  10 
1870	1  10 
1871	1  10 
1870	2   2   5 
1872	6   5   0 
1872	1   2 
1873	1   2 
1878	2  10   8 
1878	2   2   1 
1880	1   1 
1878	1   0 
1880	2   5   2 
1882	2   5   1 
1882	1   2 
1884	1   5 
1884	1   1 
1885	2   2   1 
1887	2   5   2 
1889	2   1   5 
1889	1   2 
1890	1   2 
1891	1   1 
1892	1   1 
1893	2   1   6 
1891	1   5 
1891	1   2 
1895	2   3   1 
1895	1   6 
1897	1   1 
1897	2   3   6 
1899	1   3 
1899	1   6 
1900	2   1   6 
1902	2   3   1 
1904	2   6   3 
1906	1   3 
1904	1   1 
1905	1   1 
1906	1   1 
1906	1   6 
1907	1   6 
1908	2   6  11 
1910	1  11 
1910	2   7   6 
1912	1   6 
1912	2   7  11 
1914	1   7 
1914	1  11 
1915	2   6  11 
1917	2   7   6 
1919	1   6 
1920	1   6 
1921	2   6   3 
1923	2   1   6 
1925	1   6 
1925	2   3   1 
1927	1   1 
1927	2   3   6 
1929	1   3 
1929	1   6 
1930	2   1   6 
1932	2   3   1 
1934	6   6   3 
1934	1   1 
1935	1   1 
1940	2  11   7 
1942	1   7 
1940	2   1   5 
1942	2   2   1 
1944	2   3   6 
1944	1   1 
1942	1  11 
1946	1   6 
1947	1   6 
1946	1   3 
1946	2   5   2 
1946	6  11  10 
1948	1   2 
1948	2   5   1 
1950	1   5 
1950	1   1 
1951	2   2   1 
1953	2   5   2 
1955	2   1   5 
1957	1   1 
1957	1   5 
1955	1   2 
1955	2   3   7 
1956	1   2 
1958	2   2   5 
1960	2   6   2 
1962	2   5   6 
1962	1   2 
1964	1   6 
1964	2   5   2 
1966	1   2 
1967	2   6   2 
1966	1   5 
1969	2   5   6 
1971	1   6 
1972	1   6 
1971	2   2   5 
1973	6  10   6 
1979	2   1   6 
1973	1   5 
1973	1   2 
1979	1  10 
1974	1   2 
1981	6   3   1 
1987	2   2   3 
1989	2   6   2 
1991	1   2 
1989	1   3 
1991	2   6   3 
1993	1   3 
1993	1   6 
1994	2   2   3 
1996	2   6   2 
1998	1   2 
1999	1   2 
1998	2   3   6 
2000	6   2   1 
2000	1   3 
2000	1   6 
2006	1   1 
2001	1   3 
2006	2   3   2 
2000	6  11  10 
2008	1   2 
2008	2   7   3 
1987	6   8   4 
2010	2   7   2 
2010	1   3 
2012	1   7 
2012	1   2 
2013	2   3   2 
2006	6   5   4 
2015	2   7   3 
2017	2   2   7 
2019	1   7 
2019	1   2 
2017	1   3 
2018	1   3 
2019	1   3 
2020	1   2 
2021	2   2  10 
2023	2   5   2 
2023	1  10 
2025	2   5  10 
2025	1   2 
2027	1   5 
2027	1  10 
2028	2   2  10 
2030	2   5   2 
2032	1   2 
2033	1   2 
2034	1   2 
2032	2  10   5 
2034	1   5 
2034	1  10 
2035	1  10 
2036	2  10   8 
2038	1   8 
2038	2   9  10 
2040	1  10 
2040	2   9   8 
2042	1   9 
2042	1   8 
2043	2  10   8 
2045	2   9  10 
2047	2   8   9 
2047	1  10 
2049	1   9 
2049	1   8 
2048	1  10 
2049	2  10   5 
2051	2   2  10 
2053	2   8   9 
2055	2   5   2 
2057	1   2 
2053	1  10 
2057	2   5  10 
2059	1  10 
2060	2   2  10 
2059	1   5 
2062	2   5   2 
2064	1   2 
2064	2  10   5 
2066	1  10 
2065	1   2 
2066	1   5 
2066	2   2   7 
2068	6  11   9 
2068	2   3   2 
2074	2   7   3 
2076	1   3 
2074	2  10   5 
2070	1   2 
2076	2   7   2 
2078	1   7 
2078	1   2 
2076	6  13   8 
2079	2   3   2 
2081	2   7   3 
2083	2   2   7 
2083	1   3 
2084	1   3 
2085	1   2 
2085	1   7 
2085	2   3   6 
2082	6  15  13 
2087	2   1   3 
2089	1   3 
2089	2   6   1 
2091	1   1 
2091	2   6   3 
2093	1   6 
2093	1   3 
2094	2   1   3 
2096	2   6   1 
2098	2   3   6 
2098	1   1 
2100	1   6 
2100	1   3 
2099	1   1 
2100	2   1   4 
2102	2   9   1 
2104	1   1 
2104	2   2   7 
2104	2   4   9 
2106	1   9 
2106	2   4   1 
2108	1   1 
2108	1   4 
2109	2   9   1 
2111	2   4   9 
2113	2   1   4 
2115	1   1 
2113	1   9 
2114	1   9 
2116	1   1 
2115	1   4 
2115	2   3   6 
2117	2   1   3 
2119	2   6   1 
2119	1   3 
2121	1   1 
2121	2   6   3 
2123	1   6 
2123	1   3 
2124	2   1   3 
2126	2   6   1 
2128	1   1 
2129	1   1 
2128	2   3   6 
2130	1   1 
2130	1   6 
2130	1   3 
2131	1   3 
2132	2   3   2 
2134	1   2 
2134	2   7   3 
2136	2   7   2 
2138	1   2 
2136	1   3 
2139	2   3   2 
2138	1   7 
2141	2   7   3 
2143	2   2   7 
2145	1   7 
2145	1   2 
2146	1   2 
2147	2   2  10 
2149	1  10 
2149	2   5   2 
2151	1   2 
2149	1   3 
2150	1   3 
2151	2   5  10 
2153	1  10 
2153	1   5 
2151	1   3 
2154	2   2  10 
2156	2   5   2 
2158	1   2 
2159	1   2 
2160	1   2 
2158	2  10   5 
2160	1   5 
2160	1  10 
2161	1  10 
2162	2  10  15 
2164	1  15 
2164	2  11  10 
2166	1  10 
2166	2  11  15 
2168	1  11 
2168	1  15 
2169	2  10  15 
2171	2  11  10 
2173	1  10 
2174	1  10 
2173	2  15  11 
2175	2  10   5 
2175	1  11 
2175	1  15 
2177	2   2  10 
2179	1  10 
2179	2   5   2 
2181	1   2 
2179	2  15  11 
2181	2   5  10 
2183	1   5 
2183	1  10 
2184	2   2  10 
2186	2   5   2 
2188	2  10   5 
2190	1   5 
2190	1  10 
2188	1   2 
2189	1   2 
2190	2   2   7 
2192	2   3   2 
2194	1   2 
2194	2   7   3 
2196	1   3 
2196	2   7   2 
2198	1   7 
2198	1   2 
2199	2   3   2 
2201	2   7   3 
2203	1   3 
2204	1   3 
2205	2   3   6 
2207	2   1   3 
2209	2   6   1 
2209	1   3 
2211	1   1 
2211	2   6   3 
2213	1   6 
2213	1   3 
2214	2   1   3 
2216	2   6   1 
2218	1   1 
2219	1   1 
2218	2   3   6 
2220	1   6 
2221	1   6 
2220	1   3 
2220	2   1   4 
2222	2   2   7 
2224	1   7 
2224	2   6   1 
2226	2   4   6 
2228	1   2 
2228	2   3   7 
2228	1   6 
2226	1   1 
2228	2   4   1 
2230	1   1 
2230	2   2   5 
2232	2   6   1 
2230	1   4 
2234	2   4   6 
2236	2   1   4 
2238	1   1 
2238	1   4 
2236	1   6 
2237	1   6 
2238	1   6 
2239	1   1 
2238	6   7   2 
2244	2   1   3 
2246	2   2   1 
2248	1   1 
2246	1   3 
2248	2   2   3 
2250	1   2 
2250	1   3 
2251	2   1   3 
2253	2   2   1 
2255	2   3   2 
2257	1   2 
2255	1   1 
2256	1   1 
2257	1   3 
2258	1   3 
2257	1   1 
2257	6   6   5 
2263	2   3   7 
2265	1   7 
2265	2   6   3 
2267	1   3 
2267	2   6   7 
2269	1   7 
2270	2   3   7 
2269	1   6 
2272	2   6   3 
2274	2   7   6 
2276	1   7 
2274	1   3 
2277	1   7 
2275	1   3 
2276	1   6 
2276	1   3 
2278	2   7  15 
2280	2  11   7 
2280	1  15 
2282	1   7 
2282	2  11  15 
2284	1  15 
2284	1  11 
2285	2   7  15 
2287	2  11   7 
2289	1   7 
2290	1   7 
2289	2  15  11 
2291	1  11 
2291	1  15 
2291	2   7   6 
2293	2   3   7 
2295	2   6   3 
2297	1   3 
2295	2  15  11 
2295	1   7 
2297	2   6   7 
2299	1   7 
2300	2   3   7 
2299	1   6 
2302	2   6   3 
2304	1   3 
2305	1   3 
2304	2   7   6 
2306	1   6 
2306	2   3   2 
2306	1   7 
2308	2   1   3 
2310	2   2   1 
2312	1   1 
2310	1   3 
2312	2   2   3 
2314	1   2 
2314	1   3 
2315	2   1   3 
2317	2   2   1 
2319	2   3   2 
2321	1   3 
2319	1   1 
2321	2   7   6 
2320	1   1 
2321	1   2 
2321	2   1   4 
2323	2   5   1 
2325	2   3   2 
2325	2   4   5 
2327	1   5 
2325	1   1 
2327	2   4   1 
2329	1   4 
2329	1   1 
2330	2   5   1 
2332	2   4   5 
2334	1   5 
2335	1   5 
2334	2   1   4 
2336	2   9   5 
2336	1   4 
2336	1   1 
2337	1   1 
2338	2   1   3 
2340	1   3 
2340	2   2   1 
2342	2   2   3 
2344	1   2 
2344	1   3 
2342	1   1 
2345	2   1   3 
2347	2   2   1 
2349	6   5   4 
2349	2   3   2 
2349	1   1 
2351	1   2 
2351	1   3 
2352	1   3 
2353	2   3   7 
2350	1   1 
2351	1   1 
2338	6  15  10 
2355	2   6   3 
2355	1   7 
2357	2   6   7 
2357	1   3 
2359	1   6 
2359	1   7 
2360	2   3   7 
2362	2   6   3 
2364	2   7   6 
2366	1   7 
2366	1   6 
2364	1   3 
2365	1   3 
2366	1   3 
2367	1   7 
2368	2   7  10 
2370	1  10 
2370	2  11   7 
2372	2  11  10 
2374	1  10 
2372	1   7 
2374	1  11 
2375	2   7  10 
2377	2  11   7 
2379	1   7 
2379	2  10  11 
2381	1  11 
2381	1  10 
2380	1   7 
2381	2   7   6 
2383	2   3   7 
2385	1   7 
2385	2   6   3 
2387	1   3 
2387	2   6   7 
2389	1   6 
2389	1   7 
2390	2   3   7 
2392	2   6   3 
2394	2  10  11 
2394	1   3 
2395	1   3 
2396	2   3   2 
2396	6  11  10 
2398	2   1   3 
2400	2   2   1 
2402	1   1 
2400	1   3 
2402	2   2   3 
2404	1   3 
2404	1   2 
2405	2   1   3 
2407	2   2   1 
2409	1   1 
2410	1   1 
2409	2   3   2 
2411	1   2 
2412	1   2 
2411	2   1   5 
2411	1   3 
2413	2   2   1 
2415	1   1 
2415	2   7   6 
2417	2   5   2 
2419	1   2 
2417	1   7 
2419	2   5   1 
2417	1   6 
2419	6  10   7 
2421	1   5 
2421	1   1 
2422	2   2   1 
2425	2   5   2 
2427	2   1   5 
2429	1   1 
2430	1   1 
2429	2   3   6 
2427	1   2 
2428	1   2 
2429	1   5 
2431	2   1   3 
2433	1   3 
2433	2   6   1 
2433	1   2 
2435	1   1 
2435	2   6   3 
2437	1   6 
2437	1   3 
2438	2   1   3 
2440	2   6   1 
2442	2   3   6 
2444	1   6 
2442	1   1 
2443	1   1 
2444	1   1 
2444	1   3 
2445	1   3 
2446	2   3  11 
2448	1  11 
2448	2   7   3 
2450	2   7  11 
2452	1   7 
2450	1   3 
2452	1  11 
2453	2   3  11 
2455	2   7   3 
2457	1   3 
2457	2  11   7 
2458	1   3 
2459	2   3   6 
2459	1   7 
2459	1  11 
2461	2   1   3 
2463	2   6   1 
2465	1   1 
2463	1   3 
2465	2   6   3 
2467	1   3 
2468	2   1   3 
2467	1   6 
2470	2   6   1 
2472	2   3   6 
2474	2  11   7 
2474	1   6 
2472	1   1 
2474	1   3 
2473	1   1 
2474	2   1   5 
2476	2   2   1 
2478	1   1 
2478	2   5   2 
2480	2   5   1 
2480	1   2 
2482	1   5 
2482	1   1 
2483	2   2   1 
2485	2   5   2 
2487	2   1   5 
2489	1   1 
2490	1   1 
2489	2   3   6 
2487	1   2 
2491	2   1   3 
2493	1   5 
2493	2   6   1 
2495	1   1 
2493	1   2 
2493	1   3 
2495	2   6   3 
2497	1   6 
2497	1   3 
2498	2   1   3 
2500	2   6   1 
2502	2   3   6 
2502	1   1 
2504	1   6 
2503	1   1 
2504	1   1 
2504	1   3 
2505	1   3 
2506	2   3  11 
2508	1  11 
2508	2   7   3 
2510	2   7  11 
2510	1   3 
2512	1   7 
2512	1  11 
2513	2   3  11 
2515	2   7   3 
2517	1   3 
2518	1   3 
2519	2   3   6 
2521	2   1   3 
2523	1   3 
2523	2   6   1 
2525	1   1 
2525	2   6   3 
2527	2  11   7 
2529	1  11 
2527	1   3 
2529	2   1   3 
2531	1   7 
2527	1   6 
2531	2   6   1 
2533	1   1 
2533	2   3   6 
2534	1   1 
2535	6   6   1 
2535	1   3 
2541	2   6   5 
2541	1   1 
2542	1   1 
2543	2   1   6 
2545	2   5   1 
2545	1   6 
2545	2  11   7 
2547	2   5   6 
2549	1   5 
2547	1   1 
2549	1   6 
2550	2   1   6 
2552	2   5   1 
2554	1   1 
2555	1   1 
2556	1   1 
2554	2   6   5 
2556	1   5 
2556	1   6 
2557	1   6 
2558	2   6  11 
2560	1  11 
2560	2   7   6 
2562	2   7  11 
2564	1   7 
2562	1   6 
2564	1  11 
2565	2   6  11 
2567	2   7   6 
2569	2  11   7 
2569	1   6 
2571	1   7 
2571	1  11 
2570	1   6 
2571	2   6   5 
2573	2   1   6 
2575	2   5   1 
2577	1   1 
2575	1   6 
2575	2  11   7 
2577	2   5   6 
2579	1   6 
2579	1   5 
2580	2   1   6 
2582	2   5   1 
2584	6  10   5 
2584	1   1 
2585	1   1 
2590	6  10   7 
2596	2   6   7 
2590	6   4   0 
2598	1   6 
2598	1   7 
2596	6   9   4 
2602	2   3   1 
2599	1   6 
2604	2   6  11 
2606	1  11 
2606	2  10   6 
2608	2  10  11 
2610	1  11 
2610	1  10 
2608	1   6 
2611	2   6  11 
2613	2  10   6 
2615	1   6 
2615	2  11  10 
2616	1   6 
2617	2   6   2 
2617	1  10 
2617	1  11 
2619	2   7  10 
2618	1  11 
2621	2  11   7 
2623	1   7 
2623	2  10  11 
2625	1  11 
2625	2  10   7 
2627	1   7 
2627	1  10 
2628	2  11   7 
2630	6   7   5 
2636	2  10  11 
2638	1  11 
2638	2   5  10 
2639	1  11 
2640	2   7  11 
2642	2   5  10 
2644	1  10 
2644	1   5 
2645	1   5 
2645	2  10   9 
2647	2   5   6 
2649	1   6 
2649	2   2   5 
2651	2   2   6 
2653	1   6 
2653	1   2 
2651	1   5 
2654	2   5   6 
2656	2   2   5 
2658	2   6   2 
2660	1   2 
2660	1   6 
2661	1   6 
2662	2   6   3 
2664	2   1   6 
2666	1   6 
2658	1   5 
2659	1   5 
2664	1   3 
2660	1   5 
2666	2   1   3 
2668	1   1 
2668	1   3 
2669	2   6   3 
2671	2   1   6 
2673	2   3   1 
2673	1   6 
2675	1   3 
2674	1   6 
2676	1   3 
2675	1   6 
2675	1   1 
2677	2   3   7 
2679	2  11   3 
2681	1   7 
2681	1   3 
2675	6   9   5 
2682	2  11   7 
2684	1  11 
2684	1   7 
2685	2   3   7 
2687	2  11   3 
2689	2   7  11 
2691	1  11 
2689	1   3 
2691	1   7 
2692	1   7 
2690	1   3 
2693	2   7  10 
2695	1  10 
2691	1   3 
2695	2   5   7 
2697	2   5  10 
2699	1   5 
2699	1  10 
2697	1   7 
2700	2   7  10 
2702	2   5   7 
2704	1   7 
2705	1   7 
2704	2  10   5 
2706	1  10 
2706	1   5 
2706	2   7  11 
2708	2  10   5 
2708	2   3   7 
2710	6   9   5 
2710	1   7 
2711	2  11   3 
2713	1   3 
2713	2  11   7 
2715	1  11 
2715	1   7 
2716	2   3   7 
2718	2  11   3 
2720	1   3 
2721	1   3 
2720	2   7  11 
2722	1  11 
2722	2   3   1 
2724	2   6   3 
2726	2   1   6 
2728	1   6 
2726	1   3 
2728	2   1   3 
2730	1   3 
2730	1   7 
2731	2   6   3 
2730	1   1 
2733	2   1   6 
2735	1   6 
2736	1   6 
2735	2   3   1 
2737	2   6   2 
2737	1   3 
2737	1   1 
2739	2   5   6 
2741	1   6 
2741	2   7  11 
2741	2   2   5 
2743	1   5 
2743	2   2   6 
2745	2   3   1 
2747	1   2 
2745	1   6 
2747	2   5   6 
2749	2   2   5 
2751	1   5 
2752	1   5 
2751	2   6   2 
2753	1   2 
2753	1   6 
2754	2   2   5 
2754	1   6 
2756	2   6   3 
2758	1   3 
2758	2   1   6 
2760	1   6 
2760	2   1   3 
2762	1   3 
2762	1   1 
2762	6   9   5 
2768	2   6   3 
2770	2   1   6 
2772	2   3   1 
2772	1   6 
2773	1   6 
2774	1   6 
2774	1   3 
2774	1   1 
2775	1   3 
2776	2   3   7 
2778	1   7 
2779	2  11   3 
2781	1   3 
2781	2  11   7 
2783	1   7 
2783	1  11 
2784	2   3   7 
2786	2  11   3 
2788	2   7  11 
2790	1  11 
2790	1   7 
2788	1   3 
2789	1   3 
2791	1   7 
2790	1   3 
2792	2   7  10 
2794	1  10 
2794	2   5   7 
2796	1   7 
2796	2   5  10 
2798	1  10 
2798	1   5 
2799	2   7  10 
2801	2   5   7 
2803	6   9   5 
2803	1   7 
2804	1   7 
2805	2   7  11 
2807	2   3   7 
2809	2  11   3 
2811	1   3 
2811	1   7 
2812	2  11   7 
2814	1  11 
2814	2  10   9 
2814	1   7 
2816	1   9 
2816	1  10 
2815	2   3   7 
2817	2  11   3 
2819	1   3 
2819	2   7  11 
2821	2  10  15 
2820	1   3 
2821	1  11 
2821	2   3   1 
2823	2   6   3 
2825	1   3 
2825	2   1   6 
2827	1   6 
2827	2   1   3 
2829	1   3 
2830	2   6   3 
2829	1   1 
2829	1   7 
2832	2   1   6 
2834	1   6 
2834	2   3   1 
2835	1   6 
2836	2  11   7 
2836	1   3 
2836	1   1 
2837	1   3 
2838	2   3   2 
2840	6   3   1 
2846	1   2 
2846	2   5   1 
2848	2   3   6 
2850	2   5   2 
2852	1   5 
2848	1   1 
2852	1   2 
2853	2   1   2 
2855	2   5   1 
2857	2   2   5 
2859	1   2 
2860	1   2 
2857	1   1 
2858	1   1 
2859	1   1 
2861	2   2   3 
2863	2   6   2 
2863	1   3 
2859	1   5 
2865	1   2 
2865	2   6   3 
2867	1   6 
2867	1   3 
2859	6   8   4 
2868	2   2   3 
2865	6   4   0 
2870	2   6   2 
2872	1   2 
2872	2   3   6 
2874	1   6 
2874	1   3 
2875	1   3 
2876	2   3  11 
2878	1  11 
2878	2   7   3 
2878	1   2 
2879	1   2 
2880	2   7  11 
2882	1  11 
2880	1   3 
2882	1   7 
2883	2   3  11 
2874	6   9   4 
2885	2   7   3 
2887	1   3 
2887	2  11   7 
2889	1  11 
2888	1   3 
2890	1  11 
2889	1   7 
2889	1   3 
2891	2  11  10 
2893	2  15  11 
2895	1  11 
2893	1  10 
2895	2  15  10 
2897	1  10 
2898	2  11  10 
2897	1  15 
2900	2  15  11 
2902	2  10  15 
2902	1  11 
2903	1  11 
2904	1  11 
2904	1  15 
2904	1  10 
2905	1  10 
2906	2  10   8 
2908	1   8 
2908	2   9  10 
2910	2   9   8 
2912	1   9 
2910	1  10 
2912	1   8 
2913	2  10   8 
2915	2   9  10 
2917	1  10 
2917	2   8   9 
2919	1   8 
2918	1  10 
2919	2  10  15 
2919	1   9 
2921	2  11  10 
2923	2   8   9 
2923	1  10 
2923	2  15  11 
2925	1  11 
2925	2  15  10 
2927	1  15 
2927	1  10 
2928	2  11  10 
2930	2  15  11 
2932	2  10  15 
2932	1  11 
2934	1  10 
2933	1  11 
2934	1  15 
2934	2  11   7 
2936	2   3  11 
2938	2  10  15 
2938	2   7   3 
2938	1  11 
2940	2   7  11 
2940	1   3 
2942	1  11 
2942	1   7 
2943	2   3  11 
2945	2   7   3 
2947	1   3 
2948	1   3 
2949	2   3   6 
2951	2   2   3 
2953	1   3 
2953	2   6   2 
2955	1   2 
2955	2   6   3 
2957	1   3 
2957	1   6 
2958	2   2   3 
2960	2   6   2 
2962	1   2 
2962	2   3   6 
2964	1   3 
2963	1   2 
2964	1   6 
2964	2   2   5 
2964	2  11   7 
2966	1   7 
2966	1  11 
2967	2  11   7 
2966	2   1   2 
2968	2   5   1 
2968	1   2 
2970	1   1 
2970	2   5   2 
2972	1   5 
2972	1   2 
2973	2   1   2 
2975	2   5   1 
2977	1   1 
2977	2   2   5 
2978	1   1 
2979	1   2 
2979	1   5 
2980	1   5 
2980	1   2 
2979	2   3   6 
2981	2   2   3 
2983	1   3 
2983	2   6   2 
2985	1   2 
2985	2   6   3 
2987	1   3 
2987	1   6 
2988	2   2   3 
2990	2   6   2 
2992	1   2 
2992	2   3   6 
2993	1   2 
2994	1   6 
2994	1   3 
2995	1   3 
2996	2   3  11 
2998	1  11 
2998	2   7   3 
3000	2   7  11 
3000	1   3 
3002	1  11 
2998	1   2 
3002	1   7 
3003	2   3  11 
3005	2   7   3 
3007	1   3 
3008	1   3 
3007	2  11   7 
3009	1   7 
3009	1  11 
3010	1  11 
3009	1   3 
3011	2  11  10 
3013	1  10 
3013	2  15  11 
3015	1  11 
3015	2  15  10 
3017	1  10 
3018	2  11  10 
3017	1  15 
3020	2  15  11 
3022	2  10  15 
3022	1  11 
3024	1  15 
3023	1  11 
3024	1  11 
3024	1  10 
3025	1  10 
3026	2  10   8 
3028	2   9  10 
3030	1  10 
3028	1   8 
3030	2   9   8 
3032	1   9 
3032	1   8 
3033	2  10   8 
3035	2   9  10 
3037	1  10 
3037	2   8   9 
3039	1   8 
3039	1   9 
3038	1  10 
3039	2  10  15 
3041	2  11  10 
3043	2   8   9 
3043	1  10 
3043	2  15  11 
3045	1  11 
3045	2  15  10 
3047	1  15 
3047	1  10 
3048	2  11  10 
3050	2  15  11 
3052	2  10  15 
3054	1  15 
3054	1  10 
3052	1  11 
3053	1  11 
3054	2  11   7 
3056	2   3  11 
3045	6   8   4 
3058	2   7   3 
3058	1  11 
3060	2   7  11 
3062	1   7 
3060	1   3 
3062	1  11 
3063	2   3  11 
3065	2   7   3 
3067	2  11   7 
3069	1  11 
3070	2  10   8 
3069	1   7 
3067	1   3 
3068	1   3 
3070	6   3   1 
3076	2   1   6 
3078	2   7  11 
3078	2   2   1 
3072	6  13   8 
3080	6  15  13 
3080	2   6   2 
3082	1   2 
3080	1   1 
3082	2   6   1 
3084	1   1 
3085	2   2   1 
3084	1   6 
3087	2   6   2 
3089	1   2 
3090	1   2 
3089	2   1   6 
3091	1   6 
3092	2   6   2 
3094	2   5   6 
3096	2   2   5 
3098	1   5 
3091	1   1 
3096	1   6 
3098	2   2   6 
3100	1   2 
3100	1   6 
3101	2   5   6 
3103	2   2   5 
3105	2   6   2 
3107	2   3   1 
3109	1   2 
3109	1   5 
3110	1   5 
3107	1   6 
3108	1   6 
3109	2   6   3 
3111	2   1   6 
3113	1   6 
3111	1   3 
3111	1   5 
3113	2   1   3 
3115	1   1 
3115	1   3 
3116	2   6   3 
3118	2   1   6 
3120	1   6 
3121	1   6 
3122	1   6 
3120	2   3   1 
3122	1   1 
3122	1   3 
3123	1   3 
3124	2   3   7 
3126	1   7 
3127	2  11   3 
3129	1   3 
3129	2  11   7 
3131	1   7 
3131	1  11 
3132	2   3   7 
3134	2  11   3 
3136	2   7  11 
3138	1   7 
3138	1  11 
3136	1   3 
3137	1   3 
3138	1   3 
3139	1   7 
3140	2   7  10 
3142	2  15   7 
3144	1   7 
3142	1  10 
3144	2  15  10 
3146	1  10 
3146	1  15 
3147	2   7  10 
3149	2  15   7 
3151	2  10  15 
3151	1   7 
3153	1  10 
3153	1  15 
3152	1   7 
3153	2   7  11 
3155	2  10  15 
3155	2   3   7 
3157	1   7 
3158	2  11   3 
3160	1   3 
3160	2  11   7 
3162	1  11 
3162	1   7 
3163	2   3   7 
3165	2  11   3 
3167	2   7  11 
3167	1   3 
3169	1  11 
3168	1   3 
3169	2   3   1 
3171	2   6   3 
3173	2   1   6 
3173	1   3 
3175	1   6 
3175	2   1   3 
3177	1   3 
3177	1   1 
3177	1   7 
3178	2   6   3 
3180	2   1   6 
3182	2   3   1 
3182	1   6 
3184	1   1 
3184	1   3 
3183	1   6 
3184	2   6   2 
3186	2   5   6 
3188	2   7  11 
3188	2   2   5 
3188	1   6 
3190	1   5 
3190	2   2   6 
3192	1   2 
3192	1   6 
3193	2   5   6 
3195	2   2   5 
3197	2   6   2 
3197	1   5 
3199	1   6 
3199	2   3   1 
3201	1   5 
3200	1   6 
3201	2   6   3 
3203	1   3 
3203	2   1   6 
3205	1   6 
3205	2   1   3 
3207	1   1 
3207	1   2 
3207	1   3 
3208	2   6   3 
3210	2   1   6 
3212	2   3   1 
3214	1   3 
3212	1   6 
3214	1   1 
3213	1   6 
3214	1   6 
3215	1   3 
3214	2   2   5 
3216	2   3   7 
3218	1   7 
3219	2  11   3 
3221	2  11   7 
3223	1  11 
3221	1   3 
3223	1   7 
3224	2   3   7 
3226	2  11   3 
3228	2   7  11 
3228	1   3 
3230	1   7 
3230	1  11 
3229	1   3 
3231	1   7 
3230	1   3 
3232	2   7  10 
3234	2  15   7 
3234	1  10 
3236	1   7 
3236	2  15  10 
3238	1  10 
3238	1  15 
3239	2   7  10 
3241	2  15   7 
3243	1   7 
3244	1   7 
3245	2   7  11 
3247	2  10  15 
3249	1  15 
3249	1  10 
3247	2   3   7 
3249	1   7 
3250	2  11   3 
3252	1   3 
3252	2  11   7 
3254	1  11 
3254	2  10  13 
3254	1   7 
3255	2   3   7 
3257	2  11   3 
3259	6   3   1 
3265	1   1 
3265	2   7  11 
3266	1   1 
3267	2   1   3 
3267	1  11 
3256	6  13   9 
3269	2   6   1 
3271	1   1 
3271	2   3   6 
3269	1   7 
3273	1   6 
3273	2   3   1 
3275	1   3 
3275	1   1 
3275	2  11   7 
3277	2   6   1 
3279	2   3   6 
3275	6   8   4 
3281	1   6 
3282	1   6 
3281	2   1   3 
3283	1   3 
3283	1   1 
3284	2   3   6 
3284	1   1 
3286	2   1   2 
3288	1   2 
3288	2   5   1 
3290	1   1 
3290	2   5   2 
3292	1   5 
3292	1   2 
3293	2   1   2 
3295	2   5   1 
3297	1   1 
3298	1   1 
3297	2   2   5 
3299	1   5 
3299	1   1 
3299	1   2 
3300	1   2 
3301	2   2   3 
3303	1   3 
3303	2   6   2 
3305	1   2 
3305	2   6   3 
3307	1   6 
3307	1   3 
3308	2   2   3 
3310	2   6   2 
3312	2   3   6 
3314	1   6 
3312	1   2 
3314	1   3 
3313	1   2 
3314	1   2 
3315	1   3 
3316	2   3  11 
3318	1  11 
3318	2   7   3 
3320	2   7  11 
3320	1   3 
3322	1   7 
3322	1  11 
3323	2   3  11 
3325	2   7   3 
3327	2  11   7 
3327	1   3 
3328	1   3 
3329	1   7 
3329	1   3 
3329	1  11 
3330	1  11 
3331	2  11  10 
3333	2   9  11 
3335	1  11 
3335	1  10 
3336	2   9  10 
3338	1   9 
3338	1  10 
3339	2  11  10 
3341	2   9  11 
3343	2  10   9 
3345	1   9 
3343	1  11 
3344	1  11 
3345	1  11 
3345	1  10 
3346	1  10 
3347	2  10   8 
3349	2  13  10 
3349	1   8 
3351	2  13   8 
3351	1  10 
3353	1  13 
3353	1   8 
3354	2  10   8 
3356	2  13  10 
3358	2   8  13 
3360	1  13 
3360	1   8 
3358	1  10 
3359	1  10 
3360	2  10   9 
3362	2   8  13 
3362	2  11  10 
3364	2   9  11 
3366	1  10 
3366	1  11 
3367	2   9  10 
3369	1  10 
3370	2  11  10 
3369	1   9 
3372	2   9  11 
3374	2  10   9 
3376	1   9 
3374	1  11 
3376	1  10 
3375	1  11 
3376	2  11   7 
3378	2   3  11 
3380	2   7   3 
3380	2  10   9 
3382	1   3 
3380	1  11 
3382	2   7  11 
3384	1   7 
3384	1  11 
3385	2   3  11 
3387	2   7   3 
3389	1   3 
3390	1   3 
3391	2   3   6 
3393	2   2   3 
3395	1   3 
3395	2   6   2 
3397	2   6   3 
3399	1   3 
3399	1   6 
3397	1   2 
3400	2   2   3 
3402	2   6   2 
3404	2  11   7 
3404	1   2 
3406	1  11 
3406	1   7 
3407	2  11   7 
3405	1   2 
3406	2   2   5 
3408	2   1   2 
3410	1   2 
3410	2   5   1 
3412	2   5   2 
3414	1   5 
3412	1   1 
3414	1   2 
3414	2   3   6 
3416	1   3 
3416	1   6 
3416	2   1   2 
3418	2   5   1 
3420	2   2   5 
3422	2   3   6 
3422	1   2 
3423	1   2 
3420	1   1 
3422	1   5 
3421	1   1 
3424	2   2   3 
3426	2   6   2 
3422	1   1 
3428	1   2 
3426	1   3 
3428	2   6   3 
3430	1   6 
3430	1   3 
3431	2   2   3 
3433	2   6   2 
3435	1   2 
3435	2   3   6 
3437	1   3 
3438	1   3 
3437	1   6 
3436	1   2 
3437	1   2 
3439	2   3  11 
3441	1  11 
3441	2   7   3 
3443	2   7  11 
3445	1  11 
3445	1   7 
3443	1   3 
3438	6  13   5 
3444	6  14  13 
3450	2   3  11 
3452	6  14   9 
3452	2   7   3 
3454	2  11   7 
3456	1  11 
3454	1   3 
3456	1   7 
3455	1   3 
3457	1  11 
3456	1   3 
3458	2  11  10 
3460	1  10 
3460	2  14  11 
3462	1  11 
3462	2  14  10 
3464	1  10 
3464	1  14 
3465	6   9   1 
3471	2  11  10 
3473	2  14  11 
3475	1  11 
3476	1  11 
3477	1  11 
3475	2  10  14 
3477	1  14 
3477	1  10 
3478	1  10 
3479	2  10   8 
3481	1   8 
3481	2   5  10 
3483	1  10 
3483	2   5   8 
3485	1   5 
3485	1   8 
3486	2  10   8 
3488	2   5  10 
3490	1  10 
3491	1  10 
3492	2  10  14 
3494	2  11  10 
3496	2  14  11 
3498	1  11 
3496	1  10 
3498	2  14  10 
3490	2   8   5 
3492	1   5 
3492	1   8 
3500	1  14 
3500	1  10 
3501	2  11  10 
3503	2  14  11 
3505	2  10  14 
3507	1  10 
3505	1  11 
3506	1  11 
3508	2  10  15 
3510	2  11   7 
3512	2   3  11 
3514	1  11 
3507	1  14 
3514	2   7   3 
3516	2   7  11 
3516	1   3 
3518	1   7 
3518	1  11 
3519	2   3  11 
3521	2   7   3 
3523	1   3 
3523	2  11   7 
3525	1  11 
3525	1   7 
3526	1   7 
3524	1   3 
3525	2   3   6 
3527	2   2   3 
3529	2   6   2 
3531	1   2 
3529	1   3 
3531	2   6   3 
3533	1   6 
3533	1   3 
3534	2   2   3 
3536	2   6   2 
3538	1   2 
3539	1   2 
3540	2   5   2 
3542	6   3   2 
3542	6   9   5 
3548	2   2   6 
3550	6  11   7 
3550	1   2 
3550	1   6 
3551	2   1   2 
3553	2   5   1 
3555	2   2   5 
3557	2   6   7 
3557	1   5 
3555	1   1 
3559	2   2   1 
3561	1   2 
3561	1   1 
3562	2   5   1 
3561	6   7   3 
3567	2   2   5 
3569	1   5 
3569	2   1   2 
3571	1   2 
3570	1   5 
3571	1   5 
3571	1   1 
3556	6  15  14 
3572	1   1 
3567	6  11   7 
3573	6  15  11 
3573	2   1   6 
3575	1   6 
3575	2   3   1 
3577	2   3   6 
3579	1   3 
3579	1   6 
3577	1   1 
3580	2   1   6 
3582	2   3   1 
3584	2   6   3 
3586	1   6 
3587	1   6 
3584	1   1 
3586	1   3 
3585	1   1 
3586	1   1 
3588	2   6  10 
3590	2  14   6 
3592	1   6 
3592	1  10 
3593	2  14  10 
3595	1  14 
3595	1  10 
3596	2   6  10 
3598	2  14   6 
3600	2  10  14 
3602	1  10 
3600	1   6 
3602	1  14 
3601	1   6 
3602	2   6   3 
3604	2   1   6 
3606	2   3   1 
3608	1   1 
3606	2  10  14 
3606	1   6 
3608	2   3   6 
3610	1   3 
3610	1   6 
3611	2   1   6 
3613	2   3   1 
3615	1   1 
3615	2   6   3 
3617	1   3 
3617	1   6 
3616	1   1 
3617	2   1   2 
3619	2   5   1 
3621	2   2   5 
3623	1   5 
3621	1   1 
3623	2   2   1 
3625	2   6   3 
3625	1   1 
3625	1   2 
3627	2   5   1 
3629	2   2   5 
3631	2   1   2 
3631	1   5 
3632	1   5 
3633	6   7   2 
3633	1   1 
3639	1   7 
3634	1   1 
3639	2   1   6 
3641	2   3   1 
3643	1   1 
3641	1   6 
3643	2   3   6 
3645	1   6 
3646	2   1   6 
3645	1   3 
3648	2   3   1 
3650	2   6   3 
3652	1   6 
3652	1   3 
3650	1   1 
3651	1   1 
3652	1   1 
3653	1   6 
3654	2   6  10 
3656	2  14   6 
3658	1  10 
3658	1   6 
3659	2  14  10 
3661	1  10 
3661	1  14 
3662	2   6  10 
3664	2  14   6 
3666	1   6 
3666	2  10  14 
3668	1  14 
3668	1  10 
3667	1   6 
3668	2   6   3 
3670	2  10   8 
3672	2   1   6 
3674	2   3   1 
3676	1   1 
3674	1   6 
3676	2   3   6 
3678	1   3 
3678	1   6 
3679	2   1   6 
3681	2   3   1 
3683	2   6   3 
3683	1   1 
3685	1   3 
3685	1   6 
3686	2   7   6 
3688	2   3  11 
3684	1   1 
3688	2   1   5 
3690	2   2   1 
3692	2   5   2 
3692	1   1 
3694	6   7   3 
3694	1   2 
3694	2   5   1 
3696	1   5 
3696	1   1 
3696	6   9   8 
3700	2   2   1 
3702	2   5   2 
3704	2   1   5 
3704	1   2 
3705	1   2 
3706	6   9   5 
3706	1   2 
3712	1   9 
3706	1   1 
3707	1   1 
3712	2   1   3 
3714	1   3 
3714	2   6   1 
3716	1   1 
3716	2   6   3 
3718	1   6 
3718	1   3 
3719	2   1   3 
3721	2   6   1 
3713	6  15  13 
3723	1   1 
3723	2   3   6 
3724	1   1 
3725	1   1 
3725	1   6 
3725	1   3 
3726	1   3 
3727	2   3   7 
3729	1   7 
3730	2  11   3 
3732	1   3 
3732	2  11   7 
3734	1   7 
3735	2   3   7 
3734	1  11 
3737	2  11   3 
3739	2   7  11 
3741	1   7 
3742	1   7 
3739	1   3 
3743	2   7  10 
3745	1  10 
3740	1   3 
3741	1   3 
3741	1  11 
3745	2   5   7 
3747	1   7 
3747	2   5  10 
3749	1  10 
3750	2   7  10 
3749	1   5 
3752	2   5   7 
3754	1   7 
3755	1   7 
3756	1   7 
3754	2  10   5 
3756	1   5 
3756	1  10 
3757	1  10 
3758	2  10   8 
3760	1   8 
3760	2  13  10 
3762	1  10 
3762	2  13   8 
3764	1   8 
3765	2  10   8 
3764	1  13 
3767	2  13  10 
3769	2   8  13 
3769	1  10 
3771	1  13 
3770	1  10 
3771	1   8 
3771	2  10   5 
3773	2   7  10 
3775	2   5   7 
3775	1  10 
3777	1   7 
3777	2   5  10 
3779	2   8  13 
3779	1  10 
3779	1   5 
3781	2   7  10 
3783	2   5   7 
3785	1   7 
3786	1   7 
3787	2   7  11 
3789	2   3   7 
3791	1   7 
3792	2  11   3 
3794	2  11   7 
3794	1   3 
3796	1  11 
3796	1   7 
3797	2   3   7 
3799	2  11   3 
3785	6   9   5 
3801	1   3 
3801	2  10   9 
3803	1  10 
3803	2   7  11 
3802	1   3 
3803	1   9 
3805	1  11 
3805	2  10   9 
3805	1   7 
3807	2   3   6 
3809	2   1   3 
3811	1   3 
3811	2   6   1 
3813	1   1 
3813	2   6   3 
3815	1   3 
3816	2   1   3 
3815	1   6 
3818	2   6   1 
3820	2   3   6 
3822	1   6 
3820	1   1 
3821	1   1 
3822	1   3 
3822	2   7  11 
3822	2   1   5 
3824	2   3   6 
3826	2   2   1 
3828	1   1 
3828	2   5   2 
3830	1   2 
3830	2   5   1 
3832	1   5 
3832	1   1 
3833	2   2   1 
3835	2   5   2 
3837	2   1   5 
3837	1   2 
3838	1   2 
3839	6   9   5 
3845	1   9 
3839	1   2 
3839	1   1 
3846	1   9 
3840	1   1 
3845	2   1   3 
3847	1   3 
3847	2   6   1 
3849	2   6   3 
3849	1   1 
3851	1   3 
3852	2   1   3 
3851	1   6 
3854	2   6   1 
3856	1   1 
3857	1   1 
3858	1   1 
3856	2   3   6 
3858	1   6 
3858	1   3 
3859	1   3 
3860	2   3   7 
3862	1   7 
3863	2  11   3 
3865	1   3 
3865	2  11   7 
3867	1   7 
3867	1  11 
3868	2   3   7 
3870	2  11   3 
3872	1   3 
3873	1   3 
3874	1   3 
3872	2   7  11 
3874	1   7 
3875	1   7 
3874	1  11 
3876	2   7  10 
3878	2   5   7 
3880	1   7 
3878	1  10 
3880	2   5  10 
3882	1  10 
3883	2   7  10 
3882	1   5 
3885	2   5   7 
3887	2  10   5 
3889	1   5 
3887	1   7 
3888	1   7 
3889	1   7 
3889	1  10 
3890	1  10 
3891	2  10   8 
3893	2  13  10 
3895	1  10 
3893	1   8 
3895	2  13   8 
3897	1  13 
3897	1   8 
3898	2  10   8 
3900	2  13  10 
3902	1  10 
3903	1  10 
3902	2   8  13 
3904	1  13 
3904	1   8 
3904	2  10   5 
3906	2   8  13 
3908	2   7  10 
3910	1  10 
3910	2   5   7 
3912	2   5  10 
3914	1   5 
3914	1  10 
3912	1   7 
3915	2   7  10 
3917	2   5   7 
3919	2  10   5 
3921	1  10 
3921	1   5 
3919	1   7 
3920	1   7 
3921	2   7  11 
3923	2   3   7 
3925	2  11   3 
3927	1   3 
3927	1   7 
3928	2  11   7 
3930	1  11 
3930	1   7 
3931	2   3   7 
3930	2  10  14 
3932	6   9   5 
3933	2  11   3 
3935	2   7  11 
3937	1  11 
3937	1   7 
3935	1   3 
3936	1   3 
3937	6   3   2 
3943	2   2   6 
3945	2   1   2 
3947	2   6   1 
3949	1   1 
3947	1   2 
3949	2   6   2 
3951	1   6 
3951	1   2 
3952	2   1   2 
3954	2   6   1 
3956	1   1 
3957	1   1 
3956	2   2   6 
3958	1   2 
3958	1   6 
3959	2   1   2 
3961	2   5   1 
3963	2   2   5 
3965	1   5 
3963	1   1 
3965	2   2   1 
3967	2   6   7 
3967	1   2 
3967	1   1 
3969	2   5   1 
3969	6   7   3 
3975	2   2   5 
3977	2   1   2 
3979	1   2 
3979	1   1 
3980	1   1 
3981	2   1   6 
3983	1   6 
3983	2   3   1 
3985	2   3   6 
3987	1   3 
3985	1   5 
3987	1   6 
3985	1   1 
3988	2   1   6 
3986	1   5 
3990	2   3   1 
3992	1   1 
3992	1   5 
3992	2   6   3 
3994	1   3 
3993	1   1 
3994	1   6 
3995	1   6 
3994	1   1 
3996	2   6  10 
3998	1  10 
3999	2  14   6 
4001	2  14  10 
4003	1  14 
4001	1   6 
4003	1  10 
4004	2   6  10 
4006	2  14   6 
4008	2  10  14 
4010	1  10 
4008	1   6 
4009	1   6 
4010	2   6   3 
4010	1  14 
4012	2   1   6 
4014	1   6 
4014	2   3   1 
4014	2  10  14 
4016	1   1 
4016	2   3   6 
4018	1   3 
4018	1   6 
4019	2   1   6 
4021	2   3   1 
4023	2   6   3 
4023	1   1 
4024	1   1 
4025	1   6 
4025	2   1   2 
4025	1   3 
4027	2   6   3 
4029	2   5   1 
4031	2   2   5 
4033	1   5 
4031	1   1 
4033	2   2   1 
4035	1   1 
4035	1   2 
4036	2   5   1 
4038	2   2   5 
4040	1   5 
4040	2   1   2 
4041	1   5 
4042	6   7   2 
4048	1   7 
4042	1   1 
4043	1   1 
4048	2   1   6 
4050	2   3   1 
4052	1   1 
4050	1   6 
4052	2   3   6 
4054	1   3 
4054	1   6 
4055	2   1   6 
4057	2   3   1 
4059	1   1 
4060	1   1 
4061	1   1 
4059	2   6   3 
4061	1   6 
4062	1   6 
4061	1   3 
4063	2   6  10 
4065	1  10 
4066	2  14   6 
4068	1   6 
4068	2  14  10 
4070	1  10 
4070	1  14 
4071	2   6  10 
4073	2  14   6 
4075	1   6 
4076	1   6 
4075	2  10  14 
4077	2   6   3 
4079	2   1   6 
4077	1  10 
4077	1  14 
4081	1   6 
4081	2  10   9 
4081	2   3   1 
4083	1   1 
4083	2   3   6 
4085	1   3 
4085	1   6 
4086	2   1   6 
4088	2   3   1 
4090	2   6   3 
4092	1   6 
4090	1   1 
4093	2   7   6 
4091	1   1 
4092	1   3 
4095	6   7   3 
4101	2   7  11 
4095	2   1   5 
4101	2   2   1 
4103	1   1 
4103	2   5   2 
4105	2   5   1 
4107	1   5 
4105	1   2 
4107	1   1 
4108	2   2   1 
4110	2   5   2 
4112	2   1   5 
4112	1   2 
4113	1   2 
4114	6   9   5 
4114	1   2 
4120	1   9 
4114	1   1 
4115	1   1 
4120	2   1   3 
4122	2   6   1 
4122	1   3 
4124	2   6   3 
4124	1   1 
4126	1   6 
4126	1   3 
4127	2   1   3 
4129	2   6   1 
4131	1   1 
4132	1   1 
4133	1   1 
4131	2   3   6 
4133	1   6 
4133	1   3 
4134	1   3 
4135	2   3   7 
4137	2  11   3 
4139	1   7 
4140	2  11   7 
4142	1  11 
4139	1   3 
4142	1   7 
4143	2   3   7 
4145	2  11   3 
4147	2   7  11 
4149	1   7 
4149	1  11 
4150	1   7 
4147	1   3 
4151	2   7  10 
4148	1   3 
4153	1  10 
4149	1   3 
4153	2   5   7 
4155	2   5  10 
4157	1   5 
4157	1  10 
4155	1   7 
4158	2   7  10 
4160	2   5   7 
4162	2  10   5 
4164	1   5 
4162	1   7 
4163	1   7 
4164	1   7 
4164	1  10 
4165	1  10 
4166	2  10   8 
4168	2  13  10 
4170	1  10 
4168	1   8 
4170	2  13   8 
4172	1  13 
4172	1   8 
4173	2  10   8 
4175	2  13  10 
4177	1  10 
4177	2   8  13 
4178	1  10 
4179	1   8 
4179	1  13 
4179	2  10   5 
4181	2   7  10 
4183	1  10 
4183	2   5   7 
4185	1   7 
4185	2   5  10 
4187	1   5 
4187	1  10 
4188	2   7  10 
4190	2   5   7 
4192	2   8  13 
4192	1   7 
4193	1   7 
4194	2   7  11 
4194	6   9   5 
4196	2   3   7 
4198	2  11   3 
4200	1   7 
4201	2  11   7 
4203	2  10   9 
4203	1   7 
4205	1   9 
4200	1   3 
4205	1  10 
4203	1  11 
4204	2   3   7 
4206	2  11   3 
4208	1   3 
4208	2   7  11 
4210	1   7 
4210	1  11 
4209	1   3 
4210	2   3   6 
4212	2   1   3 
4214	2   6   1 
4214	1   3 
4216	1   1 
4216	2   6   3 
4218	1   3 
4218	2  10   9 
4219	2   1   3 
4218	1   6 
4221	2   6   1 
4223	1   1 
4224	1   1 
4223	2   3   6 
4225	2   7  11 
4225	1   3 
4225	2   1   5 
4225	1   6 
4227	2   2   1 
4229	2   5   2 
4229	1   1 
4231	1   2 
4231	2   5   1 
4233	2   3   6 
4233	1   5 
4233	1   1 
4235	2   2   1 
4237	2   5   2 
4239	1   2 
4239	2   1   5 
4240	1   2 
4241	6   9   5 
4241	1   1 
4247	1   9 
4242	1   1 
4241	1   2 
4247	2   1   3 
4249	1   3 
4249	2   6   1 
4251	1   1 
4251	2   6   3 
4253	1   6 
4253	1   3 
4254	2   1   3 
4256	2   6   1 
4258	1   1 
4258	2   3   6 
4260	1   6 
4260	1   3 
4261	1   3 
4259	1   1 
4260	1   1 
4262	2   3   7 
4264	1   7 
4265	2  11   3 
4267	1   3 
4267	2  11   7 
4269	1   7 
4269	1  11 
4270	2   3   7 
4272	2  11   3 
4274	2   7  11 
4276	1   7 
4277	1   7 
4276	1  11 
4278	2   7  10 
4280	1  10 
4274	1   3 
4280	2   5   7 
4282	1   3 
4282	1   7 
4282	2   5  10 
4284	1  10 
4284	1   5 
4285	2   7  10 
4283	1   3 
4287	2   5   7 
4289	1   7 
4290	1   7 
4291	1   7 
4289	2  10   5 
4291	1  10 
4292	1  10 
4291	1   5 
4293	2  10   8 
4295	2  13  10 
4297	1  10 
4295	1   8 
4297	2  13   8 
4299	1  13 
4299	1   8 
4300	2  10   8 
4302	2  13  10 
4304	1  10 
4304	2   8  13 
4306	1   8 
4306	1  13 
4305	1  10 
4306	2  10   5 
4308	2   7  10 
4310	1  10 
4310	2   5   7 
4312	2   5  10 
4314	1  10 
4312	1   7 
4315	2   7  10 
4314	1   5 
4317	2   5   7 
4319	1   7 
4319	2   8  13 
4320	1   7 
4321	2   7  11 
4323	2   3   7 
4325	2  11   3 
4327	1   3 
4327	1   7 
4328	2  11   7 
4330	1   7 
4330	1  11 
4330	2  10   5 
4332	1   5 
4332	1  10 
4331	2   3   7 
4333	2  11   3 
4335	2  10  14 
4335	1   3 
4337	2   7  11 
4339	1  11 
4340	1  11 
4339	1   7 
4336	1   3 
4339	2   3   6 
4341	2   1   3 
4343	6   3   1 
4349	1   1 
4349	2   6   3 
4351	1   3 
4351	2   6   1 
4353	1   1 
4353	1   6 
4354	2   3   1 
4356	2   6   3 
4358	1   3 
4359	1   3 
4358	2   1   6 
4360	1   6 
4361	2   6   7 
4360	1   1 
4363	2   3   1 
4365	2   2   3 
4367	1   3 
4367	2   1   2 
4369	2   1   3 
4371	1   2 
4371	1   3 
4371	1   1 
4372	2   2   3 
4374	2   1   2 
4376	2   3   1 
4378	1   1 
4378	1   3 
4378	1   2 
4379	1   3 
4379	1   2 
4380	1   2 
4380	2   3   6 
4382	1   6 
4382	2   7   3 
4384	1   3 
4384	2   7   6 
4386	1   6 
4386	1   7 
4387	2   3   6 
4389	2   7   3 
4391	2   6   7 
4391	1   3 
4393	1   7 
4392	1   3 
4393	1   3 
4393	1   6 
4394	1   6 
4395	2   6  10 
4397	1  10 
4398	2  14   6 
4400	2  14  10 
4402	1  14 
4402	1  10 
4400	1   6 
4403	2   6  10 
4405	2  14   6 
4407	1   6 
4407	2  10  14 
4409	1  14 
4409	1  10 
4408	1   6 
4409	2   6   7 
4411	2   3   6 
4413	2  10  14 
4413	2   7   3 
4415	1   3 
4413	1   6 
4415	2   7   6 
4417	1   7 
4417	1   6 
4418	2   3   6 
4420	2   7   3 
4422	1   3 
4423	1   3 
4422	2   6   7 
4424	1   6 
4424	1   7 
4425	2   3   1 
4427	2   6   7 
4429	2   2   3 
4431	1   3 
4431	2   1   2 
4433	2   1   3 
4435	1   2 
4435	1   1 
4435	1   3 
4436	2   2   3 
4438	2   1   2 
4440	2   3   1 
4442	1   2 
4443	1   2 
4442	1   3 
4443	1   3 
4442	1   1 
4444	2   3   6 
4446	2   7   3 
4446	2   1   5 
4446	1   6 
4448	2   7   6 
4448	1   3 
4450	6   7   2 
4450	1   6 
4450	6   9   5 
4456	2   3   6 
4456	1   2 
4458	2   2   3 
4460	2   6   2 
4460	1   3 
4462	1   6 
4462	1   2 
4461	1   3 
4463	1   6 
4462	1   3 
4464	2   6  10 
4466	2  14   6 
4468	1   6 
4468	1  10 
4469	2  14  10 
4471	1  14 
4471	1  10 
4472	2   6  10 
4474	2  14   6 
4476	1   6 
4477	1   6 
4476	2  10  14 
4478	2   6   2 
4478	1  14 
4478	1  10 
4480	2   3   6 
4482	2  10  14 
4482	1   6 
4482	2   2   3 
4484	1   3 
4484	2   2   6 
4486	1   6 
4487	2   3   6 
4486	1   2 
4489	2   2   3 
4491	1   3 
4492	1   3 
4491	2   6   2 
4493	1   2 
4493	1   6 
4493	2   3   7 
4495	2  11   3 
4497	1   3 
4497	2   5   6 
4499	2   7  11 
4501	2   7   3 
4501	1  11 
4499	6   5   1 
4503	1   7 
4503	1   3 
4504	2  11   3 
4506	2   7  11 
4508	2   3   7 
4508	1  11 
4509	1  11 
4510	1   3 
4510	1   7 
4511	1   3 
4512	2   3   1 
4514	1   1 
4514	2   6   3 
4516	1   3 
4516	2   6   1 
4510	1  11 
4518	1   1 
4518	1   6 
4519	2   3   1 
4521	2   6   3 
4523	2   1   6 
4525	1   1 
4526	1   1 
4523	1   3 
4524	1   3 
4525	1   6 
4527	2   1   5 
4525	1   3 
4529	1   5 
4530	2   9   1 
4532	1   1 
4532	2   9   5 
4534	1   9 
4534	1   5 
4535	2   1   5 
4537	2   9   1 
4539	2   5   9 
4541	1   5 
4542	1   5 
4541	1   9 
4539	1   1 
4540	1   1 
4541	1   1 
4543	2   5   8 
4545	1   8 
4545	2  13   5 
4547	2  13   8 
4547	1   5 
4549	1  13 
4549	1   8 
4550	2   5   8 
4552	2  13   5 
4554	1   5 
4555	1   5 
4556	2   5   9 
4558	2   8  13 
4560	1   8 
4560	1  13 
4558	2   1   5 
4560	1   5 
4561	2   9   1 
4563	1   1 
4563	2   9   5 
4565	2   8  13 
4565	1   5 
4566	2   1   5 
4565	1   9 
4568	2   9   1 
4570	1   1 
4570	2   5   9 
4572	1   5 
4572	1   9 
4571	1   1 
4572	2   1   6 
4574	2   3   1 
4576	2   6   3 
4576	1   1 
4578	1   3 
4578	2   6   1 
4580	1   1 
4581	2   3   1 
4580	1   6 
4583	2   6   3 
4585	2   1   6 
4587	1   1 
4585	1   3 
4586	1   3 
4587	2   3   7 
4589	2  11   3 
4587	2   5   9 
4587	1   6 
4591	1   3 
4591	2   7  11 
4593	1  11 
4593	2   7   3 
4595	1   3 
4595	1   7 
4596	2  11   3 
4598	2   7  11 
4600	2   3   7 
4602	1   3 
4600	1  11 
4602	2   1   6 
4601	1  11 
4603	1   3 
4604	2   3   1 
4602	1  11 
4606	2   6   3 
4606	1   1 
4606	1   7 
4608	2   6   1 
4610	1   6 
4608	1   3 
4607	1   7 
4610	1   1 
4611	2   3   1 
4613	2   6   3 
4615	2   1   6 
4617	1   1 
4617	1   6 
4615	1   3 
4616	1   3 
4618	1   1 
4619	2   1   5 
4621	2   9   1 
4623	1   5 
4624	2   9   5 
4626	1   5 
4623	1   1 
4626	1   9 
4627	2   1   5 
4617	1   3 
4629	2   9   1 
4631	1   1 
4632	1   1 
4633	1   1 
4631	2   5   9 
4633	1   9 
4633	1   5 
4634	1   5 
4635	2   5   8 
4637	2  13   5 
4639	1   5 
4637	1   8 
4639	2  13   8 
4641	1   8 
4641	1  13 
4642	2   5   8 
4644	2  13   5 
4646	1   5 
4647	1   5 
4646	2   8  13 
4648	1  13 
4648	2   5   9 
4648	1   8 
4650	2   8  13 
4650	2   1   5 
4652	1   5 
4653	2   9   1 
4655	1   1 
4655	2   9   5 
4657	1   5 
4657	1   9 
4658	2   1   5 
4660	2   9   1 
4662	2   5   9 
4664	1   5 
4664	1   9 
4662	1   1 
4663	1   1 
4664	2   1   6 
4666	2   3   1 
4668	1   1 
4668	2   6   3 
4670	1   3 
4670	2   6   1 
4672	1   6 
4672	1   1 
4672	6   5   2 
4678	2   3   1 
4680	2   6   3 
4682	1   3 
4682	2   1   6 
4684	1   1 
4684	1   6 
4683	1   3 
4684	2   3   2 
4686	2   7   3 
4688	1   3 
4688	2   2   7 
4690	2   2   3 
4692	1   2 
4692	1   3 
4692	2   6   5 
4690	1   7 
4694	6   5   1 
4694	2   7   3 
4700	2   2   7 
4702	2   3   2 
4704	1   2 
4702	1   7 
4704	1   3 
4703	1   7 
4704	1   7 
4705	1   3 
4706	2   3   6 
4708	1   6 
4708	2   1   3 
4710	2   1   6 
4710	1   3 
4712	1   1 
4712	1   6 
4713	2   3   6 
4715	2   1   3 
4717	2   6   1 
4717	1   3 
4719	1   1 
4718	1   3 
4719	1   3 
4719	1   6 
4720	1   6 
4721	2   6  10 
4723	2  14   6 
4725	1   6 
4725	1  10 
4726	2  14  10 
4728	1  14 
4728	1  10 
4729	2   6  10 
4731	2  14   6 
4733	1   6 
4734	1   6 
4733	2  10  14 
4735	1  14 
4735	2   6   1 
4735	1  10 
4737	2   3   6 
4739	2   1   3 
4741	1   3 
4739	2  10  14 
4739	1   6 
4741	2   1   6 
4743	1   1 
4743	1   6 
4744	2   3   6 
4746	2   1   3 
4748	1   3 
4749	1   3 
4750	2   3   2 
4752	2   7   3 
4754	1   3 
4754	2   2   7 
4756	1   7 
4756	2   2   3 
4758	1   2 
4758	1   3 
4758	2   6   1 
4760	2   7   3 
4760	1   6 
4760	1   1 
4762	2   2   7 
4764	1   7 
4765	1   7 
4764	2   3   2 
4766	1   3 
4766	1   2 
4767	1   3 
4766	2   6   1 
4768	2   3   6 
4770	6   5   2 
4770	1   6 
4776	2   1   3 
4778	1   3 
4778	2   1   6 
4780	1   6 
4781	2   3   6 
4780	1   1 
4783	2   1   3 
4785	1   3 
4786	1   3 
4787	1   3 
4785	2   6   1 
4787	1   1 
4787	2   5   9 
4787	1   6 
4788	1   6 
4789	2   6  10 
4791	2  14   6 
4793	1  10 
4793	1   6 
4794	2  14  10 
4796	1  10 
4796	1  14 
4797	2   6  10 
4799	2  14   6 
4801	1   6 
4802	1   6 
4803	2   6   1 
4805	2   3   6 
4807	2   1   3 
4807	2  10  14 
4809	1  14 
4809	1   3 
4809	1  10 
4807	1   6 
4809	2   1   6 
4811	1   1 
4811	2  10  14 
4811	1   6 
4813	2   3   6 
4815	2   1   3 
4817	1   3 
4818	1   3 
4819	2   3   7 
4815	6  10   9 
4821	6   9   8 
4821	2  11   3 
4823	1   3 
4823	2   7  11 
4825	1  11 
4825	2   7   3 
4827	2   6   1 
4827	1   3 
4829	1   1 
4829	1   6 
4827	1   7 
4829	2  11   3 
4831	2   7  11 
4833	2   3   7 
4835	1   3 
4835	1   7 
4835	2   2   6 
4836	1   3 
4833	1  11 
4834	1  11 
4835	1  11 
4837	2   3   2 
4839	2   6   3 
4841	1   3 
4839	1   2 
4841	2   6   2 
4843	1   2 
4843	1   6 
4844	2   3   2 
4846	2   6   3 
4848	1   3 
4848	2   2   6 
4849	1   3 
4850	1   3 
4850	1   2 
4851	1   2 
4852	2   2   5 
4854	1   5 
4850	1   6 
4854	2  10   2 
4856	1   2 
4856	2  10   5 
4858	1  10 
4858	1   5 
4859	2   2   5 
4861	2  10   2 
4863	1   2 
4864	1   2 
4865	1   2 
4863	2   5  10 
4865	1  10 
4865	1   5 
4866	1   5 
4867	2   5   9 
4869	2  13   5 
4871	1   5 
4871	1   9 
4872	2  13   9 
4874	1  13 
4874	1   9 
4875	2   5   9 
4877	2  13   5 
4879	1   5 
4879	2   9  13 
4880	1   5 
4881	1  13 
4881	1   9 
4881	2   5  10 
4883	2   2   5 
4885	2  10   2 
4885	1   5 
4887	2   9  13 
4887	1   2 
4889	2  10   5 
4891	1   5 
4891	1  10 
4892	2   2   5 
4894	2  10   2 
4896	1   2 
4897	1   2 
4898	2   2   6 
4900	2   5  10 
4902	1   5 
4900	2   3   2 
4902	1  10 
4902	2   6   3 
4902	1   2 
4904	2   6   2 
4906	2   5  10 
4906	1   2 
4906	1   6 
4904	1   3 
4907	2   3   2 
4909	2   6   3 
4911	2   2   6 
4911	1   3 
4913	1   2 
4913	1   6 
4914	2   2   6 
4912	1   3 
4916	2   3   7 
4918	2  11   3 
4920	1   3 
4920	2   7  11 
4922	1  11 
4922	2   7   3 
4924	1   7 
4924	1   3 
4925	2  11   3 
4927	2   7  11 
4929	1  11 
4930	1  11 
4929	2   3   7 
4931	6  11   7 
4937	1  11 
4931	1   3 
4937	1   7 
4932	1   3 
4937	2   3   2 
4939	1   2 
4939	2   6   3 
4941	2   6   2 
4941	1   3 
4943	1   6 
4943	1   2 
4944	2   3   2 
4946	2   6   3 
4948	1   3 
4949	1   3 
4948	2   2   6 
4950	1   6 
4950	1   2 
4950	1   3 
4951	1   2 
4952	2   2   5 
4954	1   5 
4954	2  10   2 
4956	1   2 
4956	2  10   5 
4958	1   5 
4958	1  10 
4959	2   2   5 
4961	2  10   2 
4963	1   2 
4964	1   2 
4965	1   2 
4963	2   5  10 
4965	1  10 
4965	1   5 
4966	1   5 
4967	2   5   9 
4969	1   9 
4970	2  13   5 
4972	1   5 
4972	2  13   9 
4974	1  13 
4974	1   9 
4975	2   5   9 
4977	2  13   5 
4979	1   5 
4980	1   5 
4979	2   9  13 
4981	1   9 
4981	1  13 
4981	2   5  10 
4983	2   2   5 
4985	1   5 
4985	2  10   2 
4987	1   2 
4987	2  10   5 
4989	1   5 
4989	1  10 
4990	2  11   9 
4992	2   2   5 
4994	2  10   2 
4996	6   7   2 
5002	6   6   3 
5002	1   7 
5003	1   7 
5008	2   7   3 
5010	2   6   7 
5012	2   3   6 
5012	1   7 
5014	1   6 
5014	2   3   7 
5016	1   7 
5016	1   3 
5017	2   6   7 
5019	2   3   6 
4996	6   9   8 
5002	6  13   8 
5021	1   6 
5021	2   5  10 
5021	2   7   3 
5022	1   6 
5023	6  15  13 
5023	1  10 
5023	1   3 
5023	1   5 
5024	1  10 
5023	1   7 
5023	2   6   1 
5025	2   2   6 
5027	1   6 
5027	2   1   2 
5029	1   2 
5029	2   1   6 
5031	1   1 
5031	2   7   3 
5031	1   6 
5031	2   8   5 
5033	2   2   6 
5035	2   1   2 
5033	6  13   8 
5037	1   2 
5037	2   6   1 
5038	1   2 
5039	1   2 
5039	1   1 
5039	1   6 
5040	1   6 
5041	2   6   9 
5043	1   9 
5043	2  14   6 
5045	1   6 
5045	2  14   9 
5047	1  14 
5047	1   9 
5048	2   6   9 
5050	2  14   6 
5052	1   6 
5052	2   9  14 
5054	1  14 
5053	1   6 
5054	1   9 
5054	2   6   1 
5056	2   9  14 
5056	2   2   6 
5058	2   1   2 
5058	1   6 
5060	2   1   6 
5062	1   6 
5060	1   2 
5062	1   1 
5063	2   2   6 
5065	2   1   2 
5067	1   2 
5068	1   2 
5067	2   6   1 
5069	1   1 
5069	1   6 
5070	1   6 
5071	2   6   9 
5073	1   9 
5073	2  14   6 
5075	1   6 
5075	2  14   9 
5077	1   9 
5077	1  14 
5078	2   6   9 
5080	2  14   6 
5082	1   6 
5083	1   6 
5082	2   9  14 
5084	2   6   2 
5086	2  10   6 
5088	1   6 
5084	1  14 
5089	2   2  10 
5091	1  10 
5091	1   9 
5092	2   9  14 
5091	2   2   6 
5093	1   2 
5093	1   6 
5094	2  10   6 
5096	2   2  10 
5098	6  14  13 
5098	1  10 
5099	1  10 
5100	1  10 
5098	2   6   2 
5100	1   2 
5100	1   6 
5101	1   6 
5102	2   6   7 
5104	1   7 
5104	2   3   6 
5106	1   6 
5106	2   3   7 
5108	1   3 
5108	1   7 
5109	2   6   7 
5111	2   3   6 
5113	1   6 
5113	2   7   3 
5115	1   7 
5115	1   3 
5116	1   7 
5117	2   7  11 
5119	2  15   7 
5121	1   7 
5121	1   6 
5121	1  11 
5122	2  15  11 
5122	1   6 
5113	6   9   5 
5124	1  11 
5125	2   7  11 
5124	1  15 
5127	2  15   7 
5129	1   7 
5130	1   7 
5131	1   7 
5129	2  11  15 
5131	1  15 
5131	1  11 
5132	1  11 
5133	2  11  14 
5135	2   9  11 
5135	1  14 
5137	1  11 
5137	2   9  14 
5139	1  14 
5140	2  11  14 
5139	1   9 
5142	2   9  11 
5144	1  11 
5145	1  11 
5144	2  14   9 
5146	1  14 
5146	1   9 
5146	2  11  15 
5148	2   7  11 
5150	1  11 
5148	2  14   9 
5151	2  15   7 
5153	2  15  11 
5155	1  15 
5153	1   7 
5155	1  11 
5156	2   7  11 
5158	2  15   7 
5160	2  11  15 
5162	1  15 
5160	1   7 
5162	1  11 
5161	1   7 
5162	2   7   3 
5164	2   6   7 
5166	1   7 
5166	2  11  15 
5166	2   3   6 
5168	1   6 
5168	2   3   7 
5170	1   3 
5170	1   7 
5171	2   6   7 
5173	2   3   6 
5175	1   6 
5175	2   7   3 
5177	1   7 
5176	1   6 
5177	1   3 
5177	2   6   2 
5179	2  10   6 
5181	1   6 
5181	2   7   3 
5183	2   2  10 
5185	1  10 
5185	2   2   6 
5187	1   2 
5187	1   6 
5188	2  10   6 
5190	2   2  10 
5192	2   6   2 
5192	1  10 
5194	1   2 
5193	1  10 
5194	1  10 
5194	1   6 
5195	1   2 
5195	1   6 
5196	2   6   7 
5198	1   7 
5198	2   3   6 
5200	1   6 
5200	2   3   7 
5202	1   3 
5202	1   7 
5203	2   6   7 
5205	2   3   6 
5207	6  13  10 
5207	1   6 
5207	2   7   3 
5208	1   6 
5209	1   3 
5209	1   7 
5209	1   6 
5210	1   7 
5213	2   7  11 
5215	1  11 
5216	2  15   7 
5218	1   7 
5218	2  15  11 
5220	1  15 
5220	1  11 
5221	2   7  11 
5223	2  15   7 
5225	1   7 
5225	2  11  15 
5227	1  15 
5226	1   7 
5227	1   7 
5227	1  11 
5228	1  11 
5229	2  11  14 
5231	1  14 
5231	2   9  11 
5233	1  11 
5233	2   9  14 
5235	1   9 
5235	1  14 
5236	2  11  14 
5238	2   9  11 
5240	1  11 
5240	2  14   9 
5242	1   9 
5242	1  14 
5241	1  11 
5242	2  11  15 
5244	2  14   9 
5244	2   7  11 
5246	1  11 
5246	6  13   9 
5247	2  15   7 
5249	1   7 
5249	2  15  11 
5251	1  11 
5251	1  15 
5252	2   7  11 
5254	2  15   7 
5256	1   7 
5256	2  11  15 
5257	1   7 
5258	1  15 
5258	1  11 
5258	2   7   3 
5260	2   6   7 
5262	1   7 
5262	2   3   6 
5262	2  11  15 
5264	2   3   7 
5264	1   6 
5266	1   7 
5267	2   6   7 
5266	1   3 
5269	2   3   6 
5271	1   6 
5271	2   7   3 
5273	1   7 
5273	1   3 
5272	1   6 
5273	2   6   1 
5275	2   2   6 
5277	1   6 
5277	2   7   3 
5279	2   1   2 
5281	2   1   6 
5283	1   1 
5283	1   6 
5281	1   2 
5284	2   2   6 
5286	2   1   2 
5288	2   6   1 
5290	1   1 
5288	1   2 
5289	1   2 
5290	1   2 
5290	1   6 
5291	1   6 
5292	2   6   5 
5294	2  10   6 
5296	1   6 
5294	1   5 
5296	2  10   5 
5298	1  10 
5298	1   5 
5299	2   6   5 
5301	2  10   6 
5303	1   6 
5304	1   6 
5305	2   6   1 
5307	2   2   6 
5309	1   6 
5309	2   1   2 
5311	1   2 
5311	2   1   6 
5313	1   1 
5313	1   6 
5313	2   5  10 
5315	1   5 
5315	1  10 
5315	2   2   6 
5317	2   1   2 
5319	2   6   1 
5321	2   5  10 
5321	1   1 
5321	1   6 
5319	1   2 
5320	1   2 
5322	1   6 
5323	6   9   1 
5329	2   6   5 
5331	2  10   6 
5333	1   6 
5331	1   5 
5333	2  10   5 
5335	1  10 
5335	1   5 
5336	2   6   5 
5338	2  10   6 
5340	1   6 
5341	1   6 
5342	2   6   2 
5340	6  13   9 
5344	2   1   6 
5346	1   6 
5346	2   2   1 
5348	2   2   6 
5350	1   6 
5350	1   2 
5348	1   1 
5351	2   1   6 
5353	2   2   1 
5355	2   6   2 
5355	1   1 
5357	1   6 
5358	1   6 
5357	1   2 
5356	1   1 
5357	2   5  10 
5359	1  10 
5357	1   1 
5359	1   5 
5359	2   6   7 
5359	6  13   8 
5361	1   7 
5361	2   3   6 
5363	1   6 
5363	2   3   7 
5365	1   7 
5365	1   3 
5365	2   5  10 
5367	2   6   7 
5369	2   3   6 
5371	6  15  10 
5371	2   7   3 
5373	1   3 
5373	1   7 
5374	1   7 
5371	1   6 
5372	1   6 
5377	2   7  11 
5373	1   6 
5379	2  10   7 
5379	1  11 
5367	6   8   0 
5381	2  10  11 
5381	1   7 
5383	1  10 
5383	1  11 
5384	2   7  11 
5386	2  10   7 
5388	1   7 
5389	1   7 
5390	1   7 
5388	2  11  10 
5390	1  10 
5390	1  11 
5391	1  11 
5392	2  11  14 
5394	2   9  11 
5396	1  11 
5394	1  14 
5396	2   9  14 
5398	1  14 
5398	1   9 
5399	2  11  14 
5401	2   9  11 
5403	2  14   9 
5405	1  14 
5405	1   9 
5403	1  11 
5404	1  11 
5405	2  11  10 
5407	2   7  11 
5407	2  14   9 
5409	1  11 
5409	2  10   7 
5411	1   7 
5411	2  10  11 
5413	1  10 
5413	1  11 
5414	2   7  11 
5416	2  10   7 
5418	1   7 
5418	2  11  10 
5420	1  11 
5420	1  10 
5419	1   7 
5420	2   7   3 
5422	2   6   7 
5424	1   7 
5424	2   3   6 
5426	1   6 
5426	2   3   7 
5428	1   7 
5428	1   3 
5429	2   6   7 
5431	2   3   6 
5433	1   6 
5433	2   7   3 
5435	1   3 
5434	1   6 
5435	2   6   2 
5435	1   7 
5437	2   1   6 
5439	2   2   1 
5441	1   1 
5439	2  11  10 
5439	1   6 
5441	2   2   6 
5443	1   6 
5443	1   2 
5444	2   1   6 
5446	2   2   1 
5448	2   6   2 
5450	1   2 
5448	1   1 
5450	1   6 
5451	1   6 
5450	2   7   3 
5452	2   6   7 
5454	2   3   6 
5456	1   6 
5454	1   7 
5456	2   3   7 
5458	1   3 
5458	1   7 
5459	2   6   7 
5461	2   3   6 
5463	2   7   3 
5465	2   2   0 
5465	1   7 
5467	1   6 
5467	1   3 
5468	1   6 
5466	1   7 
5467	2   7  11 
5469	1  11 
5469	2  10   7 
5471	2  10  11 
5469	1   6 
5473	1  11 
5471	1   7 
5473	1  10 
5474	2   7  11 
5476	2  10   7 
5478	2  11  10 
5480	1  11 
5478	1   7 
5481	1  11 
5480	1  10 
5479	1   7 
5480	1   7 
5482	2  11  14 
5484	2   9  11 
5484	1  14 
5486	1  11 
5486	2   9  14 
5488	1   9 
5488	1  14 
5489	2  11  14 
5491	2   9  11 
5493	1  11 
5494	1  11 
5495	2  11  10 
5497	2   7  11 
5499	1  11 
5499	2  10   7 
5501	1   7 
5501	2  10  11 
5503	1  10 
5503	2  14   9 
5505	1   9 
5505	1  14 
5503	1  11 
5504	2   7  11 
5506	2  10   7 
5508	1   7 
5509	1   7 
5508	2  11  10 
5510	2   7   3 
5510	1  10 
5510	1  11 
5511	1  10 
5512	2  11   9 
5514	2   6   7 
5516	6  10   2 
5522	2   3   6 
5516	1   7 
5524	6  14  10 
5524	2   3   7 
5524	1   6 
5526	1   7 
5530	2   6   7 
5526	1   3 
5532	2   3   6 
5534	1   6 
5534	2   7   3 
5536	1   7 
5537	2   7  10 
5535	1   6 
5536	1   3 
5539	6  10   7 
5545	2   6   3 
5522	6   8   0 
5547	2   2   6 
5549	1   6 
5549	2   3   2 
5547	6  14  11 
5551	1   2 
5528	6  12   8 
5553	2   3   6 
5555	1   6 
5555	1   3 
5555	6  11   9 
5561	6  15  13 
5561	2   2   6 
5563	2   3   2 
5565	1   2 
5566	1   2 
5567	1   2 
5565	2   6   3 
5567	1   6 
5568	1   6 
5569	2   6  10 
5571	2   7   6 
5571	1  10 
5567	1   3 
5573	2   7  10 
5575	1   7 
5575	1  10 
5573	1   6 
5576	2   6  10 
5578	2   7   6 
5580	1   6 
5581	1   6 
5580	2  10   7 
5582	1   6 
5582	1   7 
5582	1  10 
5583	1  10 
5584	2  10  14 
5586	2  11  10 
5588	1  10 
5586	1  14 
5588	2  11  14 
5590	1  14 
5590	1  11 
5591	2  10  14 
5593	2  11  10 
5595	2  14  11 
5595	1  10 
5597	1  14 
5596	1  10 
5597	1  11 
5597	1  10 
5598	1  14 
5599	2  14   9 
5601	1   9 
5601	2  12  14 
5603	1  14 
5603	2  12   9 
5605	1  12 
5605	1   9 
5606	2  14   9 
5608	2  12  14 
5610	1  14 
5611	1  14 
5612	1  14 
5610	2   9  12 
5612	1  12 
5612	1   9 
5613	1   9 
5614	2   9   5 
5616	1   5 
5616	2  13   9 
5618	2  13   5 
5620	1  13 
5620	1   9 
5620	1   5 
5621	2   9   5 
5623	2  13   9 
5625	2   5  13 
5627	1  13 
5627	1   5 
5627	1   9 
5628	1   9 
5629	2   9  12 
5631	2  14   9 
5633	2  12  14 
5635	1  14 
5633	1   9 
5635	2  12   9 
5637	1  12 
5637	1   9 
5638	2  14   9 
5640	2  12  14 
5642	2   9  12 
5642	1  14 
5644	1   9 
5644	1  12 
5643	1  14 
5644	2  14  11 
5646	2  10  14 
5648	2  11  10 
5650	1  10 
5648	1  14 
5650	2  11  14 
5652	1  14 
5653	2  10  14 
5652	1  11 
5655	2  11  10 
5657	2   5  13 
5657	1  10 
5658	1  10 
5659	2  10   7 
5661	2   6  10 
5663	1  10 
5663	2   9  12 
5663	2   7   6 
5665	1   6 
5665	2   7  10 
5667	1   7 
5667	1  10 
5668	2   6  10 
5670	2   7   6 
5672	1   6 
5673	1   6 
5672	2  14  11 
5674	2   6   3 
5674	1  11 
5676	2   2   6 
5678	2   3   2 
5674	1  14 
5680	1   2 
5676	2  14  11 
5678	1   6 
5680	2   3   6 
5682	1   3 
5682	1   6 
5682	2  10   7 
5684	1   7 
5684	2   2   6 
5684	1  10 
5686	2   3   2 
5688	2   6   3 
5690	2  10   7 
5690	1   3 
5690	1   6 
5688	1   2 
5691	1   6 
5692	2   6  10 
5694	2   7   6 
5694	1  10 
5696	1   6 
5696	2   7  10 
5698	1   7 
5698	1  10 
5699	2   6  10 
5701	2   7   6 
5703	2  10   7 
5705	1   7 
5703	1   6 
5704	1   6 
5705	1  10 
5706	1  10 
5705	1   6 
5707	2  10  14 
5709	1  14 
5709	2  11  10 
5711	2  11  14 
5713	1  11 
5713	1  14 
5711	1  10 
5714	2  10  14 
5716	2  11  10 
5718	2  14  11 
5720	1  11 
5720	1  14 
5718	1  10 
5719	1  10 
5721	1  14 
5720	1  10 
5722	2  14   9 
5724	1   9 
5724	2  12  14 
5726	1  14 
5726	2  12   9 
5728	1  12 
5728	1   9 
5729	2  14   9 
5731	2  12  14 
5733	2   9  12 
5735	1  12 
5733	1  14 
5734	1  14 
5735	1   9 
5735	1  14 
5736	1   9 
5737	2   9   5 
5739	2  13   9 
5739	1   5 
5741	2  13   5 
5743	1  13 
5743	1   5 
5743	1   9 
5744	2   9   5 
5746	2  13   9 
5748	2   5  13 
5750	1  13 
5750	1   9 
5751	1   9 
5750	1   5 
5752	2   9  12 
5754	2  14   9 
5756	1   9 
5756	2  12  14 
5758	1  14 
5758	2  12   9 
5760	1   9 
5761	2   5  13 
5763	2  14   9 
5763	1  12 
5765	2  12  14 
5767	2   9  12 
5769	1  12 
5767	1  14 
5768	1  14 
5769	2  14  11 
5771	2  10  14 
5773	1  14 
5773	2  11  10 
5775	2  11  14 
5775	1  10 
5777	1  14 
5778	2  10  14 
5777	1  11 
5780	2  11  10 
5780	6  13  12 
5782	1  10 
5783	1  10 
5784	2  10   7 
5786	2   6  10 
5788	2   7   6 
5788	1  10 
5790	1   6 
5790	2   7  10 
5792	2  14  11 
5792	1  10 
5794	1  11 
5792	1   7 
5794	1  14 
5794	2   6  10 
5796	2  14  13 
5796	2   7   6 
5798	1   6 
5799	1   6 
5798	2  10   7 
5800	1  10 
5800	1   7 
5801	1   7 
5800	2   6   3 
5802	2  10  11 
5804	2   7   6 
5806	1   6 
5806	2   3   7 
5808	2   3   6 
5810	1   3 
5810	1   6 
5808	1   7 
5811	2   7   6 
5813	2   3   7 
5810	6  14   9 
5815	1   7 
5816	1   7 
5817	1   7 
5816	2   6   3 
5818	1   3 
5818	1   6 
5819	1   6 
5816	6  12   4 
5820	2   6  10 
5822	1  10 
5822	2  11   6 
5824	2  11  10 
5824	1   6 
5826	1  10 
5826	1  11 
5827	2   6  10 
5829	2  11   6 
5831	1   6 
5832	1   6 
5833	1   6 
5831	2  10  11 
5833	1  10 
5833	1  11 
5834	1  10 
5835	2  10   9 
5837	1   9 
5837	2  13  10 
5839	2  13   9 
5839	1  10 
5841	1  13 
5841	1   9 
5842	2  10   9 
5844	2  13  10 
5846	2   9  13 
5846	1  10 
5848	1  13 
5847	1  10 
5848	1   9 
5849	1   9 
5848	1  10 
5850	2   9   5 
5852	2   4   9 
5854	1   9 
5852	1   5 
5854	2   4   5 
5856	1   5 
5856	1   4 
5857	2   9   5 
5859	2   4   9 
5861	1   9 
5862	1   9 
5861	2   5   4 
5863	2   9  13 
5865	2  10   9 
5863	1   4 
5863	1   5 
5867	2   5   4 
5867	1   9 
5867	2  13  10 
5869	1  10 
5869	2  13   9 
5871	1   9 
5871	1  13 
5872	2  10   9 
5874	2  13  10 
5876	2   9  13 
5876	1  10 
5877	1  10 
5878	1  13 
5878	2  10  11 
5878	1   9 
5880	2   6  10 
5882	1  10 
5882	2  11   6 
5882	2   9  13 
5884	2  11  10 
5884	1   6 
5886	1  10 
5887	2   6  10 
5886	1  11 
5889	2  11   6 
5891	1   6 
5892	1   6 
5891	2  10  11 
5893	1  11 
5893	1  10 
5893	2   6   3 
5895	2   7   6 
5897	2   3   7 
5897	1   6 
5899	1   7 
5899	2   3   6 
5901	1   3 
5901	1   6 
5902	2   7   6 
5904	2   3   7 
5906	1   7 
5906	2   6   3 
5908	2  10  11 
5908	1   3 
5908	1   6 
5909	1   6 
5910	2   6  10 
5912	1  10 
5912	2  11   6 
5914	2  11  10 
5916	1  10 
5914	1   6 
5916	1  11 
5917	2   6  10 
5919	2  11   6 
5921	2  10  11 
5923	1  11 
5923	1  10 
5921	1   6 
5922	1   6 
5924	1  10 
5925	2  10   9 
5927	2  13  10 
5923	1   6 
5927	1   9 
5929	2  13   9 
5931	1  13 
5931	1   9 
5929	1  10 
5932	2  10   9 
5934	2  13  10 
5936	1  10 
5937	1  10 
5938	1  10 
5936	2   9  13 
5938	1  13 
5938	1   9 
5939	1   9 
5940	2   9   5 
5942	1   5 
5942	2   4   9 
5944	1   9 
5944	2   4   5 
5946	1   5 
5947	2   9   5 
5946	1   4 
5949	2   4   9 
5951	1   9 
5952	1   9 
5951	2   5   4 
5953	1   5 
5953	2   9  13 
5953	1   4 
5955	2   5   4 
5957	2  10   9 
5959	1   9 
5959	2  13  10 
5961	1  10 
5961	2  13   9 
5963	1  13 
5963	1   9 
5964	2  10   9 
5966	2  13  10 
5968	6  13   9 
5968	1  10 
5969	1  10 
5974	2  10  11 
5976	2   6  10 
5978	2  11   6 
5978	1  10 
5978	2  13   9 
5980	1   9 
5980	2  11  10 
5982	1  11 
5982	1  10 
5980	1   6 
5980	6   8   4 
5983	2   6  10 
5985	2  11   6 
5987	2  10  11 
5989	1  11 
5989	1  10 
5990	1  11 
5990	2  10   9 
5987	1   6 
5988	1   6 
5989	6   7   3 
5995	2   6   7 
5997	2  11   6 
5999	1   6 
5999	2   7  11 
6001	2   7   6 
6003	1   7 
6003	1   6 
6001	1  11 
6004	2  11   6 
6006	2   7  11 
6008	2   6   7 
6008	1  11 
6010	1   6 
6010	1   7 
6009	1  11 
6010	1  11 
6011	1   6 
6012	2   6  10 
6014	2   9   6 
6016	1   6 
6014	1  10 
6016	2   9  10 
6018	1   9 
6018	1  10 
6019	2   6  10 
6021	2   9   6 
6023	2  10   9 
6025	1   9 
6023	1   6 
6024	1   6 
6025	1   6 
6025	1  10 
6026	1  10 
6027	2  10   5 
6029	1   5 
6029	2   8  10 
6031	1  10 
6031	2   8   5 
6033	1   5 
6033	1   8 
6034	2  10   5 
6036	2   8  10 
6038	1  10 
6039	1  10 
6038	2   5   8 
6040	1   5 
6040	1   8 
6040	2  10   9 
6042	2   5   8 
6044	2   6  10 
6046	2   9   6 
6048	1   6 
6046	1  10 
6048	2   9  10 
6050	1   9 
6050	1  10 
6051	2   6  10 
6053	2   9   6 
6055	1   6 
6056	1   6 
6057	2   6   7 
6059	2  11   6 
6061	1   6 
6061	2   7  11 
6063	2   7   6 
6065	2  10   9 
6067	1   9 
6065	1   7 
6063	1  11 
6065	1   6 
6067	1  10 
6067	2  11   6 
6069	2   7  11 
6071	1  11 
6071	2   6   7 
6073	1   7 
6073	2  10   9 
6073	1   6 
6074	1   6 
6075	2   6  10 
6077	1  10 
6077	2   9   6 
6079	1   6 
6079	2   9  10 
6081	1   9 
6081	1  10 
6082	2   6  10 
6084	2   9   6 
6086	1   6 
6087	1   6 
6088	1   6 
6086	2  10   9 
6088	1  10 
6089	1  10 
6088	1   9 
6090	2  10   5 
6092	1   5 
6092	2   8  10 
6094	1  10 
6094	2   8   5 
6096	1   8 
6096	1   5 
6097	2  10   5 
6099	2   8  10 
6101	1  10 
6102	1  10 
6101	2   5   8 
6103	1   5 
6103	2  10   9 
6103	1   8 
6105	2   6  10 
6107	1  10 
6107	2   9   6 
6109	6  11   9 
6109	1   6 
6115	6   8   4 
6115	2  11  10 
6117	1  11 
6117	1  10 
6118	2   6  10 
6120	2  11   6 
6122	2  10  11 
6124	1  11 
6122	2   5   4 
6122	1   6 
6125	1  11 
6123	1   6 
6124	2   6   7 
6126	2  11   6 
6128	2   7  11 
6130	1  11 
6128	1   6 
6130	2   7   6 
6132	1   7 
6132	1   6 
6133	2  11   6 
6135	2   7  11 
6137	2   6   7 
6137	1  11 
6138	1  11 
6139	1  11 
6139	1   6 
6139	1   7 
6135	6   4   1 
6140	1   6 
6141	2   6   5 
6143	2   1   6 
6145	1   6 
6143	1   5 
6145	2   1   5 
6147	1   5 
6148	2   6   5 
6147	1   1 
6150	2   1   6 
6152	1   6 
6153	1   6 
6152	2   5   1 
6154	2   6   7 
6154	1   1 
6154	1   5 
6156	2  11   6 
6158	2   7  11 
6160	1  11 
6158	1   6 
6158	2   5   1 
6160	2   7   6 
6162	1   7 
6162	1   6 
6163	2  11   6 
6165	2   7  11 
6167	1  11 
6167	2   6   7 
6169	6   7   2 
6169	1   6 
6175	1   2 
6170	1   6 
6175	2   6   5 
6177	1   5 
6177	2   1   6 
6179	1   6 
6179	2   1   5 
6181	1   1 
6181	1   5 
6182	2   6   5 
6184	2   1   6 
6186	2   5   1 
6188	1   1 
6186	1   6 
6189	2   2   1 
6188	1   5 
6189	1   5 
6191	2   5   2 
6193	1   2 
6193	2   1   5 
6195	1   5 
6195	2   1   2 
6197	1   1 
6197	1   2 
6198	2   5   2 
6200	2   1   5 
6202	2   2   1 
6202	1   5 
6204	2   2   1 
