   1	1  14 
   1	1   5 
   2	1  14 
   3	1  14 
   2	1   5 
   1	1   0 
   2	1   0 
   3	1   0 
   1	1   1 
   2	1   1 
   1	1   4 
   2	1   4 
   3	1   4 
   1	1   6 
   2	1   6 
   1	1   2 
   2	1   2 
   3	1   2 
   1	1   3 
   2	1   3 
   1	1   7 
   2	1   7 
   3	1   7 
   1	1  10 
   2	1  10 
   1	1   8 
   2	1   8 
   3	1   8 
   1	1   9 
   2	1   9 
   4	2   5   0 
   6	2   1   4 
   6	1   0 
   1	1  11 
   2	1  11 
   3	1  11 
   8	2  10   8 
  10	1   4 
  10	2   9  11 
  12	1   8 
  12	1  11 
  12	2   1   4 
  14	1   1 
  15	1   1 
  14	1   4 
  12	2   3   7 
  14	1   7 
  14	2   6   2 
  16	1   2 
  16	2   9  11 
  18	2   5   0 
  20	1   5 
  21	1   5 
  22	1   5 
  23	1   5 
  24	1   5 
  20	1   0 
  21	2   0   1 
  23	1   1 
  24	2   0   1 
  26	1   0 
  27	1   0 
  28	1   0 
  29	1   0 
  30	1   0 
  31	1   0 
  26	1   1 
  27	1   1 
  28	1   1 
  29	1   1 
  30	1   1 
  18	1   9 
  19	1   9 
  18	1  11 
  18	2   3   7 
  20	1   7 
  20	1   3 
  21	1   3 
  20	2  10   8 
  22	1  10 
  23	1  10 
  22	1   8 
  23	2   8   9 
  25	1   9 
  22	2  11  14 
  24	1  14 
  25	2   7  10 
  27	2   6   2 
  27	2  11  14 
  29	1  14 
  30	1  14 
  29	1   6 
  31	1  14 
  32	1  14 
  30	1   6 
  29	1   2 
  27	1  10 
  33	1  14 
  29	1  11 
  30	1  11 
  31	1  11 
  34	1  14 
  27	2   8   9 
  29	2   7  10 
  32	2   5   0 
  34	1   0 
  29	1   9 
  35	2   5   0 
  37	1   5 
  38	1   5 
  39	1   5 
  29	1   8 
  40	1   5 
  30	1   8 
  41	1   5 
  37	1   0 
  31	1  10 
  32	1  10 
  33	1  10 
  30	1   9 
  34	1  10 
  31	2   2   3 
  31	1   7 
  32	1   7 
  31	1   9 
  32	1  11 
  33	1  11 
  34	1  11 
  33	1   7 
  35	1  10 
  33	1   3 
  31	1   8 
  32	1   9 
  34	2   2   3 
  34	1   7 
  36	1   2 
  37	1   2 
  38	1   2 
  39	1   2 
  36	1   3 
  33	1   9 
  40	1   2 
  32	1   8 
  33	1   8 
  37	1   3 
  41	1   2 
  38	1   3 
  39	1   3 
  34	1   8 
  40	1   3 
  35	1   7 
  36	1   7 
  37	2  10   8 
  39	1   8 
  40	2  10   8 
  42	2   9  11 
  44	1  10 
  45	1  10 
  44	1  11 
  44	2   3   7 
  44	1   8 
  46	2   4   6 
  48	1   6 
  48	1   7 
  49	2   4   6 
  51	2   9  11 
  51	1   6 
  53	1   9 
  54	1   9 
  51	1   4 
  52	1   4 
  52	1   6 
  53	1   4 
  53	1   6 
  53	2   3   7 
  55	1   3 
  55	2   8   9 
  55	1   7 
  56	1   3 
  54	1   4 
  55	1   4 
  56	1   4 
  53	1  11 
  54	1   6 
  55	2  11  14 
  57	1  14 
  55	1   6 
  56	2   6   2 
  58	2   7  10 
  58	1   2 
  60	2  11  14 
  57	1   9 
  62	1  11 
  60	1  10 
  63	1  11 
  62	1  14 
  63	1  14 
  60	2   8   9 
  64	1  14 
  65	1  14 
  66	1  14 
  62	1   8 
  63	1   8 
  64	1   8 
  62	2   7  10 
  62	1   9 
  65	1   8 
  64	1   7 
  65	1   7 
  62	2   1   4 
  64	2   6   2 
  67	1  14 
  64	1  11 
  66	1   6 
  64	1  10 
  67	1   6 
  66	1   8 
  66	1   7 
  67	1   8 
  65	1  11 
  66	1  11 
  67	1  11 
  64	1   4 
  67	1   7 
  66	1   2 
  68	1   7 
  69	1   7 
  65	1  10 
  63	1   9 
  66	1  10 
  67	1  10 
  68	1  10 
  66	2   1   4 
  68	1   4 
  69	2  10   8 
  71	2   4   6 
  68	1   1 
  71	1   9 
  69	1   1 
  73	2   0   1 
  75	2   2   3 
  75	1   1 
  73	1   6 
  73	1   8 
  74	2  10   8 
  76	1   8 
  77	2   4   6 
  79	1   6 
  76	1   9 
  77	1   3 
  79	2   2   3 
  79	1  10 
  77	1   9 
  79	1   4 
  80	1  10 
  81	2   9  11 
  80	1   4 
  81	2   0   1 
  83	1   1 
  83	1   0 
  83	1  11 
  84	2   9  11 
  81	1   4 
  84	1   0 
  82	1   4 
  81	1   2 
  82	1   2 
  80	1   6 
  83	1   4 
  84	1   1 
  81	1   6 
  85	1   0 
  86	1   0 
  83	1   2 
  87	1   0 
  84	1   4 
  88	1   0 
  81	1   3 
  86	1  11 
  82	1   6 
  86	1   9 
  87	1   9 
  88	2   8   9 
  90	1   9 
  91	2   8   9 
  93	1   9 
  83	1   6 
  94	1   9 
  85	1   1 
  95	1   9 
  93	1   8 
  94	1   8 
  86	1   1 
  96	1   9 
  87	1   1 
  84	1   2 
  85	1   2 
  86	1   2 
  82	1   3 
  83	1   3 
  84	1   3 
  85	1   3 
  86	2   3   7 
  97	1   9 
  88	2   6   2 
  88	2  11  14 
  95	1   8 
  90	1   2 
  88	1   7 
  90	2   3   7 
  90	1  14 
  92	2  11  14 
  94	1  14 
  95	1  14 
  96	1  14 
  96	1   8 
  94	1  11 
  97	1  14 
  95	1  11 
  96	1  11 
  92	1   3 
  92	1   7 
  97	1   8 
  92	2   6   2 
  98	1  14 
  98	1   8 
  94	1   2 
  94	2   7  10 
  94	1   6 
  99	1  14 
  96	1  10 
  93	1   3 
  97	1  11 
  95	1   6 
  98	1  11 
  94	2   1   4 
  99	1  11 
  96	1   4 
  96	2   5   0 
  96	2   2   3 
  98	2   7  10 
 100	1  10 
 101	1  10 
  98	1   0 
  98	1   3 
  98	2   1   4 
 100	2   5   0 
 102	1   5 
 103	1   5 
 104	1   5 
 105	1   5 
 106	1   5 
 102	1   0 
 100	1   1 
 102	1  10 
 101	1   1 
 100	2   2   3 
 103	1  10 
 104	1  10 
 100	1   4 
 105	2  10   8 
 102	1   2 
 103	2   0   1 
 105	1   1 
 100	1   7 
 101	1   7 
 107	1   8 
 102	1   7 
 103	1   2 
 104	1   2 
 105	1   2 
 102	1   3 
 106	1   2 
 103	1   7 
 107	1   2 
 103	1   3 
 104	1   3 
 105	1   3 
 104	1   7 
 106	1   3 
 106	2   0   1 
 105	1   7 
 108	1   0 
 109	1   0 
 108	1   1 
 109	1   1 
 110	1   1 
 110	1   0 
 107	2   3   7 
 109	1   7 
 111	1   0 
 111	1   1 
 112	1   1 
 112	1   0 
 113	1   0 
 109	2  10   8 
 111	2   9  11 
 113	1  10 
 113	1  11 
 114	2   9  11 
 116	2   4   6 
 118	1  10 
 116	1   9 
 117	1   9 
 118	1   8 
 118	1   6 
 118	2   5   0 
 116	1  11 
 118	2  11  14 
 120	1  14 
 120	2   4   6 
 122	2   3   7 
 124	2  11  14 
 124	1   3 
 122	1   6 
 126	1  14 
 127	1  14 
 128	1  14 
 129	1  14 
 124	1   7 
 123	1   6 
 130	1  14 
 126	1  11 
 124	1   6 
 122	1   0 
 127	1  11 
 125	1   3 
 131	1  14 
 128	1  11 
 122	1   4 
 125	1   6 
 129	1  11 
 123	1   4 
 130	1  11 
 124	1   4 
 125	1   4 
 126	1   6 
 131	1  11 
 122	2   8   9 
 126	2   7  10 
 128	1  10 
 128	2   5   0 
 130	1   5 
 131	1   5 
 132	1   5 
 130	2   7  10 
 132	1  10 
 133	1   5 
 130	1   0 
 134	1   5 
 133	1  10 
 126	1   4 
 132	1   7 
 127	1   4 
 133	1   7 
 134	1   7 
 135	1   7 
 130	2   1   4 
 124	1   9 
 132	1   4 
 132	2   6   2 
 134	1   2 
 132	2   8   9 
 134	1  10 
 134	1   8 
 135	1   8 
 134	2   1   4 
 136	1   7 
 136	1   8 
 135	1  10 
 136	1  10 
 137	1   8 
 134	1   9 
 136	2   6   2 
 136	1   1 
 136	1   4 
 138	1   8 
 137	1   7 
 137	1   1 
 138	1   6 
 135	1   9 
 139	1   6 
 136	1   9 
 138	1   2 
 139	1   8 
 138	2   0   1 
 140	1   1 
 140	2   4   6 
 137	1   9 
 142	1   6 
 138	1   9 
 142	2   9  11 
 144	2   4   6 
 146	2  10   8 
 148	1   6 
 148	1   4 
 148	1   8 
 146	2   0   1 
 148	1  11 
 148	2   2   3 
 148	1   1 
 150	1   3 
 148	1   0 
 149	1   0 
 151	2   2   3 
 149	1   1 
 149	2  10   8 
 151	1   8 
 150	1   1 
 152	2   9  11 
 154	1  11 
 154	1  10 
 151	1   1 
 155	2  11  14 
 157	1  14 
 155	1  10 
 151	1   4 
 152	1   1 
 151	1   6 
 153	1   3 
 154	1   9 
 154	1   3 
 155	1   9 
 150	1   0 
 151	1   0 
 155	1   3 
 156	1   3 
 157	1   3 
 158	2   3   7 
 160	2  11  14 
 162	1  14 
 163	1  14 
 152	1   0 
 160	1   7 
 153	1   2 
 164	1  14 
 152	1   4 
 154	1   2 
 153	1   4 
 165	1  14 
 162	1  11 
 163	1  11 
 164	1  11 
 155	1   2 
 152	1   6 
 153	1   0 
 154	1   4 
 156	1   2 
 165	1  11 
 155	1   4 
 153	1   6 
 154	1   6 
 157	1   2 
 158	1   2 
 154	2   5   0 
 156	1   0 
 156	2   1   4 
 158	2   5   0 
 160	2   6   2 
 160	1   5 
 161	1   5 
 162	1   5 
 162	1   2 
 160	1   0 
 163	1   5 
 158	1   4 
 160	2   8   9 
 162	1   9 
 162	2   1   4 
 164	2   8   9 
 166	1   8 
 167	1   8 
 164	1   4 
 166	1   9 
 167	1   9 
 164	1   1 
 168	1   9 
 162	2   3   7 
 169	1   9 
 168	1   8 
 164	2   6   2 
 165	1   1 
 166	1   6 
 166	1   2 
 167	1   6 
 164	1   3 
 165	1   3 
 164	1   7 
 169	2   4   6 
 171	2   2   3 
 173	1   3 
 171	1   6 
 173	2   7  10 
 173	2   0   1 
 175	1   1 
 175	1  10 
 175	2   2   3 
 177	1   3 
 178	1   3 
 179	1   3 
 177	2   4   6 
 179	1   4 
 179	1   6 
 180	1   3 
 180	1   4 
 179	1   8 
 179	2   7  10 
 181	1   4 
 179	1   2 
 182	1   4 
 181	1  10 
 182	1  10 
 180	1   6 
 179	2   0   1 
 181	1   6 
 180	1   2 
 183	1  10 
 181	1   7 
 181	1   0 
 182	1   0 
 183	1   0 
 184	1   0 
 181	1   1 
 182	1   1 
 181	1   2 
 183	1   1 
 184	1   1 
 182	1   7 
 184	1  10 
 182	1   6 
 182	1   2 
 183	1   7 
 184	1   7 
