   1	1   0 
   2	1   0 
   1	1   5 
   2	1   5 
   3	1   5 
   1	1   1 
   2	1   1 
   1	1   4 
   2	1   4 
   3	1   4 
   1	1   6 
   2	1   6 
   1	1   2 
   2	1   2 
   3	1   2 
   1	1   3 
   2	1   3 
   1	1   7 
   2	1   7 
   3	1   7 
   1	1  10 
   2	1  10 
   1	1   8 
   2	1   8 
   3	1   8 
   1	1   9 
   2	1   9 
   1	1  11 
   2	1  11 
   3	1  11 
   1	1  15 
   1	1  14 
   1	1  12 
   2	1  14 
   4	2   1   4 
   6	1   4 
   2	1  12 
   3	1  12 
   1	1  13 
   2	1  13 
   2	1  15 
   3	1  15 
   6	2   0   5 
   8	2   6   2 
   8	1   5 
  10	1   2 
   4	2  14  12 
   6	2  13  15 
  10	2   9  11 
  12	1  11 
   8	1  12 
  12	1  15 
  13	2   9  11 
  15	2  10   8 
  17	2   1   4 
  19	1   1 
  19	1   4 
  17	1   9 
  18	1   9 
  17	2  14  12 
  19	2  13  15 
  21	1  15 
  22	1  15 
  23	1  15 
  24	1  15 
  19	1   8 
  20	1   1 
  21	1  11 
  21	1  14 
  22	1  14 
  21	1  12 
  21	1  13 
  25	1  15 
  22	1  13 
  26	1  15 
  19	2   6   2 
  21	1   2 
  21	2   0   5 
  23	1   0 
  24	1   0 
  23	1   5 
  25	1   0 
  26	1   0 
  27	1   0 
  21	1   6 
  22	1   6 
  21	2   3   7 
  23	2  10   8 
  25	2  12  13 
  23	1   7 
  25	1   8 
  25	2   3   7 
  27	2  11  14 
  25	2   5   1 
  29	2   4   6 
  31	1   6 
  27	1   3 
  28	1   3 
  31	1   7 
  31	1  10 
  27	1   1 
  29	1  14 
  32	2   4   6 
  34	1   4 
  35	1   4 
  36	1   4 
  37	1   4 
  38	1   4 
  34	2  11  14 
  34	2   2   3 
  27	1  13 
  36	1  11 
  39	1   4 
  34	1   6 
  35	1   6 
  36	1   6 
  37	1   6 
  34	2   8   9 
  36	1  14 
  38	1   6 
  36	2   5   1 
  38	1   1 
  39	1   1 
  40	1   1 
  41	1   1 
  34	1  10 
  38	1   5 
  37	1  11 
  36	1   3 
  36	2   7  10 
  37	1  14 
  39	1   5 
  38	1  14 
  40	1   5 
  41	1   5 
  42	1   5 
  36	1   9 
  38	1  11 
  39	1  11 
  38	2   2   3 
  40	1   2 
  43	1   5 
  42	1   1 
  41	1   2 
  42	1   2 
  43	1   2 
  36	2  12  13 
  44	1   2 
  38	2   8   9 
  43	2   1   4 
  38	1  12 
  38	1  10 
  45	1   4 
  40	2   7  10 
  45	2   0   5 
  40	1  11 
  39	1  12 
  40	1   3 
  42	1   7 
  40	1   8 
  47	1   5 
  41	1   8 
  39	1  14 
  42	1  10 
  45	1   2 
  41	1  11 
  40	1   9 
  41	1   9 
  40	1  14 
  41	1   3 
  42	1   3 
  42	1   9 
  43	1  10 
  43	1   3 
  42	1   8 
  43	1   9 
  44	1   9 
  38	1  13 
  43	1   7 
  44	1   7 
  44	1  10 
  44	1   3 
  40	1  12 
  45	1   7 
  45	1  10 
  46	1   7 
  39	1  13 
  41	1  12 
  43	1   8 
  47	1   7 
  46	1  10 
  44	1   8 
  45	1   8 
  42	1  12 
  43	1  12 
  40	1  13 
  41	1  13 
  42	1  13 
  45	2  13  15 
  47	2  10   8 
  49	2  14  12 
  51	1  12 
  51	2   9  11 
  53	2   3   7 
  53	2   0   5 
  53	2  14  12 
  55	1   0 
  56	1   0 
  57	1   0 
  58	1   0 
  53	1  11 
  59	1   0 
  55	1  14 
  55	1   5 
  55	1   7 
  55	1   8 
  55	1  12 
  55	2   6   2 
  55	1  15 
  57	2  10   8 
  59	1   8 
  59	2  13  15 
  61	1  15 
  62	1  15 
  61	1  13 
  63	1  15 
  64	1  15 
  61	1  14 
  65	1  15 
  57	1   2 
  59	1  10 
  66	1  15 
  62	1  13 
  63	2  12  13 
  65	1  13 
  60	1  10 
  66	2  12  13 
  68	1  13 
  69	1  13 
  68	1  12 
  59	2   3   7 
  61	1   7 
  59	2   1   4 
  70	1  13 
  69	1  12 
  61	1   1 
  71	1  13 
  62	1   1 
  61	1   3 
  61	2   6   2 
  63	1   6 
  63	1   2 
  72	1  13 
  70	1  12 
  71	1  12 
  72	1  12 
  62	1   3 
  73	1  12 
  63	2   5   1 
  65	1   1 
  61	1   4 
  64	1   6 
  63	2   7  10 
  65	2   4   6 
  67	2   2   3 
  67	1   6 
  69	1   3 
  69	2   4   6 
  71	1   4 
  72	1   4 
  73	1   4 
  71	2   2   3 
  74	1   4 
  75	1   4 
  76	1   4 
  71	1   6 
  71	1  10 
  73	1   3 
  72	1   6 
  73	1   6 
  73	1   2 
  74	1   6 
  73	2   9  11 
  74	1   2 
  74	1   3 
  75	1   3 
  75	1   6 
  75	1   2 
  76	1   2 
  77	1   2 
  78	1   2 
  75	1   9 
  76	1   3 
  77	1   3 
  76	1   9 
  75	2   7  10 
  77	1   7 
  79	2   6   2 
  77	2   8   9 
  77	1  10 
  78	1   7 
  81	1   2 
  79	1   7 
  80	1   7 
  81	1   7 
  82	1   7 
  78	1  10 
  79	1  10 
  80	1  10 
  81	1  10 
  75	1  11 
  77	2  11  14 
  79	1  14 
  80	2  11  14 
  83	2   3   7 
  85	1   7 
  79	1   9 
  81	2   5   1 
  85	2   6   2 
  82	2  13  15 
  87	1   6 
  84	1  14 
  84	1  11 
  83	1   5 
  88	1   6 
  84	2   8   9 
  84	1   5 
  85	1   5 
  87	2   3   7 
  89	1   7 
  83	1   1 
  87	1   2 
  84	1   1 
  86	1   5 
  86	1   9 
  89	1   3 
  87	1   5 
  86	1   8 
  87	1   9 
  88	1   5 
  88	1   9 
  89	1   9 
  87	1   8 
  85	1  11 
  90	1   9 
  85	1   1 
  90	1   3 
  86	1   1 
  87	1   1 
  88	1   8 
  86	1  11 
  84	1  15 
  88	2   1   4 
  91	2   2   3 
  93	1   3 
  94	2   2   3 
  96	1   3 
  85	1  14 
  97	1   3 
  91	2  13  15 
  98	1   3 
  96	1   2 
  99	1   3 
  97	1   2 
  89	1   8 
  90	1   4 
  98	1   2 
  93	1  15 
  93	1  13 
 100	1   3 
  99	1   2 
  94	1  15 
  94	1  13 
  90	1   8 
 100	1   2 
 101	1   2 
  93	1  14 
  95	1  15 
  94	1  14 
  91	1   8 
  93	1  11 
  94	1  11 
  95	1  14 
  95	1  11 
  96	1  15 
  97	1  15 
  98	1  15 
  90	2   0   5 
  92	1   5 
  93	2   0   5 
  96	2  10   8 
  98	1   8 
  95	1   0 
  96	1   0 
  97	1   0 
  98	1   0 
  95	1   5 
  99	2  14  12 
 101	2   9  11 
 101	1  12 
 103	2  10   8 
 105	1  11 
 105	2  14  12 
 107	1  10 
 105	2   1   4 
 107	1  14 
  99	1   0 
 107	1  12 
 108	2  12  13 
 110	1  13 
 107	1   4 
 111	2  12  13 
 113	1  13 
 114	1  13 
 115	1  13 
 107	1   8 
 107	1   1 
 108	1  14 
 108	1  10 
 108	1   1 
 113	1  12 
 114	1  12 
 115	1  12 
 109	2   4   6 
 111	1   6 
 111	2   7  10 
 113	2   4   6 
 115	1   4 
 116	1   4 
 117	1   4 
 115	1  10 
 118	1   4 
 116	2   9  11 
 119	1   4 
 118	1  11 
 119	2  11  14 
 121	1  14 
 118	1  13 
 122	2  11  14 
 120	1   4 
 115	1   6 
 118	1   9 
 119	1   9 
 119	1  13 
 120	2   8   9 
 122	1   9 
 123	2   8   9 
 116	1  12 
 117	1  12 
 124	1  11 
 125	1   8 
 125	1   9 
 125	1  11 
 126	1  11 
 116	1   6 
 117	1   6 
 118	1   6 
 119	1   6 
 125	2   7  10 
 127	1  11 
 127	2   6   2 
 118	1  12 
 129	1   2 
 126	1   8 
 124	1  14 
 129	2   5   1 
 126	1   9 
 131	2   6   2 
 131	1   1 
 127	1  10 
 127	1   7 
 128	1  11 
 128	1  10 
 127	1   8 
 128	1   8 
 129	1   8 
 130	1   8 
 133	2   5   1 
 127	1   9 
 135	1   5 
 125	1  14 
 136	1   5 
 135	1   1 
 133	1   2 
 133	1   6 
 129	1  11 
 128	1   9 
 128	1   7 
 129	1  10 
 129	1   9 
 130	1  10 
 134	1   6 
 131	1  10 
 137	1   5 
 136	1   1 
 138	1   5 
 126	1  14 
 127	1  14 
 139	1   5 
 130	2  13  15 
 132	1  15 
 133	2  13  15 
 135	1  15 
 129	1   7 
 136	1  15 
 137	1  15 
 138	1  15 
 137	1   1 
 138	1   1 
 140	1   5 
 139	1   1 
 135	1  14 
 130	1   7 
 131	1   7 
 132	1   7 
 133	2   3   7 
 139	1  15 
 136	2  10   8 
 135	1   7 
 140	2  14  12 
 140	2   1   4 
 138	2   3   7 
 142	1   4 
 142	1  13 
 142	1   8 
 140	1   7 
 142	1  12 
 140	1   3 
 143	1  13 
 141	1   3 
 142	1  15 
 142	2   2   3 
 144	1   3 
 145	2   2   3 
 147	1   3 
 147	1   2 
 148	1   3 
 148	1   2 
 142	2   0   5 
 149	1   2 
 144	1   5 
 150	1   2 
 144	2  10   8 
 146	2   0   5 
 148	1   5 
 148	2   1   4 
 150	1   1 
 151	1   2 
 148	1   0 
 150	1   4 
 149	1   0 
 150	1   0 
 151	1   1 
 151	1   0 
 152	1   0 
 146	1   8 
 152	1   2 
 149	1   3 
 146	1  10 
 147	1  10 
 150	1   3 
 148	2   7  10 
 151	1   3 
 150	2   9  11 
 152	2  14  12 
 154	1  10 
 152	2   5   1 
 154	1  14 
 152	1  11 
 155	2   9  11 
 157	2   4   6 
 159	2   7  10 
 161	1  10 
 162	1  10 
 157	1   9 
 163	1  10 
 164	1  10 
 154	1   1 
 165	1  10 
 161	1   7 
 162	1   7 
 163	1   7 
 164	1   7 
 165	1   7 
 159	1   6 
 159	2   5   1 
 154	1  12 
 161	1   5 
 166	2   4   6 
 168	1   6 
 168	1   4 
 169	1   4 
 170	1   4 
 168	1   5 
 161	1   1 
 169	1   6 
 155	1  14 
 170	1   6 
 157	2  12  13 
 171	1   4 
 158	1   9 
 159	1  13 
 157	1  11 
 172	1   4 
 160	2  12  13 
 168	2   8   9 
 169	1   5 
 170	1   5 
 171	1   5 
 162	1  13 
 162	1  12 
 163	1  12 
 168	2  11  14 
 172	1   5 
 168	1   7 
 170	1  14 
 171	2  11  14 
 173	2   0   5 
 162	1   1 
 171	1   6 
 173	1   4 
 163	1  13 
 172	1   6 
 170	1   9 
 175	2   8   9 
 175	2   6   2 
 163	1   1 
 177	1   8 
 164	1  12 
 175	1   5 
 164	1  13 
 173	1  14 
 177	1   2 
 177	2   3   7 
 174	1  14 
 179	1   7 
 180	2   3   7 
 173	1  11 
 174	1  11 
 164	1   1 
 175	1  11 
 182	1   7 
 182	1   3 
 165	1  13 
 165	1  12 
 165	1   1 
 177	2   1   4 
 179	2   0   5 
 181	1   0 
 182	1   0 
 183	1   0 
 177	1   9 
 179	1   4 
 175	1  14 
 176	1  14 
 183	1   3 
 178	1   8 
 178	1   9 
 181	1   5 
 179	1   8 
 180	1   8 
 166	1  13 
 181	2   1   4 
 177	1  14 
 181	1   8 
 176	1  11 
 183	1   1 
 183	1   4 
 179	1   9 
 183	2   6   2 
 182	1   8 
 180	2  13  15 
 182	1  15 
 184	1   0 
 184	1   1 
 185	2   5   1 
 182	1  12 
 185	1   6 
 183	1  12 
 184	2  14  12 
 187	1   1 
 186	1   6 
 187	2  10   8 
 189	2  13  15 
 191	1  15 
 191	1  13 
 191	1   9 
 189	2   4   6 
 192	1  15 
 191	2   5   1 
 193	1  15 
 192	1  13 
 191	1   8 
 194	1  15 
 193	1   1 
 194	1   1 
 195	1   1 
 193	1   5 
 194	1   5 
 195	1   5 
 193	2  10   8 
 195	1  12 
 195	1   6 
 191	1   2 
 195	1   9 
 196	1   5 
 196	1   1 
 193	2   2   3 
 195	1   3 
 195	1   8 
 196	2   2   3 
 198	1   2 
 199	1   2 
 200	1   2 
 201	1   2 
 198	1   3 
 199	1   3 
 200	1   3 
 201	1   3 
 195	1  11 
 195	1  10 
 196	1  10 
 196	1  11 
 197	2   9  11 
 199	2  14  12 
 201	2   7  10 
 201	1  14 
 199	1  11 
 203	2   9  11 
 205	2   4   6 
 207	1   4 
 208	1   4 
 209	1   4 
 210	1   4 
 207	1   6 
 208	1   6 
 209	1   6 
 210	1   6 
 207	1  10 
 205	1   9 
 206	1   9 
 205	1  11 
 202	1  14 
 201	1  12 
 205	2  12  13 
 207	2   8   9 
 207	2  11  14 
 209	2   7  10 
 211	1  10 
 209	1   9 
 211	1   7 
 209	1  14 
 212	1   7 
 213	1   7 
 214	1   7 
 212	1  10 
 213	1  10 
 214	1  10 
 207	1  13 
 209	2  12  13 
 211	2  11  14 
 213	1  11 
 214	1  11 
 211	1  13 
 215	1  11 
 212	1  13 
 216	1  11 
 211	2   8   9 
 213	1  14 
 213	1   8 
 214	1   8 
 211	1  12 
 213	1  13 
 215	1   8 
 216	1   8 
 214	1  14 
 213	1   9 
 212	1  12 
 214	1   9 
 215	1   9 
 216	1   9 
 213	1  12 
 215	1  14 
 214	1  12 
 216	1  14 
 214	1  13 
