   1	1   0 
   2	1   0 
   1	1   5 
   2	1   5 
   3	1   5 
   1	1   1 
   2	1   1 
   1	1   4 
   2	1   4 
   3	1   4 
   1	1   6 
   2	1   6 
   1	1   2 
   2	1   2 
   3	1   2 
   1	1   3 
   2	1   3 
   1	1   7 
   2	1   7 
   3	1   7 
   1	1  10 
   2	1  10 
   1	1   8 
   2	1   8 
   3	1   8 
   4	2   1   4 
   4	2   3   7 
   6	1   7 
   6	2   0   5 
   8	1   5 
   8	2  10   8 
  10	2   0   5 
  12	1   0 
  13	1   0 
  14	1   0 
  10	2   3   7 
  10	1   8 
  12	2  10   8 
  14	1   4 
  15	1   0 
  12	1   5 
  12	1   3 
  13	1   3 
  12	1   7 
  14	1  10 
  15	1  10 
  14	1   8 
  15	1   8 
  16	1   8 
  17	1   8 
  18	1   8 
  19	1   8 
  15	2   1   4 
  16	1   0 
  17	1   1 
  18	1   1 
  17	1   4 
  16	2   7  10 
  18	1  10 
  18	2   6   2 
  20	2   7  10 
  22	1   7 
  23	1   7 
  20	1   2 
  24	1   7 
  25	1   7 
  26	1   7 
  27	1   7 
  22	1  10 
  23	1  10 
  24	1  10 
  25	1  10 
  26	1  10 
  22	2   6   2 
  24	1   6 
  25	1   6 
  24	2   5   1 
  26	1   1 
  28	2   4   6 
  30	1   2 
  31	2   2   3 
  30	1   6 
  33	1   3 
  31	2  10   8 
  33	2   4   6 
  35	1   8 
  36	2  10   8 
  35	2   2   3 
  38	1   8 
  39	1   8 
  40	1   8 
  41	1   8 
  42	1   8 
  38	1   4 
  39	1   4 
  40	1   4 
  41	1   4 
  42	1   4 
  43	1   4 
  38	1   6 
  39	1   6 
  40	1   6 
  41	1   6 
  42	1   6 
  37	1   2 
  38	1  10 
  38	2   5   1 
  40	1   5 
  39	1  10 
  43	1   8 
  41	1   5 
  42	1   5 
  37	1   3 
  43	1   5 
  44	1   5 
  40	1   1 
  38	1   2 
  38	1   3 
  41	1   1 
  45	1   5 
  42	1   1 
  39	1   3 
  43	1   1 
  39	1   2 
  40	1   3 
  44	1   1 
  40	1   2 
  41	1   3 
  41	1   2 
  42	1   2 
  42	2   3   7 
  44	1   7 
  44	2   6   2 
  46	2   3   7 
  46	1   2 
  48	1   7 
  49	2   7  10 
  51	1  10 
  52	2   7  10 
  54	1  10 
  48	1   3 
  55	1  10 
  56	1  10 
  49	1   3 
  54	1   7 
  46	2   1   4 
  55	1   7 
  48	1   4 
  56	1   7 
  49	2   1   4 
  57	1   7 
  51	1   1 
  52	1   1 
  51	1   4 
  58	1   7 
  59	1   7 
  54	2   0   5 
  56	1   5 
  56	2   6   2 
  58	1   6 
  59	1   6 
  60	2   4   6 
  62	1   6 
  63	2   4   6 
  65	1  10 
  65	1   4 
  65	1   2 
  66	1  10 
  67	2  10   8 
  69	2   0   5 
  69	1   8 
  71	2  10   8 
  73	1   8 
  74	1   8 
  75	1   8 
  76	1   8 
  77	1   8 
  73	1   6 
  74	1   6 
  73	1   4 
  73	1  10 
  66	2   2   3 
  78	1   8 
  74	1   4 
  75	1   4 
  74	1  10 
  68	1   3 
  69	2   2   3 
  76	1   4 
  71	1   0 
  72	1   0 
  73	1   0 
  74	1   0 
  75	1   0 
  71	1   3 
  77	1   4 
  71	1   2 
  71	1   5 
  72	1   3 
  75	1   6 
  76	1   6 
  77	1   6 
  73	1   3 
  74	1   3 
  72	1   2 
  73	2   5   1 
  75	1   1 
  73	1   2 
  75	1   3 
  76	2   3   7 
  76	2   5   1 
  74	1   2 
  75	1   2 
  76	1   2 
  78	1   7 
  78	2   6   2 
  80	1   2 
  80	2   3   7 
  82	2   6   2 
  84	1   6 
  82	1   7 
  84	2   7  10 
  78	1   5 
  86	1  10 
  79	1   5 
  78	1   1 
  80	1   5 
  85	1   6 
  81	1   5 
  82	1   3 
  82	1   5 
  83	1   3 
  79	1   1 
  83	1   5 
  80	1   1 
  84	1   2 
  81	1   1 
  82	1   1 
  84	2   1   4 
  86	2   0   5 
  86	2   2   3 
  88	1   5 
  88	2   7  10 
  90	1  10 
  91	1  10 
  90	1   7 
  92	1  10 
  93	1  10 
  94	1  10 
  86	1   4 
  91	1   7 
  92	1   7 
  88	1   3 
  88	2   1   4 
  93	1   7 
  90	2   0   5 
  92	1   5 
  90	1   4 
  95	2   4   6 
  97	1   6 
  98	2   4   6 
 100	2  10   8 
 102	1   8 
  90	1   1 
 103	2  10   8 
 105	1   8 
 106	1   8 
 107	1   8 
 108	1   8 
 109	1   8 
 100	1   0 
  91	1   1 
 110	1   8 
 105	1  10 
 101	1   0 
 105	1   4 
 106	1  10 
 102	1   0 
 100	2   2   3 
 103	1   0 
 105	2   5   1 
 106	1   4 
 100	1   7 
 107	1   4 
 105	1   6 
 106	1   6 
 104	1   0 
 108	1   4 
 107	1   1 
 101	1   7 
 108	2   5   1 
 109	1   4 
 110	1   5 
 110	1   4 
 111	1   5 
 112	1   5 
 113	1   5 
 114	1   5 
 115	1   5 
 110	1   1 
 116	2   0   5 
 102	1   3 
 111	1   1 
 118	1   5 
 112	1   1 
 113	1   1 
 102	1   2 
 103	1   2 
 107	1   6 
 104	1   2 
 114	1   1 
 108	1   6 
 109	1   6 
 105	1   2 
 106	1   2 
 107	1   2 
 103	1   3 
 118	2   1   4 
 120	1   4 
 104	1   3 
 105	1   3 
 106	1   3 
 107	2   3   7 
 109	1   7 
 110	2   3   7 
 112	1   3 
 113	1   3 
 112	1   7 
 118	2   7  10 
 120	1  10 
 120	2   6   2 
 122	2   7  10 
 124	1  10 
 125	1  10 
 122	2   1   4 
 124	1   1 
 122	1   2 
 126	1  10 
 124	2   6   2 
 127	1  10 
 126	1   6 
 128	1  10 
 124	1   7 
 125	1   7 
 126	1   7 
 127	1   6 
 126	2   0   5 
 124	1   4 
 129	2   4   6 
 125	1   1 
 131	1   2 
 131	2  10   8 
 133	1   6 
 131	1   0 
 132	2   2   3 
 133	1   8 
 134	2   4   6 
 136	1   0 
 136	2  10   8 
 138	1   8 
 138	1   6 
 139	1   6 
 140	1   6 
 137	1   0 
 139	1   8 
 138	1   4 
 139	1   4 
 138	1  10 
 139	1  10 
 140	1   8 
 136	1   7 
 138	1   0 
 137	1   7 
 138	1   7 
 136	1   5 
 134	1   3 
 136	2   2   3 
 139	1   0 
 138	1   2 
 138	2   5   1 
 140	1   1 
 141	1   6 
 141	2   5   1 
 141	1   8 
 139	1   2 
 140	1   4 
 141	1   4 
 140	1   2 
 143	1   1 
 143	1   5 
 142	1   6 
 141	1   2 
 144	1   1 
 138	1   3 
 142	1   2 
 143	1   2 
 144	1   5 
 144	2   6   2 
 145	1   5 
 145	1   1 
 139	1   3 
 146	1   2 
 146	1   5 
 147	2   6   2 
 149	1   2 
 142	1   4 
 146	1   1 
 147	1   5 
 147	1   1 
 143	1   4 
 148	1   5 
 149	2   1   4 
 151	2   0   5 
 149	1   6 
 140	1   3 
 153	1   5 
 151	1   4 
 150	1   6 
 153	2   1   4 
 155	2   0   5 
 157	1   5 
 155	1   4 
 157	1   0 
 158	1   0 
 155	1   1 
 141	1   3 
 159	1   0 
 142	1   3 
 160	1   0 
 149	2   3   7 
 151	1   7 
 152	2   3   7 
 156	1   1 
 154	1   3 
 155	1   3 
 154	1   7 
 156	2   2   3 
 161	2   4   6 
 163	1   6 
 158	1   3 
 163	2   7  10 
 163	2   5   1 
 165	2   4   6 
 167	2   2   3 
 169	1   2 
 170	1   2 
 165	1   1 
 167	1   4 
 167	1  10 
 167	1   6 
 171	1   2 
 169	1   3 
 170	1   3 
 171	1   3 
 169	2   7  10 
 171	1  10 
 172	1  10 
 173	1  10 
 169	2   5   1 
 171	1   5 
 171	1   1 
 172	1   2 
 172	1   3 
 171	1   7 
 174	1  10 
 172	1   7 
 172	1   5 
 168	1   6 
 173	1   7 
 174	1   7 
 169	1   6 
 173	1   5 
 174	1   5 
 172	1   1 
 173	1   1 
 174	1   1 
 168	1   4 
 169	1   4 
 170	1   4 
 170	1   6 
