   1	6  11  10 
   1	1   3 
   2	1   3 
   1	1   9 
   1	1   1 
   1	1  12 
   1	1  13 
   2	1  13 
   1	1   8 
   2	1   8 
   2	1  12 
   1	1   7 
   7	1  11 
   8	1  11 
   2	1   7 
   1	1   2 
   2	1   2 
   1	1   4 
   1	1   5 
   1	1   0 
   1	1   6 
   7	1  10 
   1	1  14 
   2	1  14 
   8	2  10  14 
   2	2   5   0 
   4	2   2   5 
   6	1   5 
   6	2   0   2 
   8	1   2 
   8	2   0   5 
  10	1   5 
  11	2   2   5 
  10	1   0 
  13	2   0   2 
  15	1   2 
  16	1   2 
  15	2   5   0 
  17	2   4   6 
  19	1   2 
  19	1   5 
  20	1   5 
  19	1   0 
  19	6   9   4 
  25	2   5   9 
  19	6  11   7 
  27	1   9 
  27	2   6   5 
  29	1   5 
  29	2   6   9 
  31	1   9 
  31	1   6 
  32	2   5   9 
  34	2   6   5 
  36	1   5 
  37	1   5 
  38	1   5 
  36	2   9   6 
  38	1   9 
  39	1   9 
  38	1   6 
  40	2   9  10 
  42	1  10 
  42	2  14   9 
  44	1   9 
  44	2  14  10 
  46	1  10 
  46	1  14 
  47	2   9  10 
  49	2  14   9 
  51	1   9 
  52	1   9 
  51	2  10  14 
  53	1  10 
  53	1  14 
  54	2  10  14 
  39	6   2   0 
  56	2   9   6 
  58	2   5   9 
  60	1   9 
  60	2   6   5 
  62	1   5 
  62	2   6   9 
  64	1   9 
  64	1   6 
  65	2   5   9 
  67	2   6   5 
  69	1   5 
  70	1   5 
  69	2   9   6 
  71	1   9 
  71	1   6 
  71	2   5   2 
  73	2   0   5 
  75	1   5 
  75	2   2   0 
  77	1   0 
  77	2   2   5 
  79	6   8   4 
  79	1   5 
  85	2   0   5 
  79	1   2 
  87	2   2   0 
  89	1   0 
  90	1   0 
  91	1   0 
  89	2   5   2 
  91	1   5 
  92	1   5 
  91	1   2 
  91	2   9   6 
  93	2   5   9 
  95	1   9 
  95	2   6   5 
  97	1   5 
  97	2   6   9 
  99	1   9 
  99	1   6 
  99	6   4   1 
  99	6  13  10 
 105	2   5   9 
 107	2   6   5 
 109	1   5 
 110	1   5 
 111	1   5 
 109	2   9   6 
 111	1   6 
 111	1   9 
 112	1   9 
 113	2   9  13 
 115	1  13 
 115	2  14   9 
 117	1   9 
 117	2  14  13 
 119	1  13 
 119	1  14 
 120	2   9  13 
 122	2  14   9 
 124	1   9 
 125	1   9 
 124	2  13  14 
 126	1  13 
 126	1  14 
 126	2   9   6 
 128	2   5   9 
 130	1   9 
 130	2   6   5 
 132	1   5 
 132	2   6   9 
 134	1   9 
 134	1   6 
 135	2   5   9 
 137	2   6   5 
 139	1   5 
 140	1   5 
 137	2  13  14 
 139	2   9   6 
 141	1   9 
 141	1   6 
 141	2   5   2 
 143	2   7   5 
 145	1   5 
 145	2   2   7 
 147	1   7 
 147	2   2   5 
 149	1   5 
 149	1   2 
 150	2   7   5 
 152	2   2   7 
 154	1   7 
 155	1   7 
 156	1   7 
 154	2   5   2 
 156	1   5 
 157	1   5 
 156	1   2 
 156	2   9   6 
 158	2   5   9 
 160	1   9 
 160	2   6   5 
 162	2   6   9 
 162	1   5 
 164	1   9 
 164	1   6 
 165	2   5   9 
 167	2   6   5 
 169	1   5 
 170	1   5 
 171	1   5 
 169	2   9   6 
 171	1   9 
 172	1   9 
 171	1   6 
 173	2   9  13 
 175	1  13 
 175	2  14   9 
 177	1   9 
 177	2  14  13 
 179	1  14 
 179	1  13 
 180	2   9  13 
 182	2  14   9 
 184	2  13  14 
 184	1   9 
 186	1  13 
 186	1  14 
 185	1   9 
 186	2   9   6 
 188	2   5   9 
 190	1   9 
 190	2   6   5 
 192	1   5 
 190	2  13  14 
 192	2   6   9 
 194	1   6 
 194	1   9 
 195	2   5   9 
 197	2   6   5 
 199	1   5 
 199	2   9   6 
 200	1   5 
 201	1   9 
 201	1   6 
 201	2   5   2 
 203	2   9   6 
 205	2   7   5 
 207	1   5 
 207	2   2   7 
 209	1   7 
 209	2   2   5 
 211	1   5 
 211	1   2 
 212	2   7   5 
 214	2   2   7 
 216	2   5   2 
 216	1   7 
 217	1   7 
 218	6   7   3 
 224	1   3 
 218	1   2 
 218	1   5 
 219	1   5 
 220	2   5   9 
 222	1   9 
 224	2   6   5 
 226	1   5 
 226	2   6   9 
 228	1   9 
 228	1   6 
 229	2   5   9 
 231	2   6   5 
 233	1   5 
 233	2   9   6 
 235	1   9 
 236	1   9 
 235	1   6 
 237	2   9  13 
 234	1   5 
 235	1   5 
 235	6  11   3 
 239	1  13 
 241	2  14   9 
 243	1   9 
 243	2  14  13 
 245	1  13 
 245	1  14 
 246	2   9  13 
 248	2  14   9 
 250	2  13  14 
 250	1   9 
 251	1   9 
 252	2   9   6 
 252	1  13 
 254	2   5   9 
 256	1   9 
 256	2   6   5 
 258	1   5 
 252	1  14 
 256	2  13  14 
 258	2   6   9 
 260	1   9 
 260	1   6 
 261	2   5   9 
 263	2   6   5 
 265	1   5 
 266	1   5 
 265	2   9   6 
 267	1   9 
 267	1   6 
 267	2   5   2 
 269	2   1   5 
 271	2   2   1 
 273	1   1 
 271	1   5 
 273	2   2   5 
 275	1   2 
 275	1   5 
 276	2   1   5 
 278	2   2   1 
 280	1   1 
 281	1   1 
 280	2   5   2 
 282	1   1 
 282	1   2 
 282	2   9   6 
 282	1   5 
 283	1   5 
 284	2   5   9 
 286	2   6   5 
 286	1   9 
 288	2   6   9 
 288	1   5 
 290	1   6 
 290	1   9 
 291	2   5   9 
 293	2   6   5 
 295	1   5 
 296	1   5 
 297	1   5 
 295	2   9   6 
 297	1   6 
 297	1   9 
 298	1   9 
 299	2   9  13 
 301	1  13 
 301	2  14   9 
 303	1   9 
 303	2  14  13 
 305	1  14 
 305	1  13 
 306	2   9  13 
 308	2  14   9 
 310	2  13  14 
 310	1   9 
 311	1   9 
 312	1  14 
 312	2   9   6 
 312	1  13 
 314	2   5   9 
 316	2  13  14 
 316	1   9 
 316	2   6   5 
 318	2   6   9 
 320	1   9 
 318	1   5 
 321	2   5   9 
 320	1   6 
 323	2   6   5 
 325	1   5 
 325	2   9   6 
 327	1   9 
 327	1   6 
 326	1   5 
 327	2   5   2 
 329	2   1   5 
 331	1   5 
 331	2   2   1 
 333	1   1 
 333	2   2   5 
 335	1   5 
 336	2   1   5 
 335	1   2 
 338	2   2   1 
 340	2   5   2 
 342	2   9   6 
 342	1   5 
 340	1   1 
 341	1   1 
 343	1   5 
 344	2   5   9 
 346	2   6   5 
 348	1   5 
 346	1   9 
 342	1   2 
 342	1   1 
 348	2   6   9 
 350	1   9 
 351	2   5   9 
 350	1   6 
 353	2   6   5 
 355	2   9   6 
 357	1   9 
 357	1   6 
 355	1   5 
 356	1   5 
 358	1   9 
 357	1   5 
 359	2   9  13 
 361	1  13 
 361	2  14   9 
 363	2  14  13 
 365	1  13 
 363	1   9 
 365	1  14 
 366	2   9  13 
 368	2  14   9 
 370	1   9 
 370	2  13  14 
 371	1   9 
 372	1  14 
 372	2   9   6 
 374	2   5   9 
 376	2   6   5 
 372	1  13 
 376	1   9 
 376	2  13  14 
 378	1   5 
 378	2   6   9 
 380	1   9 
 380	1   6 
 381	2   5   9 
 383	2   6   5 
 385	1   5 
 386	1   5 
 385	2   9   6 
 387	2   5   2 
 389	2  10   5 
 391	2   2  10 
 393	1   9 
 393	1  10 
 391	1   5 
 393	1   6 
 393	2   2   5 
 395	1   2 
 395	1   5 
 396	2  10   5 
 398	2   2  10 
 400	1  10 
 400	2   5   2 
 401	1  10 
 402	2   9   6 
 402	1   2 
 402	1  10 
 402	1   5 
 403	1   5 
 404	2   5   9 
 406	2   6   5 
 406	1   9 
 408	2   6   9 
 410	1   9 
 408	1   5 
 410	1   6 
 411	2   5   9 
 413	2   6   5 
 415	2   9   6 
 417	1   6 
 415	1   5 
 416	1   5 
 417	1   9 
 417	1   5 
 418	1   9 
 419	2   9  13 
 421	2  14   9 
 423	1   9 
 421	1  13 
 423	2  14  13 
 425	1  13 
 425	1  14 
 426	2   9  13 
 428	2  14   9 
 430	1   9 
 430	2  13  14 
 431	1   9 
 432	1  14 
 432	2   9   6 
 434	2   5   9 
 436	1   9 
 432	1  13 
 436	2  13  14 
 436	2   6   5 
 438	2   6   9 
 438	1   5 
 440	1   6 
 440	1   9 
 441	2   5   9 
 443	2   6   5 
 445	1   5 
 445	2   9   6 
 446	1   5 
 447	1   6 
 447	1   9 
 447	2   5   2 
 449	2  10   5 
 451	2   2  10 
 453	1  10 
 451	1   5 
 453	2   2   5 
 455	2   9   6 
 455	1   2 
 455	1   5 
 457	2  10   5 
 459	2   2  10 
 461	2   5   2 
 461	1  10 
 462	1  10 
 463	6  13  10 
 463	1   2 
 463	1   5 
 469	1  13 
 464	1   5 
 469	2   5   9 
 471	1   9 
 471	2   6   5 
 473	1   5 
 473	2   6   9 
 475	1   6 
 475	1   9 
 476	2   5   9 
 478	2   6   5 
 480	1   5 
 481	1   5 
 482	1   5 
 480	2   9   6 
 482	1   6 
 482	1   9 
 483	1   9 
 484	2   9  10 
 486	1  10 
 486	2  14   9 
 488	2  14  10 
 490	1  10 
 490	1  14 
 488	1   9 
 491	2   9  10 
 493	2  14   9 
 495	1   9 
 496	1   9 
 497	2   9   6 
 499	2   5   9 
 501	2   6   5 
 503	1   5 
 501	1   9 
 503	2   6   9 
 505	1   9 
 506	2   5   9 
 505	1   6 
 508	2   6   5 
 510	1   5 
 510	2   9   6 
 512	1   9 
 511	1   5 
 512	2   5   2 
 512	1   6 
 514	2   7   5 
 516	2   2   7 
 518	1   7 
 516	1   5 
 518	2   2   5 
 516	2  10  14 
 520	1   2 
 518	1  14 
 520	1   5 
 518	1  10 
 519	2  10  14 
 521	2   7   5 
 523	2   2   7 
 525	2   5   2 
 527	1   2 
 525	1   7 
 527	2   9   6 
 527	1   5 
 526	1   7 
 528	1   5 
 527	1   7 
 529	2   5   9 
 531	2   6   5 
 533	1   5 
 531	1   9 
 533	2   6   9 
 535	1   9 
 536	2   5   9 
 535	1   6 
 538	2   6   5 
 540	2   9   6 
 542	1   9 
 543	1   9 
 542	1   6 
 540	1   5 
 541	1   5 
 542	1   5 
 544	2   9  10 
 546	2  14   9 
 548	1   9 
 546	1  10 
 548	2  14  10 
 550	1  10 
 550	1  14 
 551	2   9  10 
 553	2  14   9 
 555	1   9 
 555	2  10  14 
 557	1  14 
 556	1   9 
 557	2   9   6 
 557	1  10 
 559	2   5   9 
 561	2   6   5 
 563	1   5 
 561	1   9 
 563	2   6   9 
 565	1   9 
 566	2   5   9 
 565	1   6 
 568	2   6   5 
 570	2   9   6 
 572	2  10  14 
 572	1   6 
 572	1   9 
 570	1   5 
 571	1   5 
 572	2   5   2 
 574	2   9   6 
 576	2   7   5 
 578	1   5 
 578	2   2   7 
 580	2   2   5 
 582	1   5 
 582	1   2 
 580	1   7 
 583	2   7   5 
 585	2   2   7 
 587	1   7 
 588	1   7 
 589	1   7 
 587	2   5   2 
 589	1   2 
 589	1   5 
 590	1   5 
 590	6   7   2 
 591	2   5   9 
 593	1   9 
 596	2   6   5 
 598	2   6   9 
 600	1   9 
 598	1   5 
 601	2   5   9 
 600	1   6 
 603	2   6   5 
 605	2   9   6 
 607	1   9 
 608	1   9 
 607	1   6 
 605	1   5 
 606	1   5 
 607	1   5 
 609	2   9  10 
 611	1  10 
 611	2  14   9 
 613	2  14  10 
 615	1  14 
 613	1   9 
 615	1  10 
 616	2   9  10 
 618	2  14   9 
 620	6  14  11 
 620	1   9 
 621	1   9 
 607	6   2   1 
 626	2   9   6 
 628	2   5   9 
 630	6  14  13 
 630	1   9 
 630	2   6   5 
 632	1   5 
 636	6  15  14 
 636	2   6   9 
 638	1   6 
 638	1   9 
 639	2   5   9 
 641	2   6   5 
 643	1   5 
 644	1   5 
 643	2   9   6 
 645	1   6 
 646	2   7   6 
 648	2   3   7 
 645	1   9 
 650	2   6   3 
 650	1   7 
 652	1   3 
 652	2   6   7 
 654	1   6 
 654	1   7 
 654	2  10  11 
 656	2   3   7 
 658	2   6   3 
 660	2   7   6 
 656	1  10 
 660	1   3 
 662	1   6 
 656	1  11 
 661	1   3 
 657	1  10 
 662	2  10  11 
 662	1   3 
 662	1   7 
 663	1   7 
 664	2   7  10 
 666	1  10 
 666	2  11   7 
 668	1   7 
 668	2  11  10 
 670	1  10 
 670	1  11 
 671	2   7  10 
 673	2  11   7 
 675	1   7 
 676	1   7 
 677	2   7   6 
 679	2   3   7 
 681	1   7 
 681	2   6   3 
 683	1   3 
 683	2   6   7 
 685	1   6 
 685	1   7 
 685	2  10  11 
 687	2   3   7 
 687	1  11 
 687	1  10 
 689	2   6   3 
 691	1   3 
 691	2   7   6 
 693	1   7 
 693	1   6 
 693	2  10  11 
 692	1   3 
 693	1   3 
 694	1   7 
 695	2   7  10 
 697	1  10 
 697	2  11   7 
 699	1   7 
 699	2  11  10 
 701	1  11 
 701	1  10 
 702	2   7  10 
 704	2  11   7 
 706	2  10  11 
 708	1  11 
 706	1   7 
 707	1   7 
 708	1  10 
 708	2   7   6 
 710	2   2   7 
 712	1   7 
 712	2  10  11 
 714	2   6   2 
 716	1   2 
 716	2   6   7 
 718	1   7 
 719	2   2   7 
 718	1   6 
 721	2   6   2 
 723	1   2 
 724	1   2 
 725	1   2 
 723	2   7   6 
 725	1   6 
 725	1   7 
 726	1   7 
 727	2   7  10 
 729	1  10 
 729	2  11   7 
 731	1   7 
 731	2  11  10 
 733	1  11 
 733	1  10 
 734	2   7  10 
 736	2  11   7 
 738	1   7 
 739	1   7 
 738	2  10  11 
 740	1  10 
 740	2   7   6 
 740	1  11 
 742	2   2   7 
 744	2  10  11 
 746	2   6   2 
 744	1   7 
 748	1   2 
 748	2   6   7 
 750	1   6 
 750	1   7 
 751	2   2   7 
 753	2   6   2 
 755	1   2 
 756	1   2 
 755	2   7   6 
 757	6  11   6 
 763	1  11 
 757	1   7 
 758	1   7 
 763	2   7  10 
 765	2   6   7 
 757	1   2 
 767	1   7 
 765	1  10 
 767	2   6  10 
 755	6   1   0 
 769	1   6 
 769	1  10 
 770	2   7  10 
 772	2   6   7 
 774	2  10   6 
 774	1   7 
 776	1   6 
 775	1   7 
 776	1  10 
 776	2   7  11 
 778	2  15   7 
 780	2  11  15 
 782	1  15 
 780	1   7 
 782	2  11   7 
 784	1  11 
 784	1   7 
 785	2  15   7 
 787	2  11  15 
 789	1  15 
 789	2   7  11 
 790	1  15 
 791	2  10   6 
 791	1  15 
 791	1  11 
 791	1   7 
 792	1   7 
 793	2   7  10 
 795	2   6   7 
 797	1   7 
 795	1  10 
 797	2   6  10 
 799	1   6 
 799	1  10 
 800	2   7  10 
 802	2   6   7 
 804	2  10   6 
 806	1  10 
 806	1   6 
 804	1   7 
 807	2  10   6 
 805	1   7 
 809	2   7  11 
 811	2  15   7 
 813	2  11  15 
 815	1  15 
 813	1   7 
 815	2  11   7 
 817	1   7 
 817	1  11 
 818	2  15   7 
 820	2  11  15 
 822	1  15 
 822	2   7  11 
 823	1  15 
 824	1   7 
 825	1   7 
 824	1  11 
 826	2   9  11 
 828	1  15 
 828	2   7  10 
 830	2   6   7 
 830	1  10 
 832	1   7 
 832	2   6  10 
 834	1   6 
 834	1  10 
 835	2   7  10 
 837	2   6   7 
 839	2  10   6 
 841	1   6 
 841	1  10 
 842	1   6 
 843	2  10   6 
 839	1   7 
 840	1   7 
 841	1   7 
 845	2   5   7 
 847	2   1   5 
 849	1   5 
 849	6   2   1 
 847	6  11  10 
 828	6  13  12 
 855	2   7   2 
 857	1   2 
 857	2   7   5 
 859	1   5 
 859	1   7 
 860	2   2   5 
 862	2   7   2 
 864	2   5   7 
 866	1   7 
 864	1   2 
 865	1   2 
 866	1   2 
 866	1   5 
 867	1   5 
 868	2   5   9 
 870	1   9 
 870	2  10   5 
 872	2  10   9 
 874	1   9 
 872	1   5 
 875	2   5   9 
 874	1  10 
 877	2  10   5 
 879	2   9  10 
 881	1   9 
 882	1   9 
 879	1   5 
 880	1   5 
 881	1   5 
 881	1  10 
 883	2   9  11 
 885	1  11 
 885	2   6   9 
 887	1   9 
 887	2   6  11 
 889	1   6 
 889	1  11 
 890	2   9  11 
 892	2   6   9 
 894	1   9 
 895	1   9 
 894	2  11   6 
 896	2   9  10 
 896	1  11 
 896	1   6 
 898	2   5   9 
 900	1   9 
 900	2  10   5 
 902	1   5 
 902	2  10   9 
 904	2  11   6 
 904	1   9 
 904	1  10 
 906	2   5   9 
 908	2  10   5 
 910	1   5 
 911	1   5 
 910	2   9  10 
 912	1  10 
 912	2   5   7 
 914	1   9 
 914	2   2   5 
 916	2   9  10 
 916	1   5 
 916	2   7   2 
 918	2   7   5 
 920	1   7 
 918	1   2 
 920	1   5 
 921	2   2   5 
 923	2   7   2 
 925	1   2 
 926	1   2 
 925	2   5   7 
 927	1   5 
 928	1   5 
 927	1   7 
 929	2   5   9 
 931	1   9 
 931	2  10   5 
 933	1   5 
 933	2  10   9 
 935	1  10 
 935	1   9 
 936	2   5   9 
 938	2  10   5 
 940	1   5 
 941	1   5 
 942	1   5 
 940	2   9  10 
 942	1   9 
 943	1   9 
 942	1  10 
 944	2   9  11 
 946	2   6   9 
 946	1  11 
 948	1   9 
 948	2   6  11 
 950	1  11 
 951	2   9  11 
 950	1   6 
 953	2   6   9 
 955	6   7   6 
 955	1   9 
 956	1   9 
 961	2   9  10 
 963	2  11   7 
 965	1  11 
 965	1   7 
 963	2   5   9 
 965	2  10   5 
 967	1   5 
 965	1   9 
 967	2  10   9 
 969	2  11   7 
 969	1  10 
 969	1   9 
 970	2   5   9 
 972	2  10   5 
 974	6   9   6 
 974	1   5 
 975	1   5 
 974	6  15  14 
 980	2   5   9 
 982	2  13   5 
 984	2   9  13 
 986	1  13 
 984	1   5 
 986	2   9   5 
 988	1   9 
 988	1   5 
 988	2   6  10 
 990	1  10 
 990	2  13   5 
 992	2   9  13 
 994	1  13 
 995	1  13 
 994	2   5   9 
 996	1   9 
 992	1   6 
 996	1  13 
 996	2   6  10 
 996	1   5 
 997	1   5 
 998	2   5   6 
1000	1   6 
1000	2  10   5 
1002	2  10   6 
1004	1  10 
1002	1   5 
1004	1   6 
1005	2   5   6 
1007	2  10   5 
1009	1   5 
1010	1   5 
1011	1   5 
1009	2   6  10 
1011	1   6 
1012	1   6 
1011	1  10 
1013	2   6  11 
1015	2   7   6 
1017	1   6 
1015	1  11 
1017	2   7  11 
1019	1  11 
1020	2   6  11 
1019	1   7 
1022	2   7   6 
1024	1   6 
1025	1   6 
1024	2  11   7 
1026	2   6  10 
1026	1  11 
1026	1   7 
1028	2   5   6 
1030	1   6 
1030	2  10   5 
1032	2  10   6 
1034	1  10 
1032	1   5 
1034	1   6 
1035	2   5   6 
1037	2  10   5 
1039	1   5 
1040	1   5 
1039	2   6  10 
1041	2   5   9 
1041	1  10 
1041	1   6 
1043	2   6  10 
1045	2  11   7 
1045	2  13   5 
1047	2   9  13 
1047	1   5 
1049	2   9   5 
1049	1  13 
1051	1   9 
1051	1   5 
1052	2  13   5 
1054	2   9  13 
1056	6  14  13 
1054	6   4   0 
1062	2   5   9 
1062	1  14 
1063	1  14 
1064	1  14 
1064	1   5 
1065	1   5 
1064	1   9 
1054	6   3   2 
1066	2   5   6 
1068	1   6 
1068	2  10   5 
1070	1   5 
1070	2  10   6 
1072	1   6 
1073	2   5   6 
1072	1  10 
1075	2  10   5 
1077	2   6  10 
1079	1   6 
1079	1  10 
1077	1   5 
1078	1   5 
1079	1   5 
1080	1   6 
1081	2   6  11 
1083	1  11 
1083	2   7   6 
1085	1   6 
1085	2   7  11 
1087	1   7 
1087	1  11 
1088	2   6  11 
1090	2   7   6 
1092	2  11   7 
1094	1  11 
1094	1   7 
1092	1   6 
1093	1   6 
1094	2   6  10 
1096	2   5   6 
1098	1   6 
1098	2  10   5 
1100	2  10   6 
1102	1  10 
1102	1   6 
1100	1   5 
1103	2   5   6 
1105	2  10   5 
1107	1   5 
1107	2   6  10 
1109	1   6 
1108	1   5 
1109	2   5   9 
1109	1  10 
1109	2  11   7 
1111	2   1   5 
1113	1   5 
1114	2   9   1 
1116	1   1 
1116	2   9   5 
1118	1   5 
1118	1   9 
1119	2   1   5 
1121	2   9   1 
1123	1   1 
1124	1   1 
1125	1   1 
1123	2   5   9 
1125	1   9 
1125	2   6  10 
1125	1   5 
1126	1   5 
1127	2   5   6 
1129	2  10   5 
1131	1   5 
1129	1   6 
1131	2  10   6 
1133	1   6 
1133	1  10 
1134	2   5   6 
1136	2  10   5 
1138	2   6  10 
1140	1  10 
1138	1   5 
1139	1   5 
1140	1   5 
1140	1   6 
1141	1   6 
1142	2   6  11 
1144	1  11 
1144	2   7   6 
1146	1   6 
1146	2   7  11 
1148	1   7 
1148	1  11 
1149	2   6  11 
1151	2   7   6 
1153	1   6 
1154	1   6 
1153	2  11   7 
1155	1  11 
1155	1   7 
1155	2   6  10 
1157	2   5   6 
1159	2  10   5 
1159	1   6 
1161	1   5 
1161	2  10   6 
1163	1   6 
1163	1  10 
1164	2   5   6 
1166	2  10   5 
1168	2   6  10 
1170	1  10 
1168	1   5 
1170	1   6 
1170	2  11   7 
1169	1   5 
1170	2   5   9 
1172	2   1   5 
1174	2   6  10 
1174	1   5 
1176	2   9   1 
1178	1   1 
1178	2   9   5 
1180	1   9 
1180	1   5 
1181	2   1   5 
1183	2   9   1 
1185	2   5   9 
1187	1   9 
1185	1   1 
1186	1   1 
1187	1   5 
1187	1   1 
1188	1   5 
1189	2   5   6 
1191	2  10   5 
1191	1   6 
1193	1   5 
1193	2  10   6 
1195	1  10 
1195	1   6 
1196	2   5   6 
1198	2  10   5 
1200	1   5 
1200	2   6  10 
1201	1   5 
1202	1   5 
1202	1   6 
1203	1   6 
1204	2   6  11 
1206	1  11 
1206	2   7   6 
1208	1   6 
1208	2   7  11 
1210	1   7 
1202	1  10 
1210	1  11 
1211	2   6  11 
1200	6   1   0 
1213	2   7   6 
1215	1   6 
1216	1   6 
1217	2   6  10 
1219	2   5   6 
1221	1   6 
1221	2  10   5 
1223	2  10   6 
1225	1  10 
1225	1   6 
1223	1   5 
1226	2   5   6 
1228	2  10   5 
1230	1   5 
1230	2   6  10 
1232	1  10 
1232	1   6 
1231	1   5 
1232	2   5   9 
1234	2  13   5 
1232	2  11   7 
1234	1  11 
1234	1   7 
1236	2   9  13 
1238	1  13 
1235	2  11   7 
1236	1   5 
1238	2   9   5 
1240	1   5 
1240	1   9 
1241	2  13   5 
1243	2   9  13 
1245	2   5   9 
1247	1   5 
1248	1   5 
1245	1  13 
1246	1  13 
1247	1  13 
1247	2   6  10 
1249	2   5   6 
1247	1   9 
1251	2  10   5 
1251	1   6 
1253	1   5 
1253	2  10   6 
1255	1   6 
1256	2   5   6 
1255	1  10 
1258	2  10   5 
1260	1   5 
1261	1   5 
1262	1   5 
1260	2   6  10 
1262	1  10 
1262	1   6 
1263	1   6 
1264	2   6  11 
1266	2   7   6 
1268	1   6 
1266	1  11 
1268	2   7  11 
1270	1  11 
1271	2   6  11 
1270	1   7 
1273	2   7   6 
1275	1   6 
1275	2  11   7 
1276	1   6 
1277	2   6  10 
1277	1  11 
1277	1   7 
1279	2   5   6 
1281	1   6 
1281	2  11   7 
1283	2  10   5 
1285	2  10   6 
1287	1   6 
1287	1  10 
1285	1   5 
1288	2   5   6 
1290	2  10   5 
1292	1   5 
1292	2   6  10 
1294	1  10 
1293	1   5 
1294	1   6 
1294	2   5   9 
1296	2  13   5 
1298	2   9  13 
1300	1  13 
1298	1   5 
1300	2   9   5 
1302	1   5 
1302	1   9 
1303	2  13   5 
1305	2   9  13 
1307	2   5   9 
1307	1  13 
1308	1  13 
1309	2   6  10 
1309	1   9 
1309	1   5 
1310	1   5 
1309	1  13 
1311	2   5   6 
1313	2  10   5 
1315	1   5 
1313	1   6 
1315	2  10   6 
1317	6   9   1 
1317	1   6 
1323	2   5   6 
1323	1  10 
1325	2  10   5 
1327	6  13   8 
1327	1   5 
1328	1   5 
1329	1   5 
1327	2   6  10 
1329	1   6 
1329	1  10 
1330	1   6 
1331	2   6  11 
1333	2   7   6 
1335	1   6 
1333	1  11 
1335	2   7  11 
1337	1  11 
1338	2   6  11 
1337	1   7 
1340	2   7   6 
1342	1   6 
1342	2  11   7 
1344	1   7 
1344	1  11 
1343	1   6 
1344	2   6  10 
1346	2   5   6 
1348	2  10   5 
1348	1   6 
1350	2  10   6 
1352	1   6 
1352	1  10 
1350	1   5 
1353	2   5   6 
1355	2  10   5 
1357	2   6  10 
1357	1   5 
1359	1  10 
1358	1   5 
1359	2  11   7 
1359	1   6 
1359	2   5   1 
1361	2   4   5 
1363	2   6  10 
1363	2   1   4 
1365	1   4 
1363	1   5 
1365	2   1   5 
1367	1   1 
1367	1   5 
1368	2   4   5 
1370	2   1   4 
1372	2   5   1 
1374	1   5 
1375	1   5 
1376	2   5   6 
1374	1   1 
1378	2  10   5 
1380	1   5 
1378	1   6 
1372	1   4 
1373	1   4 
1374	1   4 
1380	2  10   6 
1382	1   6 
1382	1  10 
1383	2   5   6 
1385	2  10   5 
1387	1   5 
1388	1   5 
1389	1   5 
1387	2   6  10 
1389	1  10 
1389	1   6 
1390	1   6 
1391	2   6  11 
1393	2   7   6 
1393	1  11 
1395	1   6 
1395	2   7  11 
1397	1  11 
1397	1   7 
1398	2   6  11 
1400	2   7   6 
1402	1   6 
1402	2  11   7 
1404	1  11 
1404	1   7 
1403	1   6 
1404	2   6  10 
1406	2   5   6 
1408	1   6 
1408	2  10   5 
1410	2  10   6 
1412	1   6 
1412	1  10 
1410	1   5 
1413	2   5   6 
1415	2  10   5 
1417	1   5 
1418	1   5 
1417	2   6  10 
1419	1  10 
1419	2  11   7 
1419	1   6 
1419	2   5   1 
1421	2   4   5 
1423	2   6  10 
1423	1   5 
1423	2   1   4 
1425	1   4 
1425	2   1   5 
1427	1   1 
1427	1   5 
1428	2   4   5 
1430	2   1   4 
1432	1   4 
1433	1   4 
1432	2   5   1 
1434	1   1 
1434	1   5 
1434	1   4 
1435	2   9   1 
1437	1   5 
1438	2   5   6 
1440	1   6 
1440	2  10   5 
1442	1   5 
1442	2  10   6 
1444	1  10 
1444	1   6 
1445	2   5   6 
1447	2  10   5 
1449	1   5 
1450	1   5 
1451	1   5 
1449	2   6  10 
1451	1  10 
1451	1   6 
1452	1   6 
1453	2   6  11 
1455	1  11 
1455	2   7   6 
1457	1   6 
1457	2   7  11 
1459	1   7 
1459	1  11 
1460	2   6  11 
1462	2   7   6 
1464	1   6 
1465	1   6 
1466	2   6  10 
1468	2   5   6 
1470	1   6 
1470	2  10   5 
1472	2  10   6 
1472	1   5 
1474	1  10 
1474	1   6 
1475	2   5   6 
1477	2  10   5 
1479	2   6  10 
1481	1   6 
1479	1   5 
1480	1   5 
1482	2   5   6 
1484	2   2   5 
1486	1   5 
1486	2   6   2 
1481	1  10 
1488	2   6   5 
1490	1   6 
1490	1   5 
1488	1   2 
1491	2   2   5 
1493	2   6   2 
1495	2   5   6 
1495	1   2 
1497	1   6 
1497	1   5 
1498	1   5 
1499	2   5   9 
1501	1   9 
1497	2  11   7 
1501	2   1   5 
1499	1   7 
1496	1   2 
1499	1  11 
1503	2   1   9 
1505	1   1 
1505	1   5 
1505	1   2 
1505	1   9 
1500	1   7 
1505	2  13  10 
1507	2   5   9 
1507	2  11   7 
1509	6  13  10 
1509	2   1   5 
1515	2   9   1 
1517	6  12   4 
1523	1   5 
1517	1   9 
1518	1   9 
1524	1   5 
1525	1   5 
1523	2   9  10 
1525	2  13   9 
1517	1   1 
1525	1  10 
1527	1   9 
1527	2  13  10 
1529	1  13 
1529	1  10 
1530	2   9  10 
1532	2  13   9 
1534	2  10  13 
1536	1  13 
1534	1   9 
1535	1   9 
1536	1  10 
1537	1  10 
1536	1   9 
1538	2  10  11 
1540	2   7  10 
1540	1  11 
1542	1  10 
1542	2   7  11 
1544	1  11 
1544	1   7 
1545	2  10  11 
1547	2   7  10 
1549	2  11   7 
1551	1   7 
1549	1  10 
1551	1  11 
1550	1  10 
1551	2  10  13 
1553	2   9  10 
1555	2  11   7 
1555	1  10 
1555	2  13   9 
1557	1   9 
1557	2  13  10 
1559	1  10 
1559	1  13 
1560	2   9  10 
1562	2  13   9 
1564	2  10  13 
1564	1   9 
1565	1   9 
1566	2   9   1 
1568	2   5   9 
1568	1  10 
1570	1   9 
1570	2   1   5 
1568	1  13 
1570	2  10  13 
1572	2   1   9 
1574	1   1 
1574	1   9 
1574	1   5 
1575	2   5   9 
1577	2   1   5 
1579	1   5 
1580	2   9   1 
1582	1   1 
1582	1   9 
1582	1   5 
1583	2   9   1 
1585	2   5   6 
1587	2   2   5 
1589	1   5 
1589	2   6   2 
1591	1   2 
1591	2   6   5 
1593	1   6 
1593	1   5 
1594	2   2   5 
1596	2   6   2 
1598	1   2 
1599	1   2 
1600	1   2 
1598	2   5   6 
1600	1   5 
1601	1   5 
1600	1   6 
1602	2   5   9 
1604	1   9 
1604	2   1   5 
1606	2   1   9 
1608	1   9 
1608	1   5 
1608	1   1 
1609	2   5   9 
1611	2   1   5 
1613	2   9   1 
1615	1   9 
1616	1   9 
1615	1   1 
1617	2   9  10 
1619	1  10 
1615	1   5 
1619	2  13   9 
1621	1   9 
1621	2  13  10 
1616	1   5 
1623	1  10 
1623	1  13 
1624	2   9  10 
1626	2  13   9 
1628	1   9 
1629	1   9 
1628	2  10  13 
1630	1  10 
1631	1  10 
1617	1   5 
1630	1   9 
1630	1  13 
1632	2  10  11 
1634	1  11 
1634	2   7  10 
1636	1  10 
1636	2   7  11 
1638	1   7 
1638	1  11 
1639	2  10  11 
1641	2   7  10 
1643	1  10 
1644	1  10 
1643	2  11   7 
1645	1   7 
1645	1  11 
1645	2  10  13 
1647	2   9  10 
1649	1  10 
1649	2  11   7 
1649	2  13   9 
1651	1   9 
1651	2  13  10 
1653	1  13 
1653	1  10 
1654	2   9  10 
1656	2  13   9 
1658	1   9 
1659	1   9 
1660	2   9   1 
1662	2   5   9 
1664	1   9 
1664	2   1   5 
1664	2  10  13 
1666	2   1   9 
1668	1  13 
1668	1   5 
1668	1   9 
1668	1  10 
1668	1   1 
1669	2   5   9 
1671	2   1   5 
1673	1   5 
1674	2   9   1 
1676	1   5 
1676	1   9 
1676	1   1 
1677	2   9   1 
1679	2   5   6 
1681	2   4   5 
1683	1   5 
1681	2  10  13 
1684	2   6   4 
1686	1   4 
1686	2   6   5 
1688	1   6 
1688	1   5 
1689	2   4   5 
1691	2   6   4 
1693	1   4 
1694	1   4 
1695	1   4 
1693	2   5   6 
1695	1   5 
1696	1   5 
1695	1   6 
1697	2   5   9 
1699	1   9 
1699	2   1   5 
1701	2   1   9 
1703	1   9 
1703	1   5 
1704	2   5   9 
1703	1   1 
1706	2   1   5 
1708	2   9   1 
1710	1   9 
1711	1   9 
1712	2   9  10 
1710	1   1 
1714	1  10 
1714	2  13   9 
1716	2  13  10 
1718	1  13 
1710	1   5 
1711	1   5 
1712	1   5 
1716	1   9 
1718	1  10 
1719	2   9  10 
1721	2  13   9 
1723	2  10  13 
1725	1  10 
1725	1  13 
1723	1   9 
1726	1  10 
1724	1   9 
1725	1   9 
1727	2  10  11 
1729	2   7  10 
1729	1  11 
1731	1  10 
1731	2   7  11 
1733	1  11 
1733	1   7 
1734	2  10  11 
1736	2   7  10 
1738	1  10 
1739	1  10 
1738	2  11   7 
1740	2  10  13 
1742	2   9  10 
1744	2  13   9 
1740	1   7 
1746	1   9 
1740	1  11 
1744	1  10 
1744	2  11   7 
1746	2  13  10 
1748	1  10 
1749	2   9  10 
1748	1  13 
1751	2  13   9 
1753	1   9 
1753	2  10  13 
1754	1   9 
1755	2   9   1 
1757	2   5   9 
1759	2   1   5 
1757	1  13 
1759	1   9 
1761	2   1   9 
1763	1   5 
1763	1  10 
1763	1   9 
1763	1   1 
1764	2   5   9 
1766	2   1   5 
1768	2   9   1 
1770	1   1 
1770	1   9 
1770	2  10  13 
1770	1   5 
1771	1   5 
1772	2   9   1 
1774	2   5   6 
1776	2   4   5 
1778	1   5 
1779	2   6   4 
1781	1   4 
1781	2   6   5 
1783	1   6 
1783	1   5 
1784	2   4   5 
1786	2   6   4 
1788	1   4 
1789	1   4 
1790	1   4 
1788	2   5   6 
1790	1   6 
1790	1   5 
1791	1   5 
1792	2   5   9 
1794	1   9 
1794	2   1   5 
1796	2   1   9 
1798	1   1 
1798	1   9 
1798	1   5 
1799	2   5   9 
1801	2   1   5 
1803	2   9   1 
1805	1   1 
1805	1   5 
1805	1   9 
1806	1   5 
1807	1   5 
1806	1   9 
1807	2   9  10 
1809	1  10 
1809	2  13   9 
1811	1   9 
1811	2  13  10 
1813	1  10 
1814	2   9  10 
1813	1  13 
1816	2  13   9 
1818	1   9 
1819	1   9 
1820	1   9 
1818	2  10  13 
1820	1  13 
1820	1  10 
1821	1  10 
1822	2  10  11 
1824	2   7  10 
1826	1  10 
1824	1  11 
1826	2   7  11 
1828	1   7 
1828	1  11 
1829	2  10  11 
1831	2   7  10 
1833	1  10 
1833	2  11   7 
1834	1  10 
1835	1  11 
1835	2  10  13 
1835	1   7 
1837	2   9  10 
1839	1  10 
1839	2  11   7 
1839	2  13   9 
1841	1   9 
1841	2  13  10 
1843	1  10 
1843	1  13 
1844	2   9  10 
1846	2  13   9 
1848	1   9 
1849	1   9 
1850	2   9   1 
1852	2   5   9 
1854	6  14  13 
1854	2   1   5 
1854	1   9 
1856	1   5 
1860	2   1   9 
1862	1   9 
1862	1   1 
1863	2   5   9 
1865	2   1   5 
1867	1   5 
1865	2  10  14 
1867	1  10 
1867	1  14 
1867	6   9   6 
1868	1   5 
1873	6  12   4 
1873	2  10  14 
1879	2   5   9 
1881	2  13   5 
1883	2   6   1 
1885	1   1 
1883	1   5 
1885	1   6 
1883	2   9  13 
1885	1  13 
1885	2   9   5 
1887	1   9 
1887	1   5 
1888	2  13   5 
1890	2   6   1 
1890	2   9  13 
1892	1  13 
1893	1  13 
1892	2   5   9 
1894	1  13 
1894	1   9 
1894	1   5 
1895	1   5 
1896	2   5   6 
1898	2   1   5 
1898	1   6 
1900	2   1   6 
1902	1   1 
1900	1   5 
1902	1   6 
1903	2   5   6 
1905	2   1   5 
1907	1   5 
1908	1   5 
1909	1   5 
1907	2   6   1 
1909	1   6 
1910	1   6 
1909	1   1 
1911	2   6  10 
1913	2  14   6 
1915	1  10 
1916	2  14  10 
1918	1  10 
1915	1   6 
1919	2   6  10 
1918	1  14 
1921	2  14   6 
1923	2  10  14 
1923	1   6 
1925	1  14 
1924	1   6 
1925	1   6 
1925	1  10 
1926	1  10 
1927	2  10  11 
1929	2   7  10 
1931	1  10 
1929	1  11 
1931	2   7  11 
1933	1  11 
1934	2  10  11 
1933	1   7 
1936	2   7  10 
1938	2  11   7 
1940	1  11 
1940	1   7 
1938	1  10 
1939	1  10 
1940	2  10  14 
1942	2   6  10 
1944	1  10 
1944	2  11   7 
1946	2  14   6 
1948	1   6 
1948	2  14  10 
1950	1  10 
1950	1  14 
1951	2   6  10 
1953	2  14   6 
1955	1   6 
1955	2  10  14 
1956	1   6 
1957	1  10 
1957	2   6   1 
1957	1  14 
1959	2   5   6 
1961	1   6 
1961	2  10  14 
1961	2   1   5 
1963	1   5 
1963	2   1   6 
1965	1   6 
1965	1   1 
1966	2   5   6 
1968	2   1   5 
1970	2   6   1 
1972	1   1 
1972	1   6 
1970	1   5 
1971	1   5 
1972	2   5   9 
1974	2  13   5 
1976	2   9  13 
1976	1   5 
1978	1  13 
1976	2   6   1 
1978	2   9   5 
1980	1   9 
1980	1   5 
1981	2  13   5 
1983	2   9  13 
1985	1  13 
1986	1  13 
1987	1  13 
1985	2   5   9 
1987	1   9 
1987	1   5 
1988	1   5 
1989	2   5   6 
1991	1   6 
1991	2   1   5 
1993	2   1   6 
1995	1   1 
1995	1   6 
1993	1   5 
1996	2   5   6 
1998	2   1   5 
2000	1   5 
2000	2   6   1 
2002	1   6 
2003	1   6 
2001	1   5 
2004	2   6  10 
2006	2  14   6 
2008	1   6 
2008	1   5 
2008	1  10 
2002	1   1 
2009	2  14  10 
2011	1  10 
2012	2   6  10 
2011	1  14 
2014	2  14   6 
2016	1   6 
2017	1   6 
2018	1   6 
2016	2  10  14 
2018	1  14 
2018	1  10 
2019	1  10 
2020	2  10  11 
2022	1  11 
2022	2   7  10 
2024	1  10 
2024	2   7  11 
2026	1  11 
2026	1   7 
2027	2  10  11 
2029	2   7  10 
2031	1  10 
2031	2  11   7 
2032	1  10 
2033	1   7 
2033	2  10  14 
2033	1  11 
2035	2   6  10 
2037	1  10 
2037	2  11   7 
2039	2  14   6 
2041	2  14  10 
2043	1  14 
2041	1   6 
2043	1  10 
2044	2   6  10 
2046	2  14   6 
2048	2  10  14 
2048	1   6 
2049	1   6 
2050	1  10 
2050	1  14 
2050	2   6   1 
2052	2   5   6 
2054	1   6 
2054	2   1   5 
2056	1   5 
2056	2   1   6 
2058	1   1 
2058	1   6 
2059	2   5   6 
2061	2  10  14 
2061	2   1   5 
2063	2   6   1 
2063	1   5 
2065	1   6 
2065	1   1 
2064	1   5 
2065	2   5   9 
2067	2   8   5 
2069	2   9   8 
2069	2   6   1 
2069	1   5 
2071	1   8 
2071	2   9   5 
2073	1   9 
2073	1   5 
2074	2   8   5 
2076	2   9   8 
2078	1   8 
2079	1   8 
2080	1   8 
2078	2   5   9 
2080	1   5 
2081	1   5 
2080	1   9 
2082	2   5   6 
2084	1   6 
2084	2   1   5 
2086	1   5 
2086	2   1   6 
2088	1   1 
2088	1   6 
2089	2   5   6 
2091	2   1   5 
2093	2   6   1 
2093	1   5 
2095	1   6 
2096	1   6 
2097	2   6  10 
2099	2  14   6 
2101	1   6 
2101	1  10 
2101	1   5 
2095	1   1 
2102	1   5 
2102	2  14  10 
2104	1  10 
2104	1  14 
2105	2   6  10 
2107	2  14   6 
2109	2  10  14 
2111	1  14 
2111	1  10 
2109	1   6 
2110	1   6 
2111	1   6 
2112	1  10 
2113	2  10  11 
2115	2   7  10 
2115	1  11 
2117	2   7  11 
2117	1  10 
2119	1   7 
2119	1  11 
2120	2  10  11 
2122	2   7  10 
2124	2  11   7 
2126	1   7 
2126	1  11 
2124	1  10 
2125	1  10 
2126	2  10  14 
2128	2   6  10 
2130	2  14   6 
2132	1   6 
2132	2  11   7 
2132	1  10 
2134	2  14  10 
2136	1  10 
2137	2   6  10 
2136	1  14 
2139	2  14   6 
2141	1   6 
2141	2  10  14 
2143	1  14 
2143	1  10 
2142	1   6 
2143	2   6   1 
2145	2   5   6 
2147	2   1   5 
2147	1   6 
2149	1   5 
2147	2  10  14 
2149	2   1   6 
2151	1   6 
2152	2   5   6 
2151	1   1 
2154	2   1   5 
2156	1   5 
2157	1   5 
2156	2   6   1 
2158	1   1 
2158	1   6 
2158	2   5   9 
2160	2   8   5 
2162	2   9   8 
2164	1   8 
2162	1   5 
2162	2   6   1 
2164	2   9   5 
2166	1   9 
2166	1   5 
2167	2   8   5 
2169	2   9   8 
2171	1   8 
2171	2   5   9 
2173	1   9 
2172	1   8 
2173	1   5 
2173	1   8 
2174	1   5 
2175	2   5   6 
2177	2   1   5 
2179	1   5 
2177	1   6 
2179	2   1   6 
2181	1   1 
2181	1   6 
2182	2   5   6 
2184	2   1   5 
2186	2   6   1 
2186	1   5 
2187	1   5 
2188	6   9   1 
2194	1   5 
2194	1   9 
2188	1   6 
2189	1   6 
2194	2   6  10 
2196	2  14   6 
2198	1   6 
2198	1  10 
2199	2  14  10 
2201	1  14 
2201	1  10 
2202	2   6  10 
2204	2  14   6 
2206	2  10  14 
2208	1  10 
2206	1   6 
2208	1  14 
2207	1   6 
2208	1   6 
2209	1  10 
2210	2  10  11 
2212	1  11 
2212	2   7  10 
2214	2   7  11 
2216	1   7 
2214	1  10 
2216	1  11 
2217	2  10  11 
2219	2   7  10 
2221	2  11   7 
2223	1   7 
2223	1  11 
2221	1  10 
2222	1  10 
2223	2  10  14 
2225	2   6  10 
2227	1  10 
2228	2  14   6 
2230	2  14  10 
2232	1  10 
2230	1   6 
2232	1  14 
2233	2   6  10 
2235	2  14   6 
2237	1   6 
2237	2  10  14 
2238	1   6 
2239	2   6   9 
2239	1  10 
2239	1  14 
2241	2   5   6 
2243	2  11   7 
2243	1   6 
2243	2   9   5 
2245	1   5 
2245	2   9   6 
2247	1   9 
2247	1   6 
2248	2   5   6 
2250	2   9   5 
2252	2   6   9 
2254	1   9 
2254	1   6 
2254	2  10  14 
2252	1   5 
2253	1   5 
2254	2   5   1 
2256	2   4   5 
2258	2   1   4 
2260	1   4 
2258	1   5 
2260	2   1   5 
2262	1   1 
2262	1   5 
2263	2   4   5 
2265	2   1   4 
2267	2   5   1 
2269	1   1 
2269	1   5 
2269	2   6   9 
2270	1   5 
2267	1   4 
2271	2   5   6 
2273	1   6 
2273	2   9   5 
2275	2   9   6 
2275	1   5 
2277	1   9 
2277	1   6 
2278	2   5   6 
2280	2   9   5 
2282	2   6   9 
2284	1   9 
2268	1   4 
2269	1   4 
2284	1   6 
2285	1   6 
2282	1   5 
2286	2   6  10 
2288	1  10 
2289	2  14   6 
2291	2  14  10 
2293	1  10 
2291	1   6 
2291	1   5 
2292	1   5 
2294	2   6  10 
2293	1  14 
2296	2  14   6 
2298	2  10  14 
2300	1  10 
2298	1   6 
2300	1  14 
2299	1   6 
2300	1   6 
2301	1  10 
2302	2  10  11 
2304	2   7  10 
2304	1  11 
2306	2   7  11 
2306	1  10 
2308	1   7 
2308	1  11 
2309	2  10  11 
2311	2   7  10 
2313	1  10 
2313	2  11   7 
2314	1  10 
2315	2  10  14 
2317	2   6  10 
2315	1  11 
2319	2  14   6 
2321	1   6 
2321	1  10 
2322	2  14  10 
2324	1  10 
2325	2   6  10 
2324	1  14 
2321	1   7 
2327	2  14   6 
2329	1   6 
2329	2  10  14 
2331	1  14 
2330	1   6 
2331	1  10 
2331	2   6   9 
2333	2   5   6 
2335	1   6 
2335	2  11   7 
2335	2   9   5 
2337	2   9   6 
2339	1   6 
2339	1   9 
2337	1   5 
2340	2   5   6 
2342	2   9   5 
2344	1   5 
2344	2   6   9 
2346	1   9 
2346	1   6 
2346	2  10  14 
2345	1   5 
2346	2   5   1 
2348	2   4   5 
2350	2   1   4 
2350	1   5 
2352	1   4 
2352	2   1   5 
2354	1   1 
2354	1   5 
2355	2   4   5 
2357	2   1   4 
2359	1   4 
2360	1   4 
2359	2   5   1 
2361	1   1 
2361	2   6   9 
2361	1   5 
2361	1   4 
2362	1   5 
2363	2   5   6 
2365	1   6 
2365	2   9   5 
2367	2   9   6 
2369	1   6 
2367	1   5 
2369	1   9 
2370	2   5   6 
2372	2   9   5 
2374	1   5 
2374	2   6   9 
2376	1   9 
2375	1   5 
2376	1   5 
2376	1   6 
2377	1   6 
2378	2   6  10 
2380	2  14   6 
2382	1   6 
2382	1  10 
2383	2  14  10 
2385	1  14 
2385	1  10 
2386	2   6  10 
2388	2  14   6 
2390	1   6 
2391	1   6 
2392	1   6 
2390	2  10  14 
2392	1  10 
2392	1  14 
2393	1  10 
2394	2  10  11 
2396	1  11 
2396	2   7  10 
2398	1  10 
2398	2   7  11 
2400	1  11 
2400	1   7 
2401	2  10  11 
2403	2   7  10 
2405	1  10 
2406	1  10 
2407	2  10  14 
2409	2   6  10 
2411	1  10 
2412	2  14   6 
2414	1   6 
2414	2  14  10 
2416	1  14 
2416	1  10 
2417	2   6  10 
2419	2  14   6 
2421	2  10  14 
2423	1  14 
2423	1  10 
2421	1   6 
2422	1   6 
2423	2   6   9 
2425	6  10   2 
2431	2   5   6 
2433	6  15   7 
2439	2  11  15 
2433	2   9   5 
2441	1  11 
2435	1   5 
2441	1  15 
2442	2  11  15 
2439	1   6 
2440	2   9   6 
2442	1   6 
2443	2   5   6 
2442	1   9 
2445	2   9   5 
2447	1   5 
2448	1   5 
2447	2   6   9 
2449	1   9 
2450	2  14   9 
2449	1   6 
2452	2  10  14 
2452	2   1   5 
2454	2   9  10 
2456	1  10 
2454	1  14 
2456	2   9  14 
2458	1   9 
2458	1  14 
2459	2  10  14 
2461	2   9  10 
2463	1  10 
2464	1  10 
2465	1  10 
2463	2  14   9 
2465	1   9 
2465	1  14 
2466	1  14 
2467	2  14  11 
2469	1  11 
2469	2  15  14 
2471	2  15  11 
2473	1  15 
2471	1  14 
2473	1  11 
2474	2  14  11 
2476	2  15  14 
2478	1  14 
2478	2  11  15 
2479	1  14 
2480	1  11 
2480	1  15 
2480	2  14   9 
2482	2  10  14 
2484	2   9  10 
2486	1  10 
2484	1  14 
2486	2   9  14 
2488	1  14 
2488	1   9 
2489	2  10  14 
2491	2   9  10 
2493	2  14   9 
2493	1  10 
2495	1   9 
2495	1  14 
2496	1  14 
2495	2  11  15 
2494	1  10 
2497	2  14  11 
2499	2  15  14 
2495	1  10 
2501	1  14 
2499	1  11 
2501	2  15  11 
2503	1  15 
2503	1  11 
2504	2  14  11 
2506	2  15  14 
2508	1  14 
2508	2  11  15 
2510	1  11 
2510	1  15 
2509	1  14 
2510	2  14   9 
2512	2  12  14 
2514	2  11  15 
2514	1  14 
2514	2   9  12 
2516	1  12 
2516	2   9  14 
2518	1  14 
2518	1   9 
2519	2  12  14 
2521	2   9  12 
2523	2  14   9 
2525	1  14 
2525	1   9 
2523	1  12 
2524	1  12 
2526	1  14 
2525	1  12 
2527	2  14  11 
2529	1  11 
2529	2  15  14 
2531	2  15  11 
2533	1  11 
2531	1  14 
2533	1  15 
2534	2  14  11 
2536	2  15  14 
2538	2  11  15 
2540	1  11 
2538	1  14 
2539	1  14 
2540	1  15 
2540	2  14   9 
2542	2  12  14 
2544	2  11  15 
2544	2   9  12 
2546	1  12 
2544	1  14 
2546	2   9  14 
2548	6  10   8 
2554	6   5   4 
2554	1  14 
2554	1   9 
2555	2  12  14 
2560	2   9  12 
2562	2  14   9 
2564	1   9 
2564	1  14 
2562	1  12 
2565	1  14 
2563	1  12 
2566	2  14  11 
2564	1  12 
2564	6   6   5 
2568	1  11 
2568	2  15  14 
2565	6  12   8 
2570	1  14 
2570	2  15  11 
2572	1  11 
2572	1  15 
2571	6   8   5 
2573	2  14  11 
2575	2  15  14 
2577	1  14 
2577	2  11  15 
2579	1  11 
2578	1  14 
2579	2  14   9 
2581	2  13  14 
2583	1  14 
2583	2   9  13 
2585	2   9  14 
2585	1  13 
2587	1  14 
2587	1   9 
2579	1  15 
2588	2  13  14 
2590	2  11  15 
2590	2   9  13 
2592	2  14   9 
2592	1  13 
2593	1  13 
2594	6   7   5 
2594	1  13 
2594	1  14 
2600	1   9 
2595	1  14 
2600	2  14  11 
2602	2  15  14 
2604	1  14 
2602	1  11 
2604	2  15  11 
2606	1  15 
2606	1  11 
2607	2  14  11 
2609	2  15  14 
2611	1  14 
2611	2  11  15 
2613	1  11 
2613	1  15 
2612	1  14 
2613	2  14   9 
2615	2  13  14 
2617	2   9  13 
2617	1  14 
2619	1  13 
2619	2   9  14 
2621	1   9 
2621	1  14 
2622	2  13  14 
2624	2  11  15 
2624	2   9  13 
2626	1  13 
2626	2  14   9 
2627	1  13 
2628	1  13 
2628	1   9 
2628	1  14 
2629	1  14 
2630	2  14  11 
2632	2  15  14 
2632	1  11 
2634	1  14 
2634	2  15  11 
2636	1  11 
2636	1  15 
2637	2  14  11 
2639	2  15  14 
2641	2  11  15 
2641	1  14 
2642	1  14 
2643	1  15 
2643	2  14   9 
2643	1  11 
2645	2  10  14 
2647	1  14 
2647	2   9  10 
2649	1  10 
2649	2   9  14 
2651	1  14 
2651	1   9 
2652	2  10  14 
2654	2   9  10 
2656	1  10 
2657	1  10 
2656	2  14   9 
2658	1  14 
2658	1  10 
2659	1  14 
2658	1   9 
2658	2  11  15 
2660	2  14  11 
2662	2  15  14 
2662	1  11 
2664	2  15  11 
2664	1  14 
2666	1  15 
2666	1  11 
2667	2  14  11 
2669	2  15  14 
2671	1  14 
2672	1  14 
2673	2  14   9 
2675	2  10  14 
2677	1  14 
2677	2   9  10 
2679	1  10 
2679	2   9  14 
2681	1   9 
2681	1  14 
2681	2  11  15 
2683	1  15 
2683	2  10  14 
2683	1  11 
2685	2   9  10 
2687	1  10 
2687	2  14   9 
2689	1  14 
2690	1  14 
2688	1  10 
2689	1   9 
2689	1  10 
2689	2  11  15 
2691	2  14  11 
2693	2  15  14 
2695	1  14 
2693	1  11 
2695	2  15  11 
2697	1  11 
2697	1  15 
2698	2  14  11 
2700	2  15  14 
2702	6  10   7 
2702	1  14 
2703	1  14 
2702	6  13  12 
2600	6   1   0 
2689	6   4   1 
2695	6   5   4 
2708	2  14   9 
2710	2   6  14 
2712	1  14 
2712	2   9   6 
2714	1   6 
2714	2   9  14 
2716	1  14 
2716	1   9 
2717	2   6  14 
2719	2  11  15 
2721	1  11 
2719	2   9   6 
2721	1   6 
2721	1  15 
2722	1   6 
2723	1   6 
2721	2  14   9 
2723	1   9 
2723	2  11  15 
2723	1  14 
2724	1  14 
2725	2  14  11 
2727	2  15  14 
2729	1  14 
2727	1  11 
2729	2  15  11 
2731	1  11 
2731	1  15 
2732	2  14  11 
2734	2  15  14 
2736	1  14 
2737	1  14 
2736	2  11  15 
2738	2  14   9 
2738	1  15 
2738	1  11 
2740	2   6  14 
2742	1  14 
2742	2  11  15 
2742	2   9   6 
2744	2   9  14 
2746	1   9 
2744	1   6 
2746	1  14 
2747	2   6  14 
2749	2   9   6 
2751	1   6 
2751	2  14   9 
2752	1   6 
2753	1   6 
2753	1   9 
2754	1   9 
2753	1  14 
2754	1  14 
2754	6   6   5 
2755	2  14  11 
2757	2  15  14 
2757	1  11 
2759	1  14 
2759	2  15  11 
2761	1  15 
2761	1  11 
2762	2  14  11 
2764	2  15  14 
2766	1  14 
2767	1  14 
2768	1  14 
2766	2  11  15 
2768	1  15 
2769	2  14  15 
2768	1  11 
2771	2  11   9 
2773	2  10  11 
2775	2   9  10 
2775	1  11 
2777	2   9  11 
2779	1  10 
2779	1   9 
2779	1  11 
2780	2  10  11 
2782	2   9  10 
2784	2  11   9 
2786	1   9 
2786	1  10 
2787	1  10 
2788	1  10 
2786	1  11 
2787	1  11 
2788	2  11  14 
2790	1  14 
2790	2  15  11 
2792	1  11 
2792	2  15  14 
2794	1  14 
2795	2  11  14 
2794	1  15 
2797	2  15  11 
2799	1  11 
2799	2  14  15 
2801	1  15 
2800	1  11 
2802	2  11   9 
2801	1  14 
2804	2  14  15 
2806	2  10  11 
2808	2   9  10 
2808	1  11 
2810	2   9  11 
2812	1  11 
2812	1  10 
2812	1   9 
2813	2  10  11 
2815	2   9  10 
2817	2  11   9 
2819	6  15  10 
2819	1   9 
2825	1  15 
2819	1  11 
2820	1  11 
2825	2  11  14 
2827	1  14 
2827	2  10  11 
2829	1  11 
2826	1  15 
2827	1  15 
2829	2  10  14 
2831	1  14 
2831	1  10 
2832	2  11  14 
2834	2  10  11 
2836	2  14  10 
2838	1  14 
2836	1  11 
2837	1  11 
2838	1  10 
2838	6  11   7 
2838	6   9   5 
2844	2  14  10 
2846	2  13  14 
2848	1  14 
2848	2  10  13 
2850	1  13 
2850	2  10  14 
2852	1  10 
2852	1  14 
2853	2  13  14 
2855	2  10  13 
2857	2  14  10 
2859	1  14 
2857	1  13 
2859	1  10 
2858	1  13 
2860	2  14  10 
2859	1  13 
2862	2   6  14 
2864	1  14 
2864	2  10   6 
2866	6  15   7 
2872	2  10  14 
2872	1   6 
2874	1  14 
2874	1  10 
2875	2   6  14 
2844	6   4   0 
2877	6   4   1 
2877	2  10   6 
2879	1   6 
2879	2  14  10 
2881	1  14 
2881	1  10 
2880	1   6 
2881	1   6 
2882	2  14  10 
2883	6   2   1 
2884	2  11  14 
2886	1  14 
2886	2  10  11 
2888	1  11 
2888	2  10  14 
2889	6   4   1 
2890	1  10 
2890	1  14 
2891	2  11  14 
2893	2  10  11 
2895	2  14  10 
2897	1  10 
2897	1  14 
2895	1  11 
2896	1  11 
2898	2  14  10 
2897	1  11 
2900	2   9  14 
2902	1  14 
2902	2  10   9 
2904	1   9 
2904	2  10  14 
2895	6   3   1 
2906	1  10 
2906	1  14 
2907	2   9  14 
2909	2  10   9 
2911	2  14  10 
2913	1  10 
2911	1   9 
2913	1  14 
2912	1   9 
2914	2  10   5 
2916	2  13  10 
2913	1   9 
2918	1  10 
2918	2   5  13 
2920	1  13 
2920	2   5  10 
2922	1   5 
2922	1  10 
2923	2  13  10 
2925	2   5  13 
2927	2  10   5 
2927	1  13 
2929	1  10 
2929	1   5 
2928	1  13 
2929	1  13 
2929	2  14  15 
2930	1  10 
2931	2  10  14 
2933	2  15  10 
2935	1  10 
2933	1  14 
2935	2  15  14 
2937	1  14 
2937	1  15 
2938	2  10  14 
2940	2  15  10 
2942	2  14  15 
2944	1  14 
2944	1  15 
2942	1  10 
2943	1  10 
2944	2  10   5 
2946	2  13  10 
2948	2   5  13 
2950	1  13 
2948	1  10 
2950	2   5  10 
2952	1   5 
2952	1  10 
2953	2  13  10 
2955	2   5  13 
2957	2  10   5 
2959	1  10 
2959	2  14  15 
2960	1  10 
2957	1  13 
2958	1  13 
2961	2  10  14 
2963	1  14 
2959	1   5 
2959	1  13 
2963	2  15  10 
2965	1  10 
2965	2  15  14 
2967	1  14 
2968	2  10  14 
2967	1  15 
2970	2  15  10 
2972	1  10 
2972	2  14  15 
2973	1  10 
2974	1  14 
2974	1  15 
2974	2  10   5 
2976	2   7  10 
2978	2  14  15 
2978	1  10 
2978	2   5   7 
2980	2   5  10 
2980	1   7 
2982	1   5 
2982	1  10 
2983	2   7  10 
2985	2   5   7 
2987	1   7 
2988	1   7 
2987	2  10   5 
2989	1  10 
2989	1   5 
2989	1   7 
2990	1  10 
2991	2  10  14 
2993	1  14 
2993	2  15  10 
2995	2  15  14 
2997	1  14 
2997	1  15 
2995	1  10 
2998	2  10  14 
3000	2  15  10 
3002	2  14  15 
3004	1  14 
3004	1  15 
3002	1  10 
3003	1  10 
3004	2  10   5 
3006	2   7  10 
3008	2  14  15 
3008	1  10 
3008	2   5   7 
3010	1   7 
3010	2   5  10 
3012	1   5 
3012	1  10 
3013	2   7  10 
3015	2   5   7 
3017	1   7 
3018	1   7 
3019	1   7 
3017	2  10   5 
3020	2   7   2 
3022	1   2 
3019	1   5 
3019	1  10 
3022	2   3   7 
3024	1   7 
3020	1  10 
3024	2   3   2 
3026	1   2 
3026	1   3 
3021	2  10  14 
3023	1  14 
3023	2  15  10 
3025	2  15  14 
3025	1  10 
3027	6  11   9 
3033	1  15 
3027	1  14 
3033	2   7   2 
3035	2   3   7 
3037	2   2   3 
3037	1   7 
3038	1   7 
3039	1   3 
3039	1   2 
3033	2  10  14 
3040	1   2 
3035	2  15  10 
3039	1   7 
3037	2  14  15 
3039	1  14 
3039	1  15 
3037	1  10 
3038	1  10 
3039	2  10   5 
3041	2   6  10 
3043	2   5   6 
3045	1   6 
3043	2  14  15 
3043	1  10 
3045	2   5  10 
3047	1  10 
3047	1   5 
3048	2   6  10 
3050	2   5   6 
3052	1   6 
3053	1   6 
3054	1   6 
3052	2  10   5 
3054	1   5 
3054	1  10 
3055	1  10 
3056	2  10  14 
3058	2  15  10 
3060	1  10 
3058	1  14 
3060	2  15  14 
3062	1  15 
3062	1  14 
3063	2  10  14 
3065	2  15  10 
3067	1  10 
3068	1  10 
3067	2  14  15 
3069	1  14 
3069	2  10   5 
3069	1  15 
3071	2   6  10 
3073	2   5   6 
3075	1   6 
3073	1  10 
3075	2   5  10 
3077	1  10 
3077	1   5 
3078	2   6  10 
3080	2  14  15 
3080	2   5   6 
3082	2  10   5 
3084	1   5 
3082	1   6 
3084	1  10 
3085	1  10 
3084	6  11   6 
3090	2  10  14 
3092	1  14 
3092	2  15  10 
3094	1  10 
3094	2  15  14 
3096	1  15 
3096	1  14 
3097	2  10  14 
3099	2  15  10 
3101	6  15  13 
3101	1  10 
3102	1  10 
3107	2  10   5 
3109	2   9  10 
3111	1  10 
3111	2   5   9 
3113	1   9 
3113	2  14  13 
3115	1  14 
3115	1  13 
3115	2   5  10 
3117	1   5 
3117	1  10 
3118	2   9  10 
3120	2   5   9 
3122	2  10   5 
3122	1   9 
3123	1   9 
3124	1  10 
3124	2  14  13 
3124	1   5 
3124	1   9 
3125	1  10 
3126	2  10  14 
3128	2  13  10 
3128	1  14 
3130	2  13  14 
3132	1  13 
3130	1  10 
3132	1  14 
3133	2  10  14 
3135	2  13  10 
3137	1  10 
3138	1  10 
3137	2  14  13 
3139	1  13 
3139	1  14 
3139	2  10   5 
3141	2   9  10 
3143	2   5   9 
3145	1   9 
3143	1  10 
3145	2   5  10 
3147	1  10 
3147	1   5 
3147	2  14  13 
3149	2   9  10 
3151	2   5   9 
3153	1   9 
3153	2  10   5 
3154	1   9 
3155	1   5 
3155	1   9 
3155	1  10 
3156	1  10 
3156	6  12   9 
3155	6   2   1 
3162	6   8   4 
3162	2  10  14 
3164	2  13  10 
3166	1  10 
3164	1  14 
3166	2  13  14 
3168	1  13 
3168	1  14 
3169	2  10  14 
3171	2  13  10 
3173	6  12   8 
3173	1  10 
3174	1  10 
3175	2  10   5 
3177	2   6  10 
3179	1  10 
3179	2   5   6 
3181	1   6 
3181	2   5  10 
3183	1  10 
3183	1   5 
3184	2   6  10 
3186	2   5   6 
3186	2  14  13 
3188	1  14 
3188	1   6 
3189	1   6 
3190	1   6 
3188	1  13 
3188	2  10   5 
3190	2  14  13 
3190	1   5 
3190	1  10 
3191	1  10 
3192	2  10  14 
3194	1  14 
3194	2  13  10 
3196	2  13  14 
3198	1  14 
3196	1  10 
3198	1  13 
3199	2  10  14 
3201	2  13  10 
3203	1  10 
3204	1  10 
3203	2  14  13 
3205	2  10   5 
3205	1  13 
3205	1  14 
3207	2   6  10 
3209	2  14  13 
3209	1  10 
3209	2   5   6 
3211	1   6 
3211	2   5  10 
3213	1   5 
3213	1  10 
3214	2   6  10 
3216	2   5   6 
3218	2  10   5 
3218	1   6 
3220	1   5 
3219	1   6 
3221	1   5 
3220	1  10 
3220	1   6 
3221	1  10 
3222	2  10  14 
3224	1  14 
3224	2  13  10 
3226	1  10 
3226	2  13  14 
3228	1  13 
3228	1  14 
3229	2  10  14 
3231	2  13  10 
3233	1  10 
3234	1  10 
3233	2  14  13 
3235	1  14 
3235	1  13 
3236	1  13 
3236	2  14  10 
3238	2  13   5 
3240	2   9  13 
3242	2   5   9 
3242	1  13 
3244	2   5  13 
3246	1  13 
3246	1   9 
3246	1   5 
3247	2   9  13 
3249	2   5   9 
3251	2  13   5 
3253	1  13 
3254	1  13 
3253	1   9 
3255	2  13  14 
3257	1  14 
3253	1   5 
3254	1   9 
3255	1   9 
3257	2  10  13 
3259	1  13 
3259	2  10  14 
3261	1  14 
3262	2  13  14 
3261	1  10 
3264	2  10  13 
3266	2  14  10 
3268	1  10 
3266	1  13 
3267	1  13 
3268	2  13   5 
3270	2   9  13 
3272	1  13 
3272	2   5   9 
3274	1   9 
3275	2   5  13 
3277	1  13 
3278	2   9  13 
3277	1  14 
3280	2  14  10 
3277	1   5 
3282	2   5   9 
3284	1   9 
3285	1   9 
3286	1   9 
3287	2  13   5 
3289	1   5 
3289	1  13 
3289	6  14   9 
3290	1  13 
3295	2  13   9 
3297	2   4   5 
3299	2   1   4 
3301	1   4 
3297	1   9 
3297	2  10  13 
3299	1  13 
3299	2  10   9 
3301	1  10 
3301	1   9 
3302	2  13   9 
3304	2   5   1 
3306	1   1 
3304	2  10  13 
3306	1  13 
3307	1  13 
3306	2   9  10 
3308	1   9 
3308	1  10 
3308	2   5   4 
3310	1   5 
3309	2  13  10 
3310	1   4 
3311	2   1   4 
3311	6  14  10 
3313	2   5   1 
3315	1   1 
3315	2   4   5 
3317	2  12   9 
3317	1   4 
3317	1   5 
3318	1   4 
3316	1   1 
3317	1   1 
3315	6   7   2 
3319	2   4  12 
3321	2   9   4 
3323	1   4 
3321	1  12 
3323	2   9  12 
3325	1  12 
3325	1   9 
3326	2   4  12 
3328	2   9   4 
3330	1   4 
3331	1   4 
3332	1   4 
3330	2  12   9 
3332	1  12 
3333	1  12 
3334	2  12  13 
3332	1   9 
3332	6  10   6 
3336	1  13 
3338	2  14  12 
3340	1  12 
3340	2  14  13 
3342	1  14 
3342	1  13 
3343	2  12  13 
3345	2  14  12 
3347	1  12 
3347	2  13  14 
3348	1  12 
3349	1  13 
3349	1  14 
3349	2  12   9 
3351	2   4  12 
3353	2   9   4 
3355	1   4 
3353	1  12 
3355	2   9  12 
3357	1   9 
3357	1  12 
3358	2   4  12 
3360	2   9   4 
3362	1   4 
3362	2  12   9 
3363	1   4 
3364	2   4   5 
3364	1   9 
3364	1  12 
3364	2  13  14 
3366	2   1   4 
3368	1   4 
3368	2   5   1 
3370	2   5   4 
3372	1   4 
3372	1   5 
3370	1   1 
3373	2   1   4 
3375	2   5   1 
3377	2  12   9 
3377	1   1 
3378	1   1 
3379	2   1   3 
3381	2   2   1 
3383	2   3   2 
3383	1   1 
3383	2   4   5 
3385	1   4 
3385	1   2 
3386	2   3   1 
3388	1   3 
3388	1   5 
3388	1   1 
3389	2   2   1 
3391	2   3   2 
3393	2   1   3 
3395	1   1 
3395	1   2 
3395	1   3 
3396	1   1 
3396	1   2 
3397	1   2 
3395	2   4   5 
3397	2   1   4 
3399	2   5   1 
3401	1   1 
3399	1   4 
3401	2   5   4 
3403	1   5 
3403	1   4 
3404	2   1   4 
3406	2   5   1 
3408	2   4   5 
3408	1   1 
3409	1   1 
3410	6  10   2 
3410	1   4 
3411	1   4 
3412	2   4  12 
3416	1   1 
3414	1  12 
3414	1   5 
3416	2   9   4 
3418	2   9  12 
3420	1  12 
3420	1   9 
3418	1   4 
3421	2   4  12 
3423	2   9   4 
3425	1   4 
3426	1   4 
3427	1   4 
3425	2  12   9 
3427	1   9 
3427	1  12 
3428	1  12 
3429	2  12  13 
3431	1  13 
3432	2  14  12 
3434	1  12 
3434	2  14  13 
3436	1  13 
3436	1  14 
3437	2  12  13 
3439	2  14  12 
3441	1  12 
3442	1  12 
3441	2  13  14 
3443	1  14 
3443	2  12   9 
3443	1  13 
3445	2   4  12 
3447	1  12 
3447	2   9   4 
3449	1   4 
3449	2   9  12 
3451	1  12 
3451	1   9 
3452	2   4  12 
3454	2   9   4 
3456	2  12   9 
3458	1  12 
3458	2  13  14 
3458	1   9 
3456	1   4 
3457	1   4 
3458	2   4   5 
3460	2   1   4 
3462	2   5   1 
3464	1   1 
3462	1   4 
3464	2   5   4 
3466	1   4 
3467	2   1   4 
3466	1   5 
3469	2   5   1 
3471	1   1 
3471	2   4   5 
3473	2  12   9 
3473	1   4 
3472	1   1 
3473	2   1   3 
3475	2   6   1 
3477	2   3   6 
3479	1   6 
3475	1   5 
3477	1   1 
3479	2   3   1 
3481	1   3 
3481	1   1 
3482	2   6   1 
3484	2   3   6 
3486	2   1   3 
3488	2   4   5 
3486	1   6 
3487	1   6 
3488	1   6 
3488	1   3 
3488	1   1 
3489	1   1 
3490	2   1   4 
3492	2   5   1 
3494	1   1 
3492	1   4 
3494	2   5   4 
3496	1   4 
3496	1   5 
3497	2   1   4 
3499	2   5   1 
3501	2   4   5 
3501	1   1 
3503	1   5 
3502	1   1 
3503	1   4 
3504	1   4 
3503	1   1 
3505	2   4  12 
3507	1  12 
3507	2   9   4 
3509	2   9  12 
3511	1   9 
3509	1   4 
3511	1  12 
3512	2   4  12 
3514	2   9   4 
3516	2  12   9 
3518	1  12 
3516	1   4 
3519	1  12 
3518	1   9 
3517	1   4 
3518	1   4 
3520	2  12  13 
3522	1  13 
3523	2  14  12 
3525	1  12 
3525	2  14  13 
3527	1  13 
3527	1  14 
3528	2  12  13 
3530	2  14  12 
3532	2  13  14 
3534	1  14 
3532	1  12 
3533	1  12 
3534	1  13 
3534	2  12   9 
3536	2   4  12 
3538	2   9   4 
3540	1   4 
3538	1  12 
3540	2   9  12 
3542	1  12 
3542	1   9 
3542	2  13  14 
3544	2   4  12 
3546	2   9   4 
3548	1   4 
3548	2  12   9 
3550	1  12 
3550	1   9 
3551	2  12   9 
3549	1   4 
3553	2   4   5 
3555	2   1   4 
3557	2   5   1 
3557	1   4 
3559	2   5   4 
3561	1   4 
3561	1   5 
3559	1   1 
3562	2   1   4 
3564	2   5   1 
3566	1   1 
3567	1   1 
3566	2   4   5 
3568	1   4 
3568	2   1   3 
3570	2   6   1 
3572	1   1 
3572	2   3   6 
3574	1   6 
3574	2   3   1 
3576	1   1 
3577	2   6   1 
3576	1   3 
3576	1   5 
3579	2   3   6 
3581	1   6 
3581	2   1   3 
3583	1   1 
3583	2   4   5 
3583	1   3 
3582	1   6 
3583	1   6 
3584	1   1 
3585	2   1   4 
3587	2   5   1 
3587	1   4 
3589	1   1 
3589	2   5   4 
3591	1   4 
3591	1   5 
3591	6   6   3 
3597	2   1   4 
3599	2   5   1 
3544	6  15  11 
3601	2   4   5 
3601	1   1 
3602	1   1 
3603	1   5 
3603	1   4 
3604	1   4 
3605	2   4  12 
3603	1   1 
3597	6  11  10 
3607	2   9   4 
3609	1   4 
3607	1  12 
3609	2   9  12 
3611	1  12 
3612	2   4  12 
3611	1   9 
3614	2   9   4 
3616	1   4 
3617	1   4 
3618	1   4 
3616	2  12   9 
3618	1   9 
3618	1  12 
3619	1  12 
3620	2  12  13 
3622	1  13 
3623	2  14  12 
3625	1  12 
3625	2  14  13 
3627	1  14 
3627	1  13 
3628	2  12  13 
3630	2  14  12 
3632	1  12 
3633	1  12 
3632	2  13  14 
3634	1  13 
3634	1  14 
3634	2  12   9 
3636	2   4  12 
3638	1  12 
3638	2   9   4 
3640	1   4 
3640	2   9  12 
3642	1  12 
3643	2   4  12 
3642	1   9 
3645	2   9   4 
3647	1   4 
3648	1   4 
3647	2  12   9 
3649	2   4   5 
3649	2  13  14 
3651	2   1   4 
3653	2   5   1 
3649	1  12 
3655	1   1 
3653	1   4 
3655	2   5   4 
3657	1   5 
3657	1   4 
3658	2   1   4 
3660	2   5   1 
3649	1   9 
3662	1   1 
3663	1   1 
3662	2   4   5 
3664	1   5 
3664	1   4 
3664	2   1   6 
3666	2   2   1 
3668	1   1 
3666	2  12   9 
3668	2   6   2 
3670	1   2 
3670	2   6   1 
3672	1   6 
3672	1   1 
3673	2   2   1 
3675	2   6   2 
3677	2   1   6 
3677	1   2 
3678	1   2 
3679	2   4   5 
3679	1   2 
3679	1   6 
3679	1   1 
3680	1   1 
3681	2   1   4 
3683	1   4 
3683	2   5   1 
3685	2   5   4 
3687	1   5 
3685	1   1 
3687	1   4 
3688	2   1   4 
3690	2   5   1 
3692	1   1 
3692	2   4   5 
3694	1   5 
3694	1   4 
3693	1   1 
3694	1   1 
3695	1   4 
3696	2   4  12 
3698	2   9   4 
3700	1   4 
3698	1  12 
3700	2   9  12 
3702	1   9 
3702	1  12 
3703	2   4  12 
3705	2   9   4 
3707	1   4 
3708	1   4 
3709	1   4 
3707	2  12   9 
3709	1   9 
3709	1  12 
3710	1  12 
3711	2  12  13 
3713	1  13 
3714	2  14  12 
3716	1  12 
3716	2  14  13 
3718	1  14 
3718	1  13 
3719	2  12  13 
3721	2  14  12 
3723	1  12 
3723	2  13  14 
3725	1  13 
3724	1  12 
3725	2  12   9 
3725	1  14 
3727	2   4  12 
3729	2   9   4 
3729	1  12 
3731	1   4 
3731	2   9  12 
3733	1  12 
3733	1   9 
3734	2   4  12 
3736	2   9   4 
3738	2  12   9 
3740	1  12 
3738	1   4 
3740	1   9 
3740	2  13  14 
3739	1   4 
3740	2   4   5 
3742	2   1   4 
3744	2   5   1 
3746	1   1 
3744	1   4 
3746	2   5   4 
3748	1   4 
3748	1   5 
3749	2   1   4 
3751	2   5   1 
3753	2   4   5 
3753	1   1 
3755	1   4 
3754	1   1 
3755	2   1   6 
3755	1   5 
3757	2   2   1 
3759	2   6   2 
3759	1   1 
3757	2  12   9 
3761	1   2 
3761	2   6   1 
3763	1   1 
3763	1   6 
3764	2   2   1 
3766	2   6   2 
3768	1   2 
3768	2   1   6 
3770	1   1 
3770	2   4   5 
3770	1   6 
3771	1   1 
3772	2   1   4 
3774	1   4 
3774	2   5   1 
3776	1   1 
3776	2   5   4 
3778	1   4 
3778	1   5 
3779	2   1   4 
3781	2   5   1 
3783	2   4   5 
3785	1   5 
3785	1   4 
3786	1   4 
3787	2   4  12 
3789	1  12 
3783	1   1 
3784	1   1 
3785	1   1 
3789	2   9   4 
3791	1   4 
3791	2   9  12 
3793	1  12 
3793	1   9 
3794	2   4  12 
3796	2   9   4 
3798	2  12   9 
3798	1   4 
3800	1   9 
3799	1   4 
3800	1   4 
3800	1  12 
3801	1  12 
3802	2  12  13 
3804	1  13 
3805	2  14  12 
3807	1  12 
3807	2  14  13 
3809	1  14 
3809	1  13 
3810	2  12  13 
3812	2  14  12 
3814	2  13  14 
3814	1  12 
3816	1  14 
3815	1  12 
3816	2  12   9 
3816	1  13 
3817	1  13 
3818	2   4  12 
3820	2  13  14 
3822	2   9   4 
3824	1   4 
3820	1  12 
3824	2   9  12 
3826	1  12 
3826	1   9 
3827	2   4  12 
3829	2   9   4 
3831	2  12   9 
3833	1  12 
3831	1   4 
3833	1   9 
3834	2  12   9 
3832	1   4 
3836	2   4   5 
3838	2   1   4 
3840	2   5   1 
3842	1   1 
3840	1   4 
3842	2   5   4 
3844	1   5 
3844	1   4 
3845	2   1   4 
3847	6   9   4 
3853	2   5   1 
3855	1   1 
3855	2   9   5 
3857	1   5 
3857	1   9 
3858	2   6   9 
3860	2  10   6 
3862	1   6 
3862	2   9  10 
3856	1   1 
3864	1  10 
3864	2   9   6 
3866	6  12   8 
3866	2   1   5 
3866	1   9 
3866	1   6 
3868	2  10   6 
3872	2   9  10 
3874	1  10 
3874	2   6   9 
3876	1   9 
3875	1  10 
3876	1  10 
3876	1   6 
3876	6   8   4 
3877	1   6 
3878	2   6   1 
3880	1   1 
3882	6   8   0 
3888	2   5   6 
3890	1   6 
3890	2   5   1 
3892	1   1 
3892	1   5 
3892	6  13   9 
3893	2   6   1 
3898	6  14  12 
3898	2   5   6 
3900	1   6 
3900	2   1   5 
3901	1   6 
3902	1   6 
3902	1   5 
3902	1   1 
3903	1   1 
3904	6  13  10 
3904	2   1   4 
3906	2   0   1 
3906	1   4 
3908	2   0   4 
3910	1   4 
3908	1   1 
3910	1   0 
3911	2   1   4 
3913	2   0   1 
3915	2   4   0 
3915	1   1 
3916	1   1 
3917	1   4 
3917	1   1 
3917	1   0 
3910	6  14  13 
3918	1   4 
3919	2   4   9 
3921	1   9 
3921	2  12   4 
3923	1   4 
3923	2  12   9 
3925	1  12 
3925	1   9 
3926	2   4   9 
3928	2  12   4 
3930	1   4 
3930	2   9  12 
3931	1   4 
3932	2   4   0 
3932	1   9 
3934	2   1   4 
3932	1  12 
3936	2   0   1 
3938	1   1 
3936	1   4 
3938	2   0   4 
3940	1   0 
3940	1   4 
3941	2   1   4 
3943	2   9  12 
3943	2   0   1 
3945	1   1 
3946	1   1 
3945	2   4   0 
3947	1   0 
3947	2   1   5 
3947	1   4 
3949	2   6   1 
3951	1   1 
3951	2   5   6 
3953	1   6 
3953	2   4   0 
3955	2   5   1 
3957	1   5 
3957	1   1 
3958	2   6   1 
3960	2   5   6 
3962	2   1   5 
3962	1   6 
3964	1   5 
3964	1   1 
3963	1   6 
3964	2   6  10 
3966	2  14   6 
3968	2   1   5 
3968	2  10  14 
3970	1  14 
3968	1   6 
3970	2  10   6 
3972	1  10 
3972	1   6 
3973	2  14   6 
3975	2  10  14 
3977	6  14  13 
3975	6   3   2 
3983	2   6  10 
3985	1  10 
3985	1   6 
3986	1   6 
3983	1  13 
3984	1  13 
3987	2   6   1 
3989	2   5   6 
3991	1   6 
3989	1   1 
3991	2   5   1 
3993	1   1 
3993	1   5 
3994	2   6   1 
3996	2   5   6 
3998	1   6 
3999	1   6 
3998	2   1   5 
4000	1   1 
4001	1   1 
4002	2   1   4 
4000	1   6 
4004	2   0   1 
4000	1   5 
4004	1   4 
4006	1   1 
4006	2   0   4 
4008	1   4 
4008	1   0 
4009	2   1   4 
4011	2   0   1 
4013	1   1 
4014	1   1 
4015	1   1 
4013	2   4   0 
4015	1   0 
4015	1   4 
4016	1   4 
4017	2   4   9 
4019	2  12   4 
4019	1   9 
4021	1   4 
4021	2  12   9 
4023	1  12 
4023	1   9 
4024	2   4   9 
4026	2  12   4 
4028	1   4 
4029	1   4 
4030	2   4   0 
4032	2   1   4 
4034	1   4 
4034	2   9  12 
4036	1   9 
4034	2   0   1 
4036	1  12 
4037	2   9  12 
4036	2   0   4 
4038	1   4 
4036	1   1 
4038	1   0 
4039	2   1   4 
4041	2   0   1 
4043	2   4   0 
4045	1   4 
4045	1   0 
4043	1   1 
4044	1   1 
4045	2   1   5 
4047	2   6   1 
4049	1   1 
4049	2   5   6 
4051	1   6 
4051	2   5   1 
4053	1   1 
4053	1   5 
4054	2   6   1 
4056	2   5   6 
4058	2   1   5 
4060	1   1 
4060	1   5 
4060	2   4   0 
4058	1   6 
4059	1   6 
4060	2   6  10 
4062	2  11   6 
4064	2  10  11 
4064	2   1   5 
4066	1  11 
4064	1   6 
4066	2  10   6 
4068	1   6 
4068	1  10 
4069	2  11   6 
4071	2  10  11 
4073	2   6  10 
4073	1  11 
4075	1  10 
4074	1  11 
4075	1   6 
4076	1   6 
4075	1  11 
4077	2   6   1 
4079	1   1 
4079	2   5   6 
4081	2   5   1 
4081	1   6 
4083	1   1 
4084	2   6   1 
4083	1   5 
4086	2   5   6 
4088	1   6 
4089	1   6 
4088	2   1   5 
4090	1   6 
4090	1   1 
4090	1   5 
4091	1   1 
4092	2   1   4 
4094	2   0   1 
4094	1   4 
4096	1   1 
4096	2   0   4 
4098	1   0 
4098	1   4 
4099	2   1   4 
4101	2   0   1 
4103	1   1 
4104	1   1 
4105	1   1 
4103	2   4   0 
4105	1   0 
4105	1   4 
4106	1   4 
4107	2   4   9 
4109	2  12   4 
4109	1   9 
4111	1   4 
4111	2  12   9 
4113	1  12 
4113	1   9 
4114	2   4   9 
4116	2  12   4 
4118	1   4 
4119	1   4 
4120	2   4   0 
4122	2   1   4 
4124	1   4 
4124	2   0   1 
4126	1   1 
4126	2   0   4 
4128	1   0 
4128	1   4 
4124	2   9  12 
4126	1  12 
4126	1   9 
4127	2   9  12 
4129	2   1   4 
4131	2   0   1 
4133	2   4   0 
4135	1   4 
4133	1   1 
4135	1   0 
4134	1   1 
4135	2   1   5 
4137	2   6   1 
4139	1   1 
4139	2   5   6 
4141	2   5   1 
4143	1   1 
4141	1   6 
4143	1   5 
4144	2   6   1 
4146	2   5   6 
4148	1   6 
4149	1   6 
4148	2   1   5 
4150	2   6  10 
4150	1   1 
4150	2   4   0 
4150	1   5 
4152	2  11   6 
4154	2  10  11 
4154	1   6 
4156	1  11 
4156	2  10   6 
4158	1   6 
4158	1  10 
4159	2  11   6 
4161	2  10  11 
4161	2   1   5 
4163	1  11 
4163	2   6  10 
4165	1  10 
4165	1   6 
4166	1   6 
4167	2   6   1 
4169	2   5   6 
4171	1   6 
4169	1   1 
4171	2   5   1 
4173	1   5 
4173	1   1 
4174	2   6   1 
4176	2   5   6 
4178	1   6 
4178	2   1   5 
4180	1   5 
4179	1   6 
4180	1   6 
4180	1   1 
4181	1   1 
4182	2   1   4 
4184	1   4 
4184	2   0   1 
4186	1   1 
4186	2   0   4 
4188	1   0 
4188	1   4 
4189	2   1   4 
4191	2   0   1 
4193	1   1 
4194	1   1 
4195	1   1 
4193	2   4   0 
4195	1   0 
4195	1   4 
4196	1   4 
4197	2   4   9 
4199	2  12   4 
4201	1   4 
4199	1   9 
4201	2  12   9 
4203	1   9 
4204	2   4   9 
4203	1  12 
4206	2  12   4 
4208	1   4 
4208	2   9  12 
4210	1  12 
4209	1   4 
4210	2   4   0 
4212	2   1   4 
4214	2   0   1 
4216	1   1 
4210	1   9 
4214	1   4 
4216	2   0   4 
4218	1   0 
4214	2   9  12 
4218	1   4 
4219	2   1   4 
4221	2   0   1 
4223	1   1 
4223	2   4   0 
4224	1   1 
4225	1   4 
4225	1   0 
4225	2   1   5 
4227	2   6   1 
4229	1   1 
4229	2   5   6 
4231	1   6 
4231	2   5   1 
4233	1   1 
4233	1   5 
4234	2   6   1 
4236	2   5   6 
4238	2   1   5 
4238	1   6 
4240	2   4   0 
4239	1   6 
4240	1   5 
4240	1   1 
4240	2   6  10 
4242	2  14   6 
4244	2   1   5 
4244	1   6 
4244	2  10  14 
4246	2  10   6 
4246	1  14 
4248	1  10 
4248	1   6 
4249	2  14   6 
4251	2  10  14 
4253	1  14 
4254	1  14 
4253	2   6  10 
4255	1  10 
4255	1  14 
4255	1   6 
4256	1   6 
4257	2   6   1 
4259	2   5   6 
4261	1   6 
4259	1   1 
4261	2   5   1 
4263	1   5 
4263	1   1 
4264	2   6   1 
4266	2   5   6 
4268	1   6 
4268	2   1   5 
4270	1   1 
4269	1   6 
4271	1   1 
4272	2   1   4 
4270	1   5 
4274	2   0   1 
4274	1   4 
4276	1   1 
4270	1   6 
4276	2   0   4 
4278	1   4 
4278	1   0 
4279	2   1   4 
4281	2   0   1 
4283	2   4   0 
4285	1   0 
4283	1   1 
4284	1   1 
4285	1   1 
4285	1   4 
4286	1   4 
4287	2   4   9 
4289	2  12   4 
4291	1   4 
4289	1   9 
4291	2  12   9 
4293	1   9 
4293	1  12 
4294	2   4   9 
4296	2  12   4 
4298	1   4 
4298	2   9  12 
4300	1  12 
4299	1   4 
4300	2   4   0 
4302	2   1   4 
4304	2   0   1 
4306	1   1 
4304	1   4 
4300	1   9 
4306	2   0   4 
4304	2   9  12 
4308	1   4 
4308	1   0 
4309	2   1   4 
4311	2   0   1 
4313	2   4   0 
4315	1   4 
4315	1   0 
4313	1   1 
4314	1   1 
4315	2   1   5 
4317	2   6   1 
4319	2   5   6 
4319	1   1 
4321	2   5   1 
4321	1   6 
4323	1   1 
4323	1   5 
4324	2   6   1 
4326	2   5   6 
4328	1   6 
4328	2   1   5 
4330	1   5 
4329	1   6 
4330	2   6  10 
4330	1   1 
4330	2   4   0 
4332	2  14   6 
4334	1   6 
4334	2  10  14 
4336	1  14 
4334	2   1   5 
4336	2  10   6 
4338	1  10 
4338	1   6 
4339	2  14   6 
4341	2  10  14 
4343	1  14 
4343	2   6  10 
4345	1  10 
4345	1   6 
4346	1   6 
4347	2   6   1 
4349	2   5   6 
4349	1   1 
4351	1   6 
4351	2   5   1 
4353	1   1 
4354	2   6   1 
4353	1   5 
4356	2   5   6 
4358	1   6 
4359	1   6 
4360	1   6 
4358	2   1   5 
4360	1   5 
4360	1   1 
4361	1   1 
4362	2   1   4 
4364	1   4 
4364	2   0   1 
4366	1   1 
4366	2   0   4 
4368	1   0 
4368	1   4 
4369	2   1   4 
4371	2   0   1 
4373	2   4   0 
4375	1   0 
4373	1   1 
4374	1   1 
4375	1   1 
4375	1   4 
4376	1   4 
4377	2   4   9 
4379	1   9 
4379	2  12   4 
4381	1   4 
4381	2  12   9 
4383	1  12 
4383	1   9 
4384	2   4   9 
4386	2  12   4 
4388	1   4 
4388	2   9  12 
4390	1  12 
4389	1   4 
4390	2   4   0 
4390	1   9 
4391	1   9 
4392	2   1   4 
4394	1   4 
4394	2   0   1 
4394	2   9  12 
4396	1   1 
4396	2   0   4 
4398	1   4 
4398	1   0 
4399	2   1   4 
4401	2   0   1 
4403	1   1 
4404	1   1 
4403	2   4   0 
4405	6   2   0 
4396	6  13  12 
4411	2   1   5 
4411	1   2 
4411	1   4 
4412	1   4 
4402	6  13  10 
4408	6  14  12 
4413	2   6   1 
4415	1   1 
4415	2   5   6 
4417	2   5   1 
4419	1   5 
4419	1   1 
4417	1   6 
4420	2   6   1 
4414	6  14  13 
4420	6  13   8 
4422	2   5   6 
4424	1   6 
4425	1   6 
4424	2   1   5 
4426	1   5 
4427	2   5   4 
4426	1   1 
4429	2   0   5 
4431	2   6   2 
4431	2   4   0 
4431	1   5 
4426	6  14  11 
4433	1   0 
4433	2   4   5 
4435	1   5 
4435	1   4 
4436	2   0   5 
4433	6  11   3 
4438	2   4   0 
4440	1   0 
4440	2   5   4 
4442	1   5 
4443	1   5 
4444	2   5   6 
4442	1   4 
4446	1   6 
4446	2   2   5 
4448	2   2   6 
4441	1   0 
4450	1   6 
4450	1   2 
4442	1   0 
4448	1   5 
4451	2   5   6 
4453	2   2   5 
4455	1   5 
4456	1   5 
4457	1   5 
4455	2   6   2 
4457	1   2 
4457	1   6 
4458	1   6 
4459	2   6   9 
4461	1   9 
4461	2  10   6 
4463	1   6 
4463	2  10   9 
4465	1   9 
4466	2   6   9 
4465	1  10 
4468	2  10   6 
4470	2   9  10 
4470	1   6 
4472	1  10 
4472	1   9 
4471	1   6 
4472	2   6   2 
4474	2   5   6 
4476	2   2   5 
4478	1   5 
4476	1   6 
4478	2   2   6 
4480	2   9  10 
4480	1   6 
4480	1   2 
4482	2   5   6 
4484	2   2   5 
4486	1   5 
4487	1   5 
4486	2   6   2 
4488	1   6 
4488	1   2 
4488	2   5   4 
4490	2   0   5 
4492	2   6   2 
4492	2   4   0 
4494	1   0 
4492	1   5 
4494	2   4   5 
4496	1   4 
4496	1   5 
4497	2   0   5 
4499	2   4   0 
4501	1   0 
4502	1   0 
4503	1   0 
4501	2   5   4 
4503	1   4 
4504	2   1   4 
4503	1   5 
4504	1   5 
4506	2   5   6 
4508	2   2   5 
4508	1   6 
4510	1   5 
4510	2   2   6 
4512	1   2 
4512	2   0   1 
4514	1   1 
4512	1   6 
4514	2   5   6 
4516	2   2   5 
4518	1   5 
4518	2   6   2 
4519	1   5 
4520	1   6 
4520	1   5 
4521	1   6 
4520	1   2 
4518	2   4   0 
4520	1   0 
4520	2   4   1 
4522	1   4 
4522	1   1 
4522	2   6   9 
4524	1   9 
4523	2   0   1 
4525	2   4   0 
4527	1   0 
4528	1   0 
4529	1   0 
4524	2  10   6 
4526	1   6 
4526	2  10   9 
4528	1  10 
4528	1   9 
4529	2   6   9 
4531	2  10   6 
4533	1   6 
4534	1   6 
4535	2   6   2 
4537	2   5   6 
4539	2   2   5 
4539	1   6 
4541	1   5 
4541	2   2   6 
4543	6   5   2 
4543	1   6 
4549	1   5 
4549	2   2   6 
4551	2   5   2 
4553	1   2 
4554	1   2 
4553	2   6   5 
4555	2   1   4 
4557	1   4 
4555	1   5 
4555	1   6 
4557	1   1 
4556	1   6 
4558	1   1 
4555	2   9  10 
4557	2   3   6 
4557	1   9 
4557	1  10 
4559	2   9  10 
4559	2   1   3 
4561	1   3 
4561	2   6   1 
4563	2   6   3 
4565	1   6 
4565	1   3 
4563	1   1 
4566	2   1   3 
4561	6   9   8 
4568	2   6   1 
4570	1   1 
4571	1   1 
4572	1   1 
4570	2   3   6 
4572	2   9   5 
4572	1   6 
4572	1   3 
4572	2   7   2 
4573	1   3 
4574	2   3   7 
4574	6  10   9 
4576	1   7 
4576	2   2   3 
4578	1   3 
4578	2   2   7 
4580	1   2 
4580	1   7 
4581	2   3   7 
4583	2   2   3 
4585	1   3 
4586	1   3 
4587	1   3 
4585	2   7   2 
4587	1   7 
4587	1   2 
4588	1   7 
4589	2   7  10 
4591	1  10 
4591	2   5   7 
4593	2   5  10 
4595	1   5 
4593	1   7 
4595	1  10 
4596	2   7  10 
4598	2   5   7 
4600	2  10   5 
4602	1  10 
4602	1   5 
4600	1   7 
4603	1  10 
4601	1   7 
4604	2  10   8 
4606	2   9  10 
4608	1  10 
4606	1   8 
4602	1   7 
4608	2   9   8 
4610	1   9 
4610	1   8 
4611	2  10   8 
4613	2   9  10 
4615	2   8   9 
4617	1   9 
4615	1  10 
4617	1   8 
4616	1  10 
4617	2  10   5 
4619	2   7  10 
4621	1  10 
4621	2   5   7 
4623	1   7 
4623	2   5  10 
4625	1   5 
4625	1  10 
4626	2   7  10 
4628	2   5   7 
4630	1   7 
4631	1   7 
4630	2  10   5 
4632	1  10 
4632	1   5 
4632	2   8   9 
4632	2   7   2 
4634	2  10   5 
4634	2   3   7 
4636	2   2   3 
4636	1   7 
4638	1   3 
4638	2   2   7 
4640	1   2 
4640	1   7 
4641	2   3   7 
4643	2   2   3 
4645	1   3 
4646	1   3 
4645	2   7   2 
4647	2   3   6 
4647	1   7 
4649	2   1   3 
4651	1   3 
4651	2   6   1 
4653	1   1 
4653	2   6   3 
4655	1   3 
4655	1   6 
4656	2   1   3 
4658	2   6   1 
4660	2   3   6 
4658	1   2 
4662	1   6 
4662	1   3 
4660	1   1 
4661	1   1 
4662	2   1   4 
4664	2   3   6 
4664	2   0   1 
4666	2   4   0 
4668	1   0 
4666	2   7   2 
4666	1   1 
4668	2   4   1 
4670	1   1 
4670	1   4 
4671	2   0   1 
4673	2   4   0 
4675	1   0 
4675	2   1   4 
4677	1   1 
4678	1   1 
4679	2   1   3 
4681	2   6   1 
4681	1   3 
4683	2   6   3 
4685	1   3 
4685	1   6 
4683	1   1 
4686	2   1   3 
4688	2   6   1 
4690	1   1 
4691	1   1 
4690	2   3   6 
4692	1   1 
4692	1   3 
4693	1   3 
4694	2   3   7 
4692	1   6 
4696	2   2   3 
4698	1   3 
4696	1   7 
4698	2   2   7 
4700	1   7 
4700	1   2 
4701	2   3   7 
4703	2   2   3 
4705	1   3 
4706	1   3 
4705	2   7   2 
4707	1   7 
4708	1   7 
4707	1   2 
4707	1   3 
4709	2   7  10 
4711	1  10 
4711	2   5   7 
4713	1   7 
4713	2   5  10 
4715	1   5 
4715	1  10 
4716	2   7  10 
4718	2   5   7 
4720	2  10   5 
4722	1  10 
4722	1   5 
4720	1   7 
4721	1   7 
4723	1  10 
4724	2  10   8 
4722	1   7 
4726	1   8 
4726	2   9  10 
4728	1  10 
4728	2   9   8 
4730	1   8 
4730	1   9 
4731	2  10   8 
4733	2   9  10 
4735	1  10 
4736	1  10 
4735	2   8   9 
4737	2  10   5 
4739	2   7  10 
4741	1  10 
4741	2   5   7 
4743	1   7 
4743	2   5  10 
4745	1  10 
4745	1   5 
4746	2   7  10 
4748	2   5   7 
4750	2  10   5 
4750	1   7 
4751	1   7 
4752	2   7   2 
4754	2   3   7 
4756	2   2   3 
4758	1   3 
4756	1   7 
4758	2   2   7 
4760	1   2 
4760	1   7 
4761	2   3   7 
4763	2   2   3 
4765	1   3 
4766	1   3 
4765	2   7   2 
4767	2   3   6 
4769	2   1   3 
4771	2   6   1 
4773	1   1 
4771	1   3 
4773	2   6   3 
4775	1   3 
4775	1   6 
4776	2   1   3 
4778	2   6   1 
4780	1   1 
4780	2   3   6 
