   1	6  11   6 
   1	1   7 
   2	1   7 
   1	1   2 
   2	1   2 
   1	1  10 
   2	1  10 
   1	1   3 
   1	1   8 
   1	1   9 
   1	1   4 
   1	1   1 
   1	1   5 
   1	1   0 
   2	6   8   4 
   7	1   6 
   8	1   6 
   7	1  11 
   8	2   1   9 
  10	2   6   1 
  12	1   1 
  12	2   9   6 
  14	1   6 
  14	2   9   1 
  16	1   9 
  16	1   1 
  17	2   6   1 
  19	2   9   6 
  21	1   6 
  22	1   6 
  23	1   6 
  21	2   5   0 
  23	2   1   9 
  25	1   9 
  25	1   1 
  26	1   1 
  27	2   1   5 
  29	1   5 
  29	2   0   1 
  31	1   1 
  31	2   0   5 
  33	1   5 
  33	1   0 
  34	2   1   5 
  36	2   0   1 
  38	1   1 
  39	1   1 
  38	2   5   0 
  40	2   1   9 
  42	1   5 
  42	2   6   1 
  44	1   1 
  44	2   9   6 
  46	1   6 
  46	2   9   1 
  48	1   9 
  48	1   1 
  48	1   0 
  49	2   6   1 
  51	2   9   6 
  53	1   6 
  54	1   6 
  55	1   6 
  53	2   1   9 
  55	1   9 
  55	1   1 
  56	1   1 
  55	2   5   0 
  57	2   1   5 
  59	2   0   1 
  61	1   1 
  59	1   5 
  61	2   0   5 
  63	1   5 
  63	1   0 
  64	2   1   5 
  66	2   0   1 
  68	1   1 
  69	1   1 
  68	2   5   0 
  70	6   5   2 
  76	1   2 
  70	1   0 
  76	2   0   4 
  78	2   5   0 
  80	1   0 
  80	2   4   5 
  82	1   5 
  82	2   4   0 
  84	1   4 
  84	1   0 
  85	2   5   0 
  87	2   4   5 
  89	1   5 
  90	1   5 
  91	1   5 
  89	2   0   4 
  91	1   4 
  91	2   1   2 
  91	1   0 
  92	1   0 
  93	2   0   1 
  95	1   1 
  96	2   2   0 
  98	1   0 
  98	2   2   1 
 100	1   1 
 100	1   2 
 101	2   0   1 
 103	2   2   0 
 105	1   0 
 106	1   0 
 105	2   1   2 
 107	1   1 
 107	1   2 
 107	2   0   4 
 109	2   5   0 
 111	2   4   5 
 113	1   5 
 111	1   0 
 113	2   4   0 
 115	1   4 
 115	1   0 
 115	2   1   2 
 117	2   5   0 
 119	2   4   5 
 121	6   5   2 
 127	1   2 
 128	1   2 
 129	1   2 
 127	2   0   4 
 129	1   4 
 129	1   0 
 130	1   0 
 131	2   0   1 
 127	6  10   9 
 133	1   1 
 133	2   5   0 
 135	1   0 
 135	2   5   1 
 137	1   1 
 137	1   5 
 138	2   0   1 
 140	2   5   0 
 142	1   0 
 143	1   0 
 142	2   1   5 
 144	1   1 
 144	1   5 
 145	2   4   5 
 147	2   9   4 
 149	1   4 
 149	2   5   9 
 151	1   9 
 151	2   5   4 
 153	1   4 
 154	2   9   4 
 153	1   5 
 156	2   5   9 
 158	1   9 
 158	2   4   5 
 159	1   9 
 160	6   9   8 
 166	1   8 
 160	1   4 
 160	1   5 
 161	2   3   1 
 166	2   4   5 
 168	2   6   4 
 170	1   4 
 170	2   5   6 
 172	1   6 
 172	2   5   4 
 174	1   5 
 174	1   4 
 175	2   6   4 
 177	2   5   6 
 179	6   5   0 
 179	1   6 
 180	1   6 
 185	2   4   0 
 187	1   0 
 187	1   4 
 181	1   6 
 185	2   6   3 
 187	1   3 
 187	2   1   6 
 189	1   6 
 189	2   1   3 
 191	1   3 
 191	1   1 
 192	2   6   3 
 194	2   1   6 
 196	1   6 
 197	1   6 
 196	2   3   1 
 198	1   6 
 198	1   1 
 198	1   3 
 199	2   3   1 
 201	2   2   3 
 203	1   3 
 203	2   1   2 
 205	1   2 
 206	2   1   3 
 208	6   6   5 
 208	1   1 
 208	1   3 
 214	2   2   3 
 216	2   1   2 
 214	6  11  10 
 218	2   3   1 
 220	6   5   2 
 220	1   1 
 220	1   3 
 226	1   5 
 226	2   6   3 
 228	2   7   6 
 227	1   5 
 228	1   5 
 230	1   6 
 230	2   3   7 
 230	2   9   1 
 232	1   7 
 232	2   3   6 
 234	1   3 
 234	1   6 
 235	2   7   6 
 237	2   3   7 
 239	1   7 
 240	1   7 
 241	1   7 
 239	2   6   3 
 241	1   3 
 241	1   6 
 242	1   6 
 243	2   6   9 
 245	1   9 
 245	2   1   6 
 247	2   1   9 
 247	1   6 
 249	1   1 
 249	1   9 
 250	2   6   9 
 252	2   1   6 
 254	1   6 
 255	1   6 
 254	2   9   1 
 256	1   9 
 256	1   1 
 256	2   6   3 
 258	2   7   6 
 260	1   6 
 260	2   9   1 
 260	2   3   7 
 262	1   7 
 262	2   3   6 
 264	1   3 
 264	1   6 
 265	2   7   6 
 267	2   3   7 
 269	2   6   3 
 271	1   6 
 269	1   7 
 270	1   7 
 271	1   3 
 272	1   6 
 273	2   6   9 
 275	2   1   6 
 271	1   7 
 275	1   9 
 277	2   1   9 
 279	1   1 
 279	1   9 
 277	1   6 
 280	2   6   9 
 282	2   1   6 
 284	1   6 
 285	1   6 
 284	2   9   1 
 286	6   7   6 
 286	1   9 
 292	2  10   9 
 294	2   5  10 
 296	1  10 
 286	1   1 
 296	2   9   5 
 298	1   5 
 299	2   3   1 
 298	2   9  10 
 300	1  10 
 301	2   5  10 
 300	1   9 
 303	2   9   5 
 305	1   5 
 306	1   5 
 307	1   5 
 305	2  10   9 
 307	1   9 
 307	1  10 
 308	2  10   9 
 310	2   6  10 
 312	1  10 
 312	2   9   6 
 314	1   6 
 314	2   9  10 
 316	1  10 
 316	1   9 
 317	2   6  10 
 319	2   9   6 
 321	2  10   9 
 323	1  10 
 321	1   6 
 322	1   6 
 323	1   6 
 323	1   9 
 324	2   9   4 
 326	2   7  10 
 321	6   2   1 
 328	2   6   7 
 330	2  10   6 
 332	1   6 
 330	1   7 
 332	2  10   7 
 334	1  10 
 334	1   7 
 335	2   6   7 
 337	2  10   6 
 339	6  11   9 
 339	1   6 
 340	1   6 
 345	2   7  10 
 347	1   7 
 347	1  10 
 341	1   6 
 345	6   5   4 
 348	1   7 
 349	2   7   3 
 351	2   2   7 
 351	1   3 
 353	1   7 
 353	2   2   3 
 355	6  11   6 
 355	1   2 
 355	1   3 
 355	6   1   0 
 361	2   7   3 
 363	2   2   7 
 365	1   7 
 365	2   3   2 
 367	1   3 
 367	1   2 
 366	1   7 
 367	2   7  10 
 369	2  11   7 
 371	1   7 
 371	2  10  11 
 373	1  11 
 373	2  10   7 
 375	1  10 
 375	1   7 
 376	2  11   7 
 378	2   3   2 
 378	2  10  11 
 380	1  11 
 381	1  11 
 382	1  11 
 380	2   7  10 
 382	1  10 
 383	1  10 
 382	1   7 
 383	1   7 
 384	2   7   3 
 386	1   3 
 386	2   2   7 
 388	2   2   3 
 388	1   7 
 390	1   2 
 390	1   3 
 391	2   7   3 
 393	2   2   7 
 395	1   7 
 396	1   7 
 395	2   3   2 
 397	2   7  10 
 397	1   2 
 399	2  11   7 
 398	2   2   1 
 397	1   3 
 401	2  10  11 
 401	1   7 
 403	1  11 
 403	2  10   7 
 405	1  10 
 405	1   7 
 406	2  11   7 
 408	2  10  11 
 410	1  11 
 411	1  11 
 410	2   7  10 
 412	1  10 
 412	1  11 
 412	1   7 
 413	1   7 
 414	2   7   6 
 416	1   6 
 417	2   5   7 
 419	2   5   6 
 421	1   6 
 421	1   5 
 419	1   7 
 422	2   7   6 
 424	2   5   7 
 426	2   6   5 
 428	1   6 
 428	1   5 
 426	1   7 
 427	1   7 
 428	1   7 
 429	1   6 
 430	2   6   2 
 432	1   2 
 432	2   1   6 
 434	1   6 
 434	2   1   2 
 436	1   1 
 436	1   2 
 437	2   6   2 
 439	2   1   6 
 441	2   2   1 
 441	1   6 
 443	1   1 
 442	1   6 
 443	2   6   5 
 443	1   2 
 445	2   7   6 
 447	2   5   7 
 449	2   2   1 
 449	1   7 
 449	1   6 
 451	2   5   6 
 453	1   6 
 454	2   7   6 
 453	1   5 
 456	2   5   7 
 458	2   6   5 
 460	1   6 
 460	1   5 
 458	1   7 
 459	1   7 
 460	2   7  10 
 462	2  11   7 
 464	1   7 
 464	2  10  11 
 466	1  11 
 466	2  10   7 
 468	1  10 
 468	1   7 
 469	2  11   7 
 471	2  10  11 
 473	2   7  10 
 475	1   7 
 476	1   7 
 473	1  11 
 474	1  11 
 475	1  11 
 475	1  10 
 475	2   6   5 
 477	2   7   6 
 479	1   6 
 480	2   5   7 
 482	1   7 
 482	2   5   6 
 484	1   5 
 484	1   6 
 485	2   7   6 
 487	2   5   7 
 489	2   6   5 
 489	1   7 
 491	1   6 
 491	1   5 
 490	1   7 
 492	1   6 
 491	1   7 
 493	2   6   2 
 495	2   1   6 
 497	1   6 
 495	1   2 
 497	2   1   2 
 499	1   1 
 499	1   2 
 500	2   6   2 
 502	2   1   6 
 504	1   6 
 504	2   2   1 
 506	1   1 
 506	1   2 
 505	1   6 
 506	2   6   5 
 508	2   7   6 
 510	2   2   3 
 510	1   6 
 512	2   5   7 
 514	1   7 
 514	2   5   6 
 516	1   5 
 516	1   6 
 517	2   7   6 
 519	2   5   7 
 521	2   6   5 
 523	1   6 
 523	1   5 
 524	2   5   1 
 524	1   6 
 521	1   7 
 522	1   7 
 523	2   7  10 
 525	2  11   7 
 527	1   7 
 527	2  10  11 
 529	2  10   7 
 531	1  10 
 529	1  11 
 531	1   7 
 532	2  11   7 
 534	2  10  11 
 536	2   7  10 
 538	1   7 
 538	1  10 
 539	1   7 
 536	1  11 
 537	1  11 
 540	2   7   2 
 542	1   2 
 542	2   3   7 
 538	1  11 
 544	1   7 
 544	2   3   2 
 546	1   2 
 546	1   3 
 547	2   7   2 
 549	2   3   7 
 551	1   7 
 552	1   7 
 553	1   7 
 551	2   2   3 
 553	1   3 
 553	1   2 
 554	1   2 
 555	2   2   5 
 557	1   5 
 557	2   1   2 
 559	2   1   5 
 561	1   5 
 559	1   2 
 561	1   1 
 562	2   2   5 
 564	2   1   2 
 566	1   2 
 566	2   5   1 
 568	1   5 
 567	1   2 
 568	1   1 
 568	2   2   3 
 570	2   7   2 
 572	2   5   1 
 572	1   2 
 572	2   3   7 
 574	2   3   2 
 576	1   2 
 576	1   3 
 574	1   7 
 577	2   7   2 
 579	2   3   7 
 581	2   2   3 
 583	1   2 
 583	1   3 
 581	1   7 
 582	1   7 
 583	2   7  10 
 585	2  11   7 
 587	2  10  11 
 589	1  11 
 587	1   7 
 589	2  10   7 
 591	1   7 
 592	2  11   7 
 591	1  10 
 594	2   2   3 
 594	2  10  11 
 596	1  11 
 597	1  11 
 598	1  11 
 596	2   7  10 
 598	1  10 
 598	1   7 
 599	1   7 
 600	2   7   2 
 602	1   2 
 602	2   3   7 
 604	1   7 
 604	2   3   2 
 606	1   2 
 607	2   7   2 
 606	1   3 
 609	2   3   7 
 611	1   7 
 612	1   7 
 613	1   7 
 611	2   2   3 
 613	1   3 
 613	1   2 
 614	1   2 
 615	2   2   5 
 617	2   1   2 
 617	1   5 
 619	2   1   5 
 621	1   1 
 619	1   2 
 621	1   5 
 622	2   2   5 
 624	2   1   2 
 626	2   5   1 
 628	1   5 
 626	1   2 
 628	1   1 
 627	1   2 
 628	2   2   3 
 630	2   7   2 
 632	2   3   7 
 632	1   2 
 634	1   7 
 634	2   3   2 
 636	2   6   1 
 636	1   3 
 636	1   2 
 638	2   7   2 
 640	2   3   7 
 642	1   7 
 643	1   7 
 642	2   2   3 
 644	1   2 
 644	1   3 
 645	2   7   3 
 647	2  11   7 
 647	2   2   5 
 649	2   3  11 
 651	1   7 
 652	2   3   7 
 654	1   3 
 654	1   7 
 651	1  11 
 655	2  11   7 
 657	2   3  11 
 659	1  11 
 659	2   7   3 
 660	1  11 
 661	1   3 
 661	1   7 
 661	1  11 
 662	1   7 
 663	2   7   2 
 665	2   5   7 
 665	1   2 
 667	2   5   2 
 669	1   5 
 669	1   2 
 667	1   7 
 670	2   7   2 
 672	2   5   7 
 674	1   7 
 675	1   7 
 676	1   7 
 674	2   2   5 
 676	1   2 
 676	1   5 
 677	1   2 
 678	2   2   6 
 680	1   6 
 680	2   1   2 
 682	1   2 
 682	2   1   6 
 684	1   1 
 684	1   6 
 685	2   2   6 
 687	2   1   2 
 689	2   6   1 
 689	1   2 
 691	1   6 
 690	1   2 
 691	2   2   5 
 693	2   7   2 
 695	1   2 
 691	1   1 
 695	2   5   7 
 697	1   7 
 697	2   5   2 
 699	1   5 
 699	1   2 
 700	2   7   2 
 702	2   5   7 
 704	1   7 
 704	2   6   1 
 705	1   7 
 706	2   7   3 
 708	2  11   7 
 710	1   7 
 708	2   2   5 
 710	1   2 
 710	1   5 
 711	2   3  11 
 713	2   3   7 
 715	1   7 
 715	2   2   5 
 715	1   3 
 713	1  11 
 716	2  11   7 
 718	2   3  11 
 720	2   7   3 
 722	1   3 
 722	1   7 
 720	1  11 
 721	1  11 
 722	1  11 
 723	1   7 
 724	2   7   2 
 726	2   5   7 
 728	1   7 
 726	1   2 
 728	2   5   2 
 730	1   2 
 730	1   5 
 731	2   7   2 
 733	2   5   7 
 735	2   2   5 
 737	1   2 
 737	1   5 
 735	1   7 
 736	1   7 
 737	1   7 
 738	1   2 
 739	2   2   6 
 741	1   6 
 741	2   1   2 
 743	2   1   6 
 745	1   6 
 745	1   1 
 743	1   2 
 746	2   2   6 
 748	6   6   5 
 754	2   1   2 
 756	2   5   1 
 758	1   5 
 758	1   1 
 756	1   2 
 757	1   2 
 758	2   2   6 
 760	2   7   2 
 762	1   2 
 760	2   9   5 
 762	2   6   7 
 764	2   6   2 
 766	1   6 
 766	1   2 
 764	1   7 
 767	2   7   2 
 766	6   9   5 
 772	2   6   7 
 774	2   2   6 
 776	1   6 
 774	1   7 
 776	1   2 
 777	2   2   1 
 775	1   7 
 776	6  10   7 
 782	2  10   6 
 784	2  11  10 
 786	2   6  11 
 786	1  10 
 788	1  11 
 788	2   6  10 
 790	1  10 
 790	1   6 
 791	2  11  10 
 793	2   6  11 
 795	1  11 
 796	1  11 
 797	1  11 
 795	2  10   6 
 797	1   6 
 797	1  10 
 798	1  10 
 799	2  10   5 
 801	2   9  10 
 801	1   5 
 803	1  10 
 803	2   9   5 
 805	1   5 
 805	1   9 
 806	2  10   5 
 808	2   9  10 
 810	2   5   9 
 810	1  10 
 812	1   9 
 811	1  10 
 812	1  10 
 812	1   5 
 813	1   5 
 814	2   5   2 
 816	2   1   5 
 816	1   2 
 818	2   1   2 
 818	1   5 
 820	1   1 
 820	1   2 
 821	2   5   2 
 823	2   1   5 
 825	1   5 
 826	1   5 
 825	2   2   1 
 827	2   5   9 
 827	1   1 
 827	1   2 
 829	2  10   5 
 831	2   2   1 
 831	1   5 
 831	2   9  10 
 833	2   9   5 
 835	1   9 
 835	1   5 
 833	1  10 
 836	2  10   5 
 838	2   9  10 
 840	1  10 
 840	2   5   9 
 842	1   5 
 841	1  10 
 842	1   9 
 843	2   5   9 
 845	2  10   6 
 847	2  11  10 
 849	1  10 
 849	2   6  11 
 851	1  11 
 851	2   6  10 
 853	1   6 
 853	1  10 
 854	2  11  10 
 856	2   6  11 
 858	2  10   6 
 860	1   6 
 858	1  11 
 859	1  11 
 860	1  10 
 861	1  10 
 860	1  11 
 862	2  10   5 
 864	2   9  10 
 866	1  10 
 864	1   5 
 866	2   9   5 
 866	6  11   7 
 868	1   5 
 868	1   9 
 872	6   6   4 
 878	2  10   5 
 880	2   9  10 
 882	2   5   9 
 884	1   9 
 882	1  10 
 883	1  10 
 884	1  10 
 884	1   5 
 885	1   5 
 886	2   5   2 
 888	2   1   5 
 890	1   5 
 888	1   2 
 890	2   1   2 
 892	1   1 
 892	1   2 
 893	2   5   2 
 895	2   1   5 
 897	2   2   1 
 899	1   1 
 897	1   5 
 898	1   5 
 899	1   2 
 900	2   2   3 
 899	2   5   9 
 901	2  10   5 
 903	6  10   5 
 909	1  10 
 909	2   9   5 
 911	1   5 
 911	2   9  10 
 913	1   9 
 913	1  10 
 914	2   5  10 
 916	2   9   5 
 918	2  10   9 
 918	1   5 
 920	1  10 
 919	1   5 
 920	1   9 
 920	2   1   5 
 922	2  11   9 
 924	2   6  11 
 926	1  11 
 926	2   9   6 
 928	2   9  11 
 930	1   9 
 928	1   6 
 930	1  11 
 931	2   6  11 
 933	2   9   6 
 935	1   6 
 936	1   6 
 937	1   6 
 938	2   6   2 
 940	1   2 
 940	2   3   6 
 942	2   3   2 
 944	1   2 
 942	2  11   9 
 944	1  11 
 942	1   6 
 944	1   3 
 945	2   6   2 
 944	1   9 
 947	2   3   6 
 949	2   9  10 
 949	1   6 
 950	1   6 
 949	2   2   3 
 951	6   6   2 
 957	1   6 
 951	1   3 
 958	1   6 
 959	2   6   9 
 957	1   2 
 961	1   9 
 961	2  10   6 
 963	1   6 
 963	2  10   9 
 965	1  10 
 965	1   9 
 966	2   6   9 
 968	2  10   6 
 970	2   9  10 
 970	1   6 
 972	1   9 
 972	1  10 
 971	1   6 
 972	1   6 
 973	1   9 
 974	2   9   1 
 976	2   5   9 
 976	1   1 
 978	2   5   1 
 978	1   9 
 980	1   5 
 980	1   1 
 981	2   9   1 
 983	2   5   9 
 985	1   9 
 985	2   1   5 
 986	1   9 
 987	1   5 
 987	2   9  10 
 987	1   1 
 989	2   6   9 
 991	1   9 
 991	2  10   6 
 993	2  10   9 
 993	1   6 
 995	1   9 
 996	2   6   9 
 995	1  10 
 998	2  10   6 
1000	1   6 
1001	1   6 
1002	2   6   3 
1004	2   2   6 
1006	1   6 
1006	2   9  10 
1008	1  10 
1006	2   3   2 
1008	1   2 
1008	2   3   6 
1008	1   9 
1010	1   3 
1010	1   6 
1011	2   2   6 
1013	2   9  10 
1013	2   3   2 
1015	2   6   3 
1017	1   3 
1017	2   1   5 
1015	1   2 
1016	1   2 
1017	1   6 
1017	1   2 
1018	1   6 
1019	2   6   9 
1021	1   9 
1021	2  10   6 
1023	1   6 
1023	2  10   9 
1025	1  10 
1025	1   9 
1026	2   6   9 
1028	2  10   6 
1030	2   9  10 
1032	1  10 
1032	1   9 
1030	1   6 
1033	1   9 
1031	1   6 
1034	2   9   1 
1036	2   5   9 
1036	1   1 
1038	1   9 
1032	1   6 
1038	2   5   1 
1040	1   5 
1040	1   1 
1030	6   7   3 
1041	2   9   1 
1043	2   5   9 
1045	2   1   5 
1045	1   9 
1047	1   5 
1047	1   1 
1046	1   9 
1047	2   9  10 
1049	2   6   9 
1051	2   5   7 
1053	2   2   5 
1053	1   9 
1055	1   5 
1055	2   7   2 
1057	1   2 
1057	2   7   5 
1059	1   7 
1059	1   5 
1060	2   2   5 
1062	2   4   1 
1062	2  10   6 
1064	2  10   9 
1066	1  10 
1064	2   7   2 
1066	1   9 
1064	1   6 
1067	2   5   7 
1066	1   2 
1069	2   6   9 
1069	1   5 
1070	1   5 
1071	2   5   4 
1069	1   7 
1073	1   4 
1073	2   1   5 
1067	1   2 
1068	1   2 
1075	1   5 
1075	2   1   4 
1077	1   1 
1077	1   4 
1075	2  10   6 
1078	2   5   4 
1077	1   6 
1078	1   6 
1080	2   1   5 
1082	1   5 
1082	2   9  10 
1082	2   4   1 
1083	1   5 
1084	2   5   7 
1086	2   2   5 
1088	2   7   2 
1088	1   5 
1090	2   7   5 
1092	1   5 
1084	1  10 
1092	1   9 
1090	1   2 
1092	1   4 
1093	2   2   5 
1092	1   7 
1095	2   7   2 
1092	1   1 
1097	2   5   7 
1099	1   5 
1099	1   7 
1097	1   2 
1100	1   5 
1099	2   4   1 
1098	1   2 
1099	1   2 
1101	2   5   4 
1100	1   7 
1103	2   1   5 
1105	1   5 
1103	1   4 
1105	2   1   4 
1107	1   4 
1108	2   5   4 
1107	1   1 
1107	6   7   2 
1113	6   7   3 
1113	2   1   5 
1115	1   5 
1116	1   5 
1115	2   4   1 
1117	1   1 
1117	1   4 
1119	2  11   9 
1119	2   1   2 
1121	2   3   1 
1123	1   1 
1123	2  10   5 
1123	2   2   3 
1125	1   3 
1125	2   2   1 
1127	1   2 
1127	1   1 
1128	2   3   1 
1130	2   2   3 
1132	1   3 
1132	2   1   2 
1134	1   1 
1133	1   3 
1134	2   6   4 
1134	1   3 
1135	1   1 
1136	1   2 
1136	2   1   6 
1138	1   6 
1138	2   4   1 
1140	1   1 
1140	2   4   6 
1142	1   6 
1142	1   4 
1143	2   1   6 
1145	2   4   1 
1147	2   6   4 
1147	1   1 
1148	1   1 
1149	1   1 
1149	1   4 
1149	1   6 
1150	1   6 
1151	2   6  10 
1153	2   5   6 
1155	1   6 
1153	1  10 
1155	2   5  10 
1157	1   5 
1157	1  10 
1158	2   6  10 
1160	2   5   6 
1162	1   6 
1162	2  10   5 
1163	1   6 
1164	2   6   4 
1166	1   5 
1166	2   1   6 
1168	2   4   1 
1170	1   1 
1168	1   6 
1170	2   4   6 
1172	1   4 
1172	1   6 
1173	2   1   6 
1172	1  10 
1175	2   4   1 
1177	2   6   4 
1179	1   4 
1179	1   6 
1177	1   1 
1178	1   1 
1179	2   1   2 
1181	2   3   1 
1183	1   1 
1183	2  10   5 
1183	2   2   3 
1185	1   3 
1185	2   2   1 
1187	1   1 
1187	1   2 
1188	2   3   1 
1190	2   6   4 
1192	2   2   3 
1194	2   1   2 
1194	1   3 
1195	1   3 
1196	1   3 
1196	1   2 
1196	1   1 
1197	1   1 
1198	2   1   6 
1200	1   6 
1200	2   4   1 
1202	1   1 
1202	2   4   6 
1204	1   6 
1204	1   4 
1205	2   1   6 
1207	2   4   1 
1209	2   6   4 
1211	1   6 
1209	1   1 
1211	1   4 
1210	1   1 
1212	1   6 
1213	2   6  10 
1215	1  10 
1211	1   1 
1215	2   5   6 
1217	1   6 
1217	2   5  10 
1219	1   5 
1219	1  10 
1220	2   6  10 
1222	6  10   9 
1228	2   5   6 
1228	6  14  11 
1230	1   6 
1231	1   6 
1234	2   6   4 
1234	6  14  13 
1236	2   1   6 
1238	1   6 
1238	2   4   1 
1240	1   1 
1240	2   4   6 
1242	1   6 
1243	2   1   6 
1242	1   4 
1240	6  13  12 
1245	2   4   1 
1247	2   6   4 
1247	1   1 
1249	1   4 
1249	2   9   5 
1249	1   6 
1248	1   1 
1251	1   9 
1251	1   5 
1252	2   4   9 
1251	2   6   2 
1253	2   7   6 
1255	2   1   5 
1255	1   6 
1257	2   2   7 
1259	2   2   6 
1259	1   7 
1261	1   2 
1261	1   6 
1261	6  10   5 
1267	2   7   6 
1269	2   2   7 
1271	1   7 
1271	2   6   2 
1273	1   2 
1272	1   7 
1273	1   7 
1273	1   6 
1274	1   6 
1254	6  12   8 
1275	2   6   4 
1277	2   9   6 
1279	1   6 
1277	1   4 
1279	2   9   4 
1281	6   9   1 
1281	1   4 
1287	2   6   4 
1287	1   1 
1289	2   1   6 
1291	2   4   1 
1293	1   4 
1294	1   4 
1291	1   6 
1292	1   6 
1293	1   6 
1295	2   4   8 
1297	2   5   4 
1299	1   4 
1297	1   8 
1299	2   5   8 
1301	1   8 
1302	2   4   8 
1301	1   5 
1304	2   5   4 
1293	1   1 
1306	2   8   5 
1306	1   4 
1308	1   5 
1307	1   4 
1308	1   8 
1308	1   4 
1309	1   8 
1310	2   8   9 
1312	1   9 
1313	2  10   8 
1315	2  10   9 
1315	1   8 
1317	1   9 
1318	2   8   9 
1317	1  10 
1320	2  10   8 
1322	1   8 
1322	2   9  10 
1324	1  10 
1323	1   8 
1324	1   9 
1324	2   8   5 
1326	2   4   8 
1328	2   5   4 
1328	1   8 
1330	2   5   8 
1332	1   5 
1332	1   8 
1330	1   4 
1333	2   4   8 
1335	2   5   4 
1337	2   8   5 
1339	1   8 
1337	1   4 
1339	1   5 
1339	2   9  10 
1338	1   4 
1339	2   4   1 
1341	2   6   4 
1343	1   4 
1343	2   1   6 
1345	1   6 
1345	2   1   4 
1347	1   4 
1347	1   1 
1348	2   6   4 
1350	2   1   6 
1352	1   6 
1353	1   6 
1352	2   8   5 
1354	2   6   2 
1356	2   7   6 
1358	1   6 
1358	2   2   7 
1360	2   2   6 
1362	2   4   1 
1362	1   6 
1364	1   1 
1362	1   2 
1360	1   7 
1363	2   7   6 
1365	2   2   7 
1364	1   4 
1367	1   7 
1367	2   6   2 
1369	1   2 
1369	2   4   1 
1369	1   6 
1370	1   6 
1368	1   7 
1369	1   7 
1371	2   6   4 
1373	1   4 
1373	2   1   6 
1375	2   1   4 
1375	1   6 
1377	1   4 
1377	1   1 
1378	2   6   4 
1380	2   1   6 
1382	1   6 
1383	1   6 
1382	2   4   1 
1384	1   6 
1384	1   1 
1384	1   4 
1385	1   4 
1386	2   4   8 
1388	2   5   4 
1390	1   4 
1388	1   8 
1390	2   5   8 
1392	1   8 
1393	2   4   8 
1392	1   5 
1395	2   5   4 
1397	2   8   5 
1397	1   4 
1399	1   5 
1398	1   4 
1399	1   4 
1399	1   8 
1400	1   8 
1401	2   8   9 
1403	2  10   8 
1405	1   9 
1405	1   8 
1406	2  10   9 
1408	1  10 
1408	1   9 
1409	2   8   9 
1411	6  10   9 
1417	2   9   8 
1419	6   8   5 
1425	1   5 
1425	2  10   9 
1427	1   9 
1426	1   5 
1427	2   5   8 
1427	1  10 
1429	2  10   2 
1431	2   7  10 
1433	1  10 
1433	2   2   7 
1435	1   7 
1431	2   4   5 
1433	1   5 
1435	2   2  10 
1437	1   2 
1437	1  10 
1438	2   7  10 
1433	2   8   4 
1435	1   4 
1440	2   8   5 
1442	1   5 
1443	2   4   5 
1442	2   2   7 
1444	1   7 
1445	1   7 
1442	1   8 
1445	2   8   4 
1447	2   5   8 
1447	1   4 
1446	1   7 
1448	1   4 
1449	2   4   1 
1449	1   5 
1451	2   6   4 
1453	2  10   2 
1453	1   8 
1455	1  10 
1455	2   1   6 
1455	1   2 
1457	1   6 
1455	2   8   9 
1453	1   4 
1457	2   1   4 
1456	1  10 
1459	1   1 
1459	1   4 
1460	2   6   4 
1462	2   1   6 
1464	1   6 
1465	1   6 
1464	2   4   1 
1466	1   1 
1466	1   4 
1467	2   6   4 
1469	2  10   6 
1471	1   6 
1471	2   5   1 
1473	6   5   4 
1479	2   5  10 
1481	2   5   6 
1483	1   6 
1483	1   5 
1481	1  10 
1484	2  10   6 
1486	2   5  10 
1488	2   6   5 
1490	1   5 
1488	1  10 
1489	1  10 
1490	1  10 
1490	1   6 
1491	1   6 
1492	2   6   4 
1494	2   1   6 
1494	1   4 
1496	2   1   4 
1498	1   1 
1498	1   4 
1496	1   6 
1499	2   6   4 
1501	2   1   6 
1503	1   6 
1504	1   6 
1505	1   6 
1503	2   4   1 
1505	1   1 
1505	1   4 
1506	1   4 
1507	2   4   8 
1509	2   9   4 
1509	1   8 
1511	1   4 
1511	2   9   8 
1513	1   9 
1513	1   8 
1514	2   4   8 
1516	2   9   4 
1518	1   4 
1519	1   4 
1518	2   8   9 
1520	1   8 
1520	1   9 
1520	2   4   1 
1522	2   6   4 
1524	1   4 
1524	2   8   9 
1524	2   1   6 
1526	1   6 
1526	2   1   4 
1528	1   1 
1528	1   4 
1529	2   6   4 
1531	2   1   6 
1533	1   6 
1534	1   6 
1533	2   4   1 
1535	1   4 
1535	1   1 
1535	2   6   5 
1537	2   4   1 
1537	2  10   6 
1539	2   5  10 
1539	1   6 
1541	1  10 
1541	2   5   6 
1543	1   5 
1543	1   6 
1544	2  10   6 
1546	2   5  10 
1548	2   6   5 
1550	1   5 
1548	1  10 
1549	1  10 
1550	2  10   2 
1552	2   7  10 
1554	2   2   7 
1556	1   7 
1554	1  10 
1556	2   2  10 
1558	1   2 
1558	1  10 
1559	2   7  10 
1561	2   2   7 
1558	1   6 
1563	2  10   2 
1565	1   2 
1563	1   7 
1565	1  10 
1564	1   7 
1565	2   6   5 
1566	1  10 
1567	2  10   6 
1569	1   6 
1569	2   5  10 
1565	1   7 
1571	1  10 
1571	2   5   6 
1573	1   6 
1573	1   5 
1574	2  10   6 
1576	2   5  10 
1578	1  10 
1579	1  10 
1578	2   6   5 
1580	1   5 
1580	1  10 
1580	1   6 
1581	1   6 
1582	2   6   4 
1584	1   4 
1584	2   1   6 
1586	2   1   4 
1586	1   6 
1588	1   1 
1588	1   4 
1589	2   6   4 
1591	2   1   6 
1593	2   4   1 
1593	1   6 
1595	1   4 
1595	1   1 
1594	1   6 
1596	1   4 
1595	1   6 
1597	2   4   8 
1599	1   8 
1599	2   9   4 
1601	1   4 
1601	2   9   8 
1603	1   8 
1603	1   9 
1604	2   4   8 
1606	2   9   4 
1608	1   4 
1609	1   4 
1608	2   8   9 
1610	2   4   1 
1612	2   6   4 
1610	1   9 
1614	1   4 
1614	1   8 
1614	2   1   6 
1616	1   6 
1616	2   1   4 
1618	1   4 
1618	1   1 
1619	2   6   4 
1621	2   1   6 
1623	1   6 
1623	2   4   1 
1625	1   4 
1625	1   1 
1626	2   4   8 
1624	1   6 
1628	2   6   5 
1630	2  10   6 
1632	1   6 
1632	2   5  10 
1634	2   2   1 
1636	2   5   6 
1638	1   6 
1634	1  10 
1639	2  10   6 
1638	1   5 
1641	2   5  10 
1643	1  10 
1644	1  10 
1643	2   6   5 
1645	6  10   6 
1645	1   5 
1645	6   4   0 
1651	2   6   5 
1651	1  10 
1653	2   7   6 
1652	1  10 
1655	6   5   2 
1655	1   6 
1661	6   8   0 
1661	2   2   7 
1663	1   7 
1663	2   2   6 
1665	1   2 
1665	1   6 
1666	2   7   6 
1668	2  10   9 
1668	2   2   7 
1670	2   6   2 
1670	1   7 
1672	1   6 
1671	1   7 
1672	1   7 
1672	1   2 
1673	1   6 
1674	2   6   5 
1676	2   1   6 
1676	1   5 
1678	2   1   5 
1680	1   5 
1680	1   1 
1678	1   6 
1681	2   6   5 
1683	2   1   6 
1685	1   6 
1685	2   5   1 
1686	1   6 
1687	1   6 
1687	1   1 
1687	1   5 
1688	1   5 
1689	2   5   8 
1691	1   8 
1691	2   0   5 
1693	1   5 
1693	2   0   8 
1695	1   0 
1695	1   8 
1696	2   5   8 
1698	2   0   5 
1700	2   8   0 
1700	1   5 
1701	1   5 
1702	1   0 
1702	1   5 
1702	1   8 
1703	1   8 
1704	2   8  10 
1706	2   9   8 
1706	1  10 
1708	2   9  10 
1708	1   8 
1710	1   9 
1710	1  10 
1711	2   8  10 
1713	2   9   8 
1715	1   8 
1716	1   8 
1715	2  10   9 
1717	1  10 
1717	2   8   0 
1719	1   9 
1719	2   5   8 
1721	2   0   5 
1723	2  10   9 
1721	1   8 
1725	2   0   8 
1727	1   8 
1723	1   5 
1727	1   0 
1728	2   5   8 
1730	2   0   5 
1732	1   5 
1733	1   5 
1732	2   8   0 
1734	2   5   1 
1736	2   6   5 
1738	1   5 
1734	1   0 
1738	2   1   6 
1734	1   8 
1740	1   6 
1740	2   1   5 
1742	1   5 
1743	2   6   5 
1742	1   1 
1745	2   1   6 
1747	1   6 
1747	2   5   1 
1749	1   5 
1749	1   1 
1750	2   8   0 
1748	1   6 
1749	2   6   2 
1751	2   7   6 
1753	2   2   7 
1755	1   7 
1753	1   6 
1755	2   2   6 
1757	2   5   1 
1757	1   2 
1757	1   6 
1759	2   7   6 
1761	2   2   7 
1763	1   7 
1763	2   6   2 
1765	1   6 
1765	1   2 
1766	1   6 
1767	2   6   5 
1769	1   5 
1764	1   7 
1765	1   7 
1769	2   1   6 
1771	1   6 
1771	2   1   5 
1773	1   5 
1773	1   1 
1774	2   6   5 
1776	2   1   6 
1778	2   5   1 
1780	1   5 
1781	1   5 
1780	1   1 
1778	1   6 
1779	1   6 
1780	1   6 
1782	2   5   8 
1784	2   0   5 
1784	1   8 
1786	1   5 
1786	2   0   8 
1788	1   8 
1788	1   0 
1789	2   5   8 
1778	6   7   3 
1791	2   0   5 
1793	2   8   0 
1795	1   0 
1793	1   5 
1794	1   5 
1795	1   5 
1795	1   8 
1796	1   8 
1797	2   8  10 
1799	2   9   8 
1801	1   8 
1799	1  10 
1801	2   9  10 
1803	1  10 
1803	1   9 
1804	2   8  10 
1806	2   9   8 
1808	1   8 
1809	1   8 
1808	2  10   9 
1810	1  10 
1810	2   8   0 
1812	1   9 
1812	2   5   8 
1814	1   8 
1814	2   0   5 
1816	1   5 
1816	2   0   8 
1818	1   8 
1819	2   5   8 
1818	1   0 
1821	2   0   5 
1823	1   5 
1824	1   5 
1823	2   8   0 
1825	2   5   1 
1827	2   6   5 
1829	2   1   6 
1831	1   6 
1829	1   5 
1825	1   0 
1831	2   1   5 
1833	1   5 
1825	1   8 
1833	1   1 
1834	2   6   5 
1836	2   1   6 
1838	1   6 
1839	1   6 
1838	2   5   1 
1840	1   5 
1840	1   1 
1841	2   2   1 
1840	2   8  10 
1842	6  10   8 
1843	2   3   2 
1845	1   2 
1846	2   1   3 
1848	1   3 
1848	2   1   2 
1850	2   5   0 
1850	1   1 
1850	1   2 
1851	2   3   2 
1853	2   1   3 
1855	1   3 
1855	2   2   1 
1857	2   6   9 
1857	1   2 
1858	1   2 
1856	1   3 
1859	2   2   5 
1857	1   1 
1861	2   0   2 
1863	1   2 
1861	1   5 
1863	2   0   5 
1865	1   0 
1865	1   5 
1866	2   2   5 
1863	1   3 
1868	2   0   2 
1870	1   2 
1871	1   2 
1870	2   5   0 
1872	1   2 
1872	1   5 
1872	1   0 
1873	1   5 
1874	2   5  10 
1876	1  10 
1876	2   8   5 
1878	1   5 
1878	2   8  10 
1880	1   8 
1880	1  10 
1881	2   5  10 
1883	2   8   5 
1885	2  10   8 
1887	1  10 
1888	1  10 
1887	1   8 
1885	1   5 
1886	1   5 
1887	1   5 
1889	2  10   6 
1891	2   9  10 
1893	1  10 
1891	1   6 
1893	2   9   6 
1895	1   9 
1895	1   6 
1896	2  10   6 
1898	2   9  10 
1900	1  10 
1901	1  10 
1900	2   6   9 
1902	2  10   8 
1904	2   5  10 
1906	1  10 
1904	1   6 
1906	2   8   5 
1908	1   5 
1908	2   8  10 
1910	1   9 
1910	1   8 
1910	1  10 
1911	2   5  10 
1913	2   8   5 
1915	2   6   9 
1915	1   5 
1916	1   5 
1917	2   5   0 
1919	2   2   5 
1921	1   5 
1921	2   0   2 
1923	2   0   5 
1925	1   5 
1925	1   0 
1923	1   2 
1926	2   2   5 
1928	2   0   2 
1930	2   5   0 
1932	1   5 
1932	1   0 
1930	1   2 
1931	1   2 
1932	2  10   8 
1934	1  10 
1932	2   2   1 
1934	2   5   0 
1934	1   8 
1936	2  10   8 
1934	2   3   2 
1936	1   2 
1937	2   1   3 
1939	2   1   2 
1941	1   2 
1941	1   1 
1939	1   3 
1942	2   3   2 
1944	2   1   3 
1946	1   3 
1946	2   2   1 
1948	1   2 
1949	1   2 
1950	2   2   5 
1947	1   3 
1952	1   5 
1948	1   3 
1952	2   0   2 
1954	1   2 
1954	1   1 
1954	2   0   5 
1956	1   5 
1956	1   0 
1957	2   2   5 
1959	2   0   2 
1961	1   2 
1961	2   5   0 
1963	1   5 
1962	1   2 
1964	1   5 
1965	2   5  10 
1963	1   0 
1967	1  10 
1963	1   2 
1967	2   8   5 
1969	1   5 
1969	2   8  10 
1971	1   8 
1971	1  10 
1972	2   5  10 
1974	2   8   5 
1976	2  10   8 
1978	1  10 
1976	1   5 
1977	1   5 
1978	1   8 
1978	1   5 
1979	1  10 
1980	2  10   6 
1982	1   6 
1982	2   9  10 
1984	1  10 
1984	2   9   6 
1986	1   9 
1986	1   6 
1987	2  10   6 
1989	2   9  10 
1991	1  10 
1992	1  10 
1993	2  10   8 
1995	2   5  10 
1997	2   8   5 
1997	1  10 
1999	1   5 
1999	2   8  10 
2001	1  10 
2001	1   8 
2001	2   6   9 
2003	2   5  10 
2003	1   6 
2005	2   8   5 
2007	1   5 
2003	1   9 
2008	1   5 
2007	2  10   8 
2009	1  10 
2009	1   8 
2009	2   5   0 
2011	2   1   9 
2013	2   2   5 
2015	1   5 
2015	2   0   2 
2017	2   0   5 
2019	1   0 
2017	1   2 
2019	1   5 
2020	2   2   5 
2022	2   0   2 
2024	2   5   0 
2026	1   5 
2027	2   5   8 
2029	2   4   5 
2031	1   5 
2026	1   0 
2031	2   8   4 
2024	1   2 
2033	1   4 
2025	1   2 
2033	2   8   5 
2035	1   8 
2026	1   2 
2035	1   5 
2036	2   4   5 
2038	2   8   4 
2038	2   6   2 
2040	6   5   4 
2046	2   4   8 
2048	1   8 
2046	1   5 
2047	1   5 
2048	1   4 
2048	1   5 
2049	2   5   6 
2051	1   6 
2051	2   2   5 
2053	1   5 
2053	2   2   6 
2055	1   6 
2056	2   5   6 
2055	1   2 
2058	2   2   5 
2060	1   5 
2061	1   5 
2062	1   5 
2060	2   6   2 
2062	1   2 
2062	1   6 
2063	1   6 
2064	2   6   1 
2066	1   1 
2066	2   9   6 
2068	2   9   1 
2068	1   6 
2070	1   9 
2070	1   1 
2071	2   6   1 
2073	2   9   6 
2075	1   6 
2075	2   1   9 
2076	1   6 
2077	1   9 
2077	1   1 
2077	2   6   2 
2079	2   5   6 
2081	1   6 
2081	2   2   5 
2083	1   5 
2083	2   2   6 
2085	1   2 
2085	1   6 
2086	2   5   6 
2088	2   2   5 
2090	1   5 
2091	1   5 
2090	2   6   2 
2092	2   1   9 
2094	1   2 
2092	1   6 
2093	1   6 
2094	2   6   1 
2096	2   9   6 
2096	1   1 
2098	1   6 
2098	2   9   1 
2100	1   5 
2100	1   1 
2100	1   9 
2101	2   6   1 
2103	2   9   6 
2105	2   1   9 
2107	1   9 
2108	2   8   9 
2107	1   1 
2105	1   6 
2106	1   6 
2107	2   6   2 
2109	2   7   6 
2111	1   6 
2109	2   0   1 
2111	2   2   7 
2113	1   7 
2113	2   2   6 
2111	6   4   0 
2115	1   2 
2115	1   6 
2116	2   7   6 
2118	2   2   7 
2120	2   6   2 
2120	1   7 
2121	1   7 
2122	1   6 
2122	1   7 
2123	1   6 
2122	1   2 
2123	6  11   3 
2122	6   8   5 
2129	2   6   4 
2131	1   4 
2131	2   1   6 
2133	1   6 
2133	2   1   4 
2135	1   4 
2136	2   6   4 
2135	1   1 
2138	2   1   6 
2140	2   4   1 
2142	1   1 
2140	1   6 
2141	1   6 
2142	1   4 
2142	1   6 
2143	1   4 
2144	2   4   5 
2146	1   5 
2146	2   9   4 
2148	2   9   5 
2150	1   5 
2148	1   4 
2151	2   4   5 
2150	1   9 
2153	2   9   4 
2155	1   4 
2156	1   4 
2155	2   5   9 
2157	1   5 
2157	1   9 
2157	2   4   1 
2159	2   6   4 
2161	2   1   6 
2163	1   6 
2161	1   4 
2163	2   1   4 
2165	1   1 
2165	1   4 
2166	2   6   4 
2168	2   5   9 
2170	2   1   6 
2172	1   6 
2173	1   6 
2172	2   4   1 
2174	1   4 
2174	1   1 
2174	2   6   2 
2176	2   7   6 
2176	2   4   1 
2178	2   2   7 
2180	1   7 
2178	1   6 
2180	2   2   6 
2182	1   6 
2182	1   2 
2183	2   7   6 
2185	2   2   7 
2187	1   7 
2188	1   7 
2189	1   7 
2187	2   6   2 
2189	1   6 
2190	1   6 
2189	1   2 
2191	6   2   0 
2197	2   6   4 
2199	1   4 
2199	2   1   6 
2201	1   6 
2201	2   1   4 
2203	1   1 
2203	1   4 
2204	2   6   4 
2206	2   1   6 
2208	1   6 
2209	1   6 
2210	1   6 
2208	2   4   1 
2210	1   4 
2210	1   1 
2211	1   4 
2212	2   4   5 
2214	1   5 
2214	2   9   4 
2216	2   9   5 
2216	1   4 
2218	1   5 
2219	2   4   5 
2218	1   9 
2221	2   9   4 
2223	2   5   9 
2225	1   5 
2225	1   9 
2223	1   4 
2224	1   4 
2225	2   4   1 
2227	2   6   4 
2229	2   1   6 
2231	1   6 
2229	1   4 
2231	2   1   4 
2233	1   1 
2233	1   4 
2234	2   6   4 
2236	2   1   6 
2238	2   5   2 
2238	1   6 
2239	1   6 
2240	2   6  10 
2240	2   4   1 
2242	1   4 
2242	2  11   6 
2244	2  10  11 
2246	1  11 
2243	2   4   0 
2242	1   1 
2244	1   6 
2246	2  10   6 
2248	1  10 
2248	1   6 
2249	2  11   6 
2251	2  10  11 
2253	2   6  10 
2253	1  11 
2254	1  11 
2255	1   6 
2256	1   6 
2255	2   1   9 
2257	1  10 
2255	1  11 
2257	2   6   5 
2259	1   5 
2259	2   2   6 
2261	2   2   5 
2263	1   2 
2261	1   6 
2263	1   5 
2264	2   6   5 
2266	2   2   6 
2268	1   6 
2269	1   6 
2270	1   6 
2268	2   5   2 
2270	1   5 
2270	1   2 
2271	1   5 
2272	2   5   4 
2274	2   0   5 
2274	1   4 
2276	1   5 
2276	2   0   4 
2278	1   4 
2279	2   5   4 
2278	1   0 
2281	2   0   5 
2283	1   5 
2284	1   5 
2285	1   5 
2283	2   4   0 
2285	1   0 
2285	1   4 
2286	1   4 
2287	2   4   1 
2289	2   9   4 
2289	1   1 
2291	1   4 
2291	2   9   1 
2293	1   9 
2293	1   1 
2294	2   4   1 
2296	2   9   4 
2298	1   4 
2298	2   1   9 
2299	1   4 
2300	1   1 
2300	2   4   0 
2300	1   9 
2302	2   5   4 
2304	2   0   5 
2306	1   5 
2304	1   4 
2306	2   0   4 
2308	1   0 
2308	1   4 
2309	2   5   4 
2311	2   0   5 
2313	1   5 
2313	2   4   0 
2315	1   4 
2314	1   5 
2315	1   0 
2315	2   5   2 
2317	2   6   5 
2319	1   5 
2319	2   2   6 
2319	2   4   0 
2321	1   6 
2321	2   2   5 
2323	1   2 
2323	1   5 
2324	2   6   5 
2326	2   2   6 
2328	2   5   2 
2330	1   5 
2328	1   6 
2330	1   2 
2329	1   6 
2330	2   6  10 
2332	2  11   6 
2334	2   5   2 
2334	1   6 
2334	2  10  11 
2336	1  11 
2336	2  10   6 
2338	1  10 
2338	1   6 
2339	2  11   6 
2341	2  10  11 
2343	1  11 
2344	1  11 
2343	2   6  10 
2345	2   1   9 
2347	1  10 
2345	1  11 
2345	1   6 
2346	1   6 
2347	2   6   5 
2349	1   5 
2349	2   2   6 
2351	1   6 
2351	2   2   5 
2353	1   5 
2353	1   2 
2354	2   6   5 
2356	2   2   6 
2358	2   5   2 
2360	1   5 
2360	1   2 
2358	1   6 
2359	1   6 
2361	1   5 
2362	2   5   4 
2360	1   6 
2364	1   4 
2364	2   0   5 
2366	1   5 
2366	2   0   4 
2368	1   4 
2369	2   5   4 
2368	1   0 
2371	2   0   5 
2373	2   4   0 
2373	1   5 
2375	1   0 
2374	1   5 
2375	1   4 
2376	1   4 
2375	1   5 
2377	2   4   1 
2379	1   1 
2379	2   9   4 
2381	2   9   1 
2381	1   4 
2383	1   1 
2383	1   9 
2384	2   4   1 
2386	2   9   4 
2388	1   4 
2389	1   4 
2390	2   4   0 
2392	2   5   4 
2394	1   4 
2394	2   0   5 
2396	2   0   4 
2398	1   4 
2398	1   0 
2396	1   5 
2399	2   5   4 
2401	2   0   5 
2403	2   4   0 
2405	1   4 
2405	1   0 
2403	1   5 
2404	1   5 
2405	2   5   2 
2407	2   6   5 
2409	2   4   0 
2409	1   5 
2409	2   2   6 
2411	1   6 
2411	2   2   5 
2413	1   5 
2413	1   2 
2414	2   6   5 
2416	2   2   6 
2418	2   1   9 
2420	1   1 
2418	1   6 
2420	1   9 
2419	1   6 
2420	2   6  10 
2422	6   2   0 
2428	2  11   6 
2430	1   6 
2430	2   5   0 
2432	1   5 
2432	1   0 
2433	2   0   1 
2430	2  10  11 
2432	2  10   6 
2434	1  10 
2434	1   6 
2432	1  11 
2435	2  11   6 
2437	2  10  11 
2439	1  11 
2439	2   6  10 
2440	1  11 
2437	6   4   1 
2441	1  10 
2441	1   6 
2442	1   6 
2441	1  11 
2443	2   6   1 
2445	1   1 
2445	2   2   6 
2447	1   6 
2447	2   5   9 
2449	6   9   8 
2449	2   2   1 
2451	1   2 
2451	1   1 
2452	2   6   1 
2454	2   2   6 
2456	1   6 
2456	2   1   2 
2457	1   6 
2455	6  12   9 
2458	1   2 
2458	1   6 
2458	1   1 
2459	1   1 
2460	2   1   0 
2462	2   4   1 
2464	1   1 
2462	1   0 
2464	2   4   0 
2466	1   4 
2466	1   0 
2467	2   1   0 
2469	2   4   1 
2471	1   1 
2472	1   1 
2473	1   1 
2471	2   0   4 
2473	1   4 
2473	1   0 
2458	6   7   3 
2474	1   0 
2475	2   0   5 
2477	2   8   0 
2477	1   5 
2479	2   8   5 
2479	1   0 
2481	1   5 
2481	1   8 
2482	2   0   5 
2484	2   8   0 
2486	1   0 
2486	2   5   8 
2488	1   8 
2487	1   0 
2488	1   5 
2488	2   0   4 
2490	2   1   0 
2492	2   5   8 
2494	2   4   1 
2496	1   1 
2492	1   0 
2496	2   4   0 
2498	1   4 
2498	1   0 
2499	2   1   0 
2501	2   4   1 
2503	2   0   4 
2503	1   1 
2505	1   4 
2504	1   1 
2505	2   1   2 
2507	2   6   1 
2505	1   0 
2509	2   0   4 
2509	1   1 
2509	2   2   6 
2511	1   6 
2511	2   2   1 
2513	1   2 
2513	1   1 
2514	2   6   1 
2516	2   2   6 
2518	1   6 
2519	1   6 
2518	2   1   2 
2520	2   6  10 
2522	2  11   6 
2524	1   6 
2520	1   2 
2520	1   1 
2524	2   1   2 
2524	2  10  11 
2526	1  11 
2526	2  10   6 
2528	1  10 
2528	1   6 
2529	2  11   6 
2531	2  10  11 
2533	2   6  10 
2535	1  10 
2533	1  11 
2534	1  11 
2535	1   6 
2536	1   6 
2537	2   6   1 
2539	1   1 
2535	1  11 
2539	2   2   6 
2541	2   2   1 
2543	1   2 
2543	1   1 
2541	1   6 
2544	2   6   1 
2546	2   2   6 
2548	2   1   2 
2550	1   1 
2550	1   2 
2548	1   6 
2551	1   1 
2549	1   6 
2552	2   1   0 
2550	1   6 
2548	6  10   9 
2554	2   4   1 
2554	1   0 
2556	2   4   0 
2556	1   1 
2558	1   4 
2558	1   0 
2559	2   1   0 
2561	2   4   1 
2563	2   0   4 
2563	1   1 
2565	1   4 
2564	1   1 
2565	1   1 
2565	1   0 
2566	1   0 
2567	2   0   5 
2569	1   5 
2569	2   8   0 
2571	1   0 
2571	2   8   5 
2573	1   8 
2573	1   5 
2574	2   0   5 
2576	2   8   0 
2578	2   5   8 
2580	1   8 
2580	1   5 
2578	1   0 
2579	1   0 
2580	2   0   4 
2582	2   1   0 
2584	2   4   1 
2584	1   0 
2586	1   1 
2586	2   4   0 
2588	1   4 
2588	1   0 
2588	6   9   8 
2589	2   1   0 
2594	2   4   1 
2596	2   0   4 
2598	1   4 
2598	1   0 
2596	1   1 
2597	1   1 
2598	2   1   2 
2600	2   6   1 
2602	1   1 
2602	2   2   6 
2604	1   6 
2604	2   2   1 
2606	1   2 
2606	1   1 
2607	2   6   1 
2609	2   2   6 
2611	1   6 
2611	2   1   2 
2613	1   2 
2613	1   1 
2612	1   6 
2613	1   6 
2614	2   2   6 
2613	6   4   0 
2616	2  10   2 
2618	2   6  10 
2618	1   2 
2620	1  10 
2620	2   6   2 
2622	1   2 
2622	1   6 
2623	2  10   2 
2625	2   6  10 
2627	1  10 
2625	2   1   0 
2628	1  10 
2627	2   3   1 
2629	1   1 
2629	2   2   6 
2629	1  10 
2631	6   2   0 
2637	1   6 
2637	1   0 
2637	2   2   3 
2639	1   3 
2639	2   2   1 
2641	1   1 
2641	1   2 
2642	2   3   1 
2644	6   5   0 
2644	2   2   3 
2650	2   1   2 
2646	1   3 
2652	1   2 
2652	2   5   0 
2647	1   3 
2648	1   3 
2652	1   1 
2653	1   1 
2654	2   1   5 
2656	2   0   1 
2658	1   1 
2656	2   6   9 
2656	1   5 
2658	2   0   5 
2660	1   0 
2660	1   5 
2661	2   1   5 
2663	2   0   1 
2665	1   1 
2666	1   1 
2667	1   1 
2665	2   5   0 
2667	1   0 
2667	1   5 
2668	1   5 
2669	2   5   6 
2671	2   9   5 
2671	1   6 
2673	1   5 
2673	2   9   6 
2675	1   6 
2675	1   9 
2676	2   5   6 
2678	2   9   5 
2680	1   5 
2681	1   5 
2680	2   6   9 
2682	2   5   0 
2684	2   1   5 
2682	1   6 
2686	2   0   1 
2688	1   1 
2682	1   9 
2686	2   6   9 
2686	1   5 
2688	2   0   5 
2690	1   5 
2691	2   1   5 
2690	1   0 
2693	2   0   1 
2695	2   5   0 
2695	1   1 
2696	1   1 
2697	1   5 
2697	1   0 
2697	2   1   2 
2699	2   3   1 
2701	2   5   0 
2701	1   1 
2701	2   2   3 
2703	2   2   1 
2703	1   3 
2705	1   2 
2705	1   1 
2706	2   3   1 
2708	2   2   3 
2710	1   3 
2711	1   3 
2712	1   3 
2710	2   1   2 
2712	1   1 
2713	1   1 
2712	1   2 
2714	2   1   5 
2716	1   5 
2716	2   0   1 
2718	2   0   5 
2718	1   1 
2720	6   2   0 
2720	1   5 
2726	2   1   5 
2726	1   2 
2728	2   2   1 
2730	2   5   2 
2732	1   5 
2733	1   5 
2730	1   1 
2734	2   5   6 
2732	1   2 
2731	1   1 
2736	1   6 
2736	2   9   5 
2732	1   1 
2738	1   5 
2738	2   9   6 
2740	1   9 
2740	1   6 
2741	2   5   6 
2743	2   9   5 
2745	2   6   9 
2747	1   6 
2745	1   5 
2747	1   9 
2746	1   5 
2747	2   5   2 
2749	2   1   5 
2751	1   5 
2751	2   2   1 
2753	1   1 
2753	2   2   5 
2755	1   2 
2755	2   6   9 
2755	1   5 
2757	2   1   5 
2759	2   2   1 
2761	2   5   2 
2761	1   1 
2762	1   1 
2763	6   1   0 
2763	1   5 
2763	1   2 
2763	6  10   9 
2769	2   2   1 
2771	2   0   4 
2771	2   3   2 
2773	6   9   8 
2773	1   2 
2774	2   1   3 
2776	1   3 
2776	2   1   2 
2778	1   2 
2778	1   1 
2779	2   3   2 
2781	2   1   3 
2783	1   3 
2784	1   3 
2785	1   3 
2783	2   2   1 
2785	1   1 
2785	1   2 
2786	1   2 
2787	2   2   6 
2789	1   6 
2790	2  10   2 
2792	1   2 
2792	2  10   6 
2794	1   6 
2794	1  10 
2795	2   2   6 
2797	2  10   2 
2799	1   2 
2800	1   2 
2801	2   2   1 
2803	2   6  10 
2805	1   6 
2805	1  10 
2805	2   3   2 
2807	2   1   3 
2809	2   6  10 
2809	1   3 
2809	1   2 
2811	2   1   2 
2813	1   2 
2813	1   1 
2814	2   3   2 
2816	2   1   3 
2818	6   5   2 
2818	1   3 
2824	2   5   1 
2819	1   3 
2820	1   3 
2818	6  11   7 
2826	1   5 
2826	1   1 
2826	6   9   6 
2827	1   5 
2832	2   2   1 
2834	2   5   9 
2836	1   9 
2836	2  10   5 
2838	1   5 
2838	2  10   9 
2840	1  10 
2840	1   9 
2841	2   5   9 
2843	2  10   5 
2845	1   5 
2846	1   5 
2847	2   5   6 
2849	2   7   5 
2851	2   6   7 
2853	1   7 
2851	1   5 
2853	2   6   5 
2855	1   5 
2855	1   6 
2855	2   9  10 
2857	1  10 
2857	2   7   5 
2859	2   6   7 
2861	2   5   6 
2863	1   5 
2864	1   5 
2861	1   7 
2863	1   6 
2862	1   7 
2863	1   7 
2859	1   9 
2863	2   9  10 
2865	2   5   0 
2867	1   0 
2867	2   4   5 
2869	6   9   6 
2869	2   4   0 
2871	1   4 
2871	1   0 
2869	1   5 
2875	2   5   0 
2877	6  10   7 
2877	2   4   5 
2879	1   5 
2879	2   0   4 
2881	1   4 
2880	1   5 
2881	1   5 
2881	1   0 
2882	1   0 
2883	2   0   2 
2885	1   2 
2885	2   1   0 
2887	2   1   2 
2887	1   0 
2889	1   2 
2889	1   1 
2890	2   0   2 
2892	2   1   0 
2894	1   0 
2895	1   0 
2896	1   0 
2894	2   2   1 
2896	1   1 
2896	1   2 
2897	1   2 
2898	2   2   6 
2900	2   7   2 
2900	1   6 
2902	2   7   6 
2904	1   7 
2904	1   6 
2902	1   2 
2905	2   2   6 
2907	2   7   2 
2909	1   2 
2909	2   6   7 
2911	1   7 
2910	1   2 
2911	2   2   1 
2911	1   6 
2913	2   0   2 
2915	2   1   0 
2917	1   0 
2915	1   2 
2917	2   1   2 
2919	1   2 
2919	1   1 
2920	2   0   2 
2922	2   1   0 
2924	1   0 
2925	1   0 
2924	2   2   1 
2926	2   6   7 
2926	1   1 
2926	1   2 
2926	2   0   4 
2928	2   2   1 
2930	2   5   0 
2932	1   0 
2932	2   4   5 
2934	1   5 
2934	2   4   0 
2936	1   4 
2936	1   0 
2937	2   5   0 
2939	2   4   5 
2941	2   0   4 
2941	1   5 
2942	1   5 
2943	1   4 
2943	2   5   9 
2943	1   0 
2945	2  10   5 
2947	2   0   4 
2947	1   5 
2947	2   9  10 
2949	1  10 
2949	2   9   5 
2951	1   9 
2951	1   5 
2952	2  10   5 
2954	2   9  10 
2956	2   5   9 
2956	1  10 
2957	1  10 
2958	1   9 
2958	1   5 
2959	1   5 
2958	1  10 
2960	2   5   0 
2962	2   4   5 
2964	1   5 
2962	1   0 
2964	2   4   0 
2966	1   0 
2967	2   5   0 
2966	1   4 
2969	2   4   5 
2971	1   5 
2972	1   5 
2971	2   0   4 
2973	1   5 
2973	1   4 
2973	1   0 
2973	6   9   8 
2974	1   0 
2975	2   0   2 
2977	1   2 
2977	2   1   0 
2979	6  10   9 
2979	1   0 
2979	2   1   2 
2981	1   2 
2981	1   1 
2982	2   0   2 
2984	2   1   0 
2986	2   2   1 
2986	1   0 
2987	1   0 
2988	6   5   0 
2988	1   1 
2988	1   2 
2994	1   5 
2989	1   2 
2994	2   2   6 
2996	2   7   2 
2998	1   2 
2996	1   6 
2998	2   7   6 
3000	1   6 
3000	1   7 
3001	2   2   6 
3003	2   7   2 
3005	1   2 
3005	2   6   7 
3007	1   7 
3007	1   6 
3006	1   2 
3007	2   2   1 
3009	2   5   2 
3011	1   2 
3011	2   1   5 
3013	1   5 
3013	2   1   2 
3015	1   2 
3015	1   1 
3016	2   5   2 
3018	2   1   5 
3020	1   5 
3020	2   2   1 
3022	1   1 
3021	1   5 
3022	2   5   4 
3022	1   2 
3024	2   0   5 
3026	1   5 
3026	2   6   7 
3026	2   4   0 
3028	2   4   5 
3030	1   4 
3030	2   2   1 
3030	1   5 
3028	1   0 
3032	2   0   5 
3034	2   4   0 
3036	2   5   4 
3038	1   4 
3036	1   0 
3038	1   5 
3037	1   0 
3039	2   5   8 
3041	2   9   5 
3043	2   8   9 
3045	1   9 
3043	1   5 
3045	2   8   5 
3047	1   8 
3047	1   5 
3047	2   4   0 
3049	2   9   5 
3051	2   8   9 
3051	6   2   0 
3057	2   5   8 
3053	1   9 
3059	1   5 
3054	1   9 
3060	1   5 
3059	1   8 
3055	1   9 
3059	6   4   1 
3065	2   5   0 
3067	1   0 
3067	2   4   5 
3069	2   4   0 
3071	1   0 
3069	1   5 
3071	1   4 
3072	2   5   0 
3074	2   4   5 
3057	6   7   3 
3059	6  13  12 
3076	1   5 
3077	1   5 
3078	1   5 
3076	2   0   4 
3078	1   4 
3078	1   0 
3079	1   0 
3080	2   0   1 
3082	2   2   0 
3084	1   0 
3084	1   1 
3085	2   2   1 
3087	1   2 
3087	1   1 
3088	2   0   1 
3090	2   2   0 
3092	1   0 
3092	2   1   2 
3093	1   0 
3094	1   2 
3094	1   0 
3094	1   1 
3095	1   1 
3096	2   1   6 
3098	1   6 
3098	2   3   1 
3100	1   1 
3100	2   3   6 
3102	1   6 
3103	2   1   6 
3102	1   3 
3105	2   3   1 
3107	1   1 
3108	1   1 
3109	2   1   2 
3111	2   6   3 
3111	2   0   1 
3113	1   3 
3113	1   6 
3113	1   1 
3114	2   2   0 
3116	1   0 
3116	2   2   1 
3118	1   2 
3118	1   1 
3119	2   0   1 
3121	2   2   0 
3123	1   0 
3124	1   0 
3123	2   1   2 
3125	2   6   3 
3125	1   1 
3125	1   2 
3125	2   0   4 
3127	2   5   0 
3129	1   0 
3129	2   4   5 
3131	2   4   0 
3133	1   0 
3133	1   4 
3131	1   5 
3134	2   5   0 
3136	2   4   5 
3138	1   5 
3138	2   0   4 
3139	1   5 
3140	2   5   8 
3142	2   9   5 
3144	2   8   9 
3140	1   4 
3146	1   9 
3144	2   1   2 
3144	1   5 
3146	2   8   5 
3148	1   8 
3148	1   5 
3149	2   9   5 
3140	1   0 
3151	2   8   9 
3153	2   5   8 
3155	1   5 
3156	1   5 
3155	2   0   4 
3153	1   9 
3157	2   5   0 
3159	2   4   5 
3159	1   0 
3161	1   5 
3161	2   4   0 
3163	1   4 
3163	1   0 
3164	2   5   0 
3166	2   4   5 
3168	1   5 
3168	2   0   4 
3169	1   5 
3170	1   0 
3171	1   0 
3170	1   4 
3172	2   0   1 
3174	1   1 
3170	1   5 
3175	2   2   0 
3177	1   0 
3177	2   2   1 
3179	1   1 
3179	1   2 
3180	2   0   1 
3182	2   2   0 
3184	2   1   2 
3186	1   2 
3186	1   1 
3187	1   1 
3184	1   0 
3185	1   0 
3186	1   0 
3188	2   1   6 
3190	1   6 
3190	2   3   1 
3192	1   1 
3192	2   3   6 
3194	1   3 
3194	1   6 
3195	2   1   6 
3197	2   3   1 
3199	1   1 
3200	1   1 
3199	2   6   3 
3201	1   3 
3201	2   1   2 
3203	6   6   3 
3203	2   0   1 
3209	2   2   0 
3211	1   1 
3211	1   0 
3211	6  10   8 
3212	2   2   1 
3214	1   1 
3215	2   0   1 
3214	1   2 
3217	2   2   0 
3219	2   1   2 
3219	1   0 
3220	1   0 
3221	2   0   4 
3223	2   5   0 
3225	1   0 
3225	2   4   5 
3227	6   9   6 
3227	1   5 
3227	2   4   0 
3229	1   0 
3233	2   5   0 
3229	1   4 
3235	2   4   5 
3237	2   0   4 
3237	1   5 
3239	6  13   5 
3245	6   7   6 
3245	1   4 
3246	2   4  12 
3248	1   4 
3249	2   4   9 
3251	2   8   4 
3253	1   4 
3253	2   9   8 
3255	2   9   4 
3257	1   9 
3257	1   4 
3255	1   8 
3258	2   8   4 
3260	2   9   8 
3262	1   8 
3262	2   4   9 
3264	1   4 
3264	1   9 
3265	2   4   9 
3267	2   5   4 
3269	2   9   5 
3271	1   5 
3269	1   4 
3271	2   9   4 
3273	1   9 
3273	1   4 
3274	2   5   4 
3276	2   9   5 
3278	1   5 
3278	2   4   9 
3280	1   4 
3280	1   9 
3281	2   4   9 
3283	2   6   4 
3285	1   4 
3285	2   9   6 
3287	1   6 
3287	2   9   4 
3289	1   4 
3290	2   6   4 
3289	1   9 
3292	2   9   6 
3294	1   6 
3294	2   4   9 
3296	1   9 
3297	2   9  12 
3299	2   9   8 
3301	2   9   5 
3303	2   9   6 
