   1	1   8 
   2	1   8 
   1	1   3 
   2	1   3 
   1	1   4 
   2	1   4 
   1	1  10 
   1	1   1 
   1	1   2 
   1	1   0 
   1	1   6 
   1	1   5 
   1	1   9 
   2	2   0   5 
   4	2   4   0 
   6	1   0 
   6	2   5   4 
   8	1   4 
   8	2   5   0 
  10	1   0 
  10	1   5 
  11	2   4   0 
  10	6   9   6 
  16	2   5   4 
  18	1   4 
  19	1   4 
  20	1   4 
  18	2   0   5 
  20	1   0 
  20	1   5 
  21	2   0   5 
  23	2   8   0 
  25	1   0 
  25	2   5   8 
  27	1   8 
  27	2   5   0 
  29	1   0 
  29	1   5 
  30	2   8   0 
  32	2   5   8 
  34	1   8 
  35	1   8 
  36	1   8 
  34	2   0   5 
  36	1   5 
  37	2   5   9 
  39	2   4   5 
  41	1   5 
  41	2   9   4 
  43	1   4 
  43	2   9   5 
  45	1   5 
  45	1   9 
  46	2   4   5 
  48	2   9   4 
  50	1   4 
  51	1   4 
  52	1   4 
  50	2   5   9 
  52	1   5 
  52	1   9 
  53	2   5   9 
  55	2   8   5 
  57	1   5 
  57	2   9   8 
  59	1   8 
  59	2   9   5 
  61	1   5 
  62	2   8   5 
  61	1   9 
  16	6   3   2 
  64	2   9   8 
  66	1   8 
  67	1   8 
  68	1   8 
  66	2   5   9 
  68	1   5 
  68	1   9 
  69	2   1   5 
  71	2   2   1 
  73	1   1 
  73	2   5   2 
  75	1   2 
  75	2   5   1 
  77	1   1 
  78	2   2   1 
  77	1   5 
  80	2   5   2 
  82	1   2 
  82	2   1   5 
  84	1   1 
  84	1   5 
  85	1   5 
  85	2   1   6 
  87	2   4   1 
  89	1   1 
  89	2   6   4 
  91	1   4 
  91	2   6   1 
  93	1   1 
  93	1   6 
  91	6   9   8 
  97	2   4   1 
  99	2   6   4 
 101	2   1   6 
 101	1   4 
 103	1   1 
 103	1   6 
 104	2   1   6 
 106	2   9   1 
 108	1   1 
 108	2   0   4 
 108	2   6   9 
 110	1   9 
 110	2   0   2 
 112	6   6   4 
 118	1   2 
 119	1   2 
 118	1   6 
 119	1   6 
 118	1   0 
 118	2   4   1 
 120	1   1 
 120	1   4 
 120	6   3   2 
 120	6   8   5 
 126	2   9   1 
 128	2   4   9 
 130	1   9 
 131	1   9 
 132	1   9 
 130	2   1   4 
 132	1   4 
 132	1   1 
 133	2   1   2 
 135	2   6   1 
 137	1   1 
 137	2   2   6 
 139	1   6 
 139	2   2   1 
 141	1   1 
 141	1   2 
 142	2   6   1 
 144	2   2   6 
 146	1   6 
 147	1   6 
 146	2   1   2 
 148	6   7   5 
 154	1   6 
 154	1   1 
 148	1   2 
 154	2   2   7 
 156	2   6   2 
 154	6   9   4 
 158	2   7   6 
 160	1   6 
 158	1   2 
 160	2   7   2 
 162	6  11   9 
 162	1   2 
 162	2   1   0 
 168	2   6   2 
 168	1   7 
 168	6   9   8 
 170	2   7   6 
 172	1   6 
 173	1   6 
 172	2   2   7 
 174	1   7 
 174	1   2 
 174	1   6 
 175	2   2   7 
 177	2   3   2 
 174	6   5   4 
 179	1   2 
 179	2   7   3 
 181	1   3 
 181	2   7   2 
 183	1   2 
 183	1   7 
 184	2   3   2 
 186	2   7   3 
 188	2   2   7 
 188	1   3 
 189	1   3 
 190	1   3 
 190	1   7 
 190	1   2 
 191	2  11   7 
 193	2   6  11 
 195	1  11 
 195	2   7   6 
 197	1   6 
 197	2   7  11 
 199	1  11 
 200	2   6  11 
 199	1   7 
 202	2   7   6 
 204	1   6 
 204	2  11   7 
 205	1   6 
 206	1   6 
 206	1  11 
 207	2  11   9 
 209	1   7 
 209	2   6  11 
 211	1  11 
 211	2   9   6 
 213	1   6 
 213	2   7  10 
 215	2   9  11 
 217	1  11 
 217	1   9 
 218	2   6  11 
 220	6   7   5 
 226	2   9   6 
 228	6   9   6 
 234	1   9 
 235	1   9 
 236	1   9 
 234	2  11   6 
 236	1   6 
 236	1  11 
 237	2  11   6 
 239	2   7  11 
 239	2   9   5 
 241	1  11 
 241	1   5 
 241	2   6   7 
 243	1   7 
 243	2   6  11 
 245	1  11 
 245	2  10   9 
 247	1   9 
 245	1   6 
 247	2  10   5 
 249	2   7  11 
 249	1  10 
 249	1   5 
 250	2   9   5 
 252	2  10   9 
 254	1   9 
 255	1   9 
 256	1   9 
 254	2   6   7 
 256	1   7 
 256	2  11   6 
 257	1   7 
 258	1   7 
 258	1  11 
 258	2   5  10 
 260	1  10 
 258	1   6 
 260	1   5 
 261	1   5 
 260	2   2   6 
 262	2   5   2 
 264	1   2 
 264	2   6   5 
 266	1   5 
 266	2   6   2 
 268	1   6 
 268	1   2 
 269	2   5   2 
 271	2   6   5 
 273	1   5 
 274	1   5 
 273	2   2   6 
 275	2   5  10 
 275	1   2 
 275	1   6 
 277	2   9   5 
 279	1   5 
 279	2  10   9 
 281	1   9 
 281	2  10   5 
 283	1  10 
 283	1   5 
 283	2   2   6 
 285	2   9   5 
 287	2  10   9 
 289	2   5  10 
 289	1   9 
 290	1   9 
 291	2   9  11 
 293	6  11   3 
 293	1   5 
 299	1  10 
 294	1   5 
 299	2   5   2 
 301	2   6   5 
 303	1   5 
 301	1   2 
 303	2   6   2 
 305	1   6 
 305	1   2 
 306	2   5   2 
 308	2   6   5 
 310	1   5 
 311	1   5 
 310	2   2   6 
 312	2   5  10 
 314	2   7   5 
 312	1   2 
 316	1   5 
 316	1   6 
 316	2  10   7 
 318	1   7 
 318	2  10   5 
 320	1  10 
 320	1   5 
 321	2   7   5 
 323	2  10   7 
 325	1   7 
 325	2   5  10 
 326	1   7 
 327	1   7 
 327	1  10 
 327	2   2   6 
 327	1   5 
 328	1   5 
 329	2   5   2 
 331	2   6   5 
 331	1   2 
 333	1   5 
 333	2   6   2 
 335	1   2 
 335	1   6 
 336	2   5   2 
 338	2   6   5 
 340	2   2   6 
 342	1   2 
 342	1   6 
 343	2   2   6 
 340	1   5 
 341	1   5 
 345	2   5  10 
 347	2   7   5 
 349	2  10   7 
 351	1   7 
 349	1   5 
 351	2  10   5 
 353	1   5 
 354	2   7   5 
 353	1  10 
 356	2  10   7 
 358	2   5  10 
 358	1   7 
 360	1  10 
 359	1   7 
 360	1   7 
 360	1   5 
 361	1   5 
 362	2   5   2 
 364	1   2 
 364	2   6   5 
 366	2   6   2 
 368	1   2 
 366	1   5 
 369	2   5   2 
 368	1   6 
 371	2   6   5 
 373	2   2   6 
 375	1   2 
 375	1   6 
 373	1   5 
 376	2   2  10 
 378	2   7   2 
 380	1   2 
 374	1   5 
 380	2  10   7 
 382	2  10   2 
 382	1   7 
 384	6   9   6 
 384	1   2 
 390	2   9   5 
 390	2   7   2 
 384	1  10 
 392	2  10   7 
 394	1   7 
 395	1   7 
 396	1   7 
 394	2   2  10 
 396	1   2 
 396	1  10 
 397	1   2 
 398	2   2   1 
 400	1   1 
 401	2   0   2 
 403	1   2 
 403	2   0   1 
 405	1   1 
 406	2   2   1 
 405	1   0 
 408	2   0   2 
 410	2   1   0 
 412	1   0 
 410	1   2 
 412	1   1 
 413	1   1 
 414	2   1   6 
 411	1   2 
 416	1   6 
 416	2   3   1 
 418	2   3   6 
 420	1   6 
 418	1   1 
 421	2   1   6 
 420	1   3 
 418	1   2 
 423	2   3   1 
 425	1   1 
 426	1   1 
 427	1   1 
 425	2   6   3 
 427	1   6 
 427	1   3 
 428	1   6 
 429	2   6   9 
 431	2   5   6 
 433	1   6 
 431	1   9 
 433	2   5   9 
 435	1   5 
 435	1   9 
 436	2   6   9 
 438	2   5   6 
 440	2   9   5 
 442	1   9 
 442	1   5 
 440	1   6 
 441	1   6 
 442	2   6   3 
 444	2   1   6 
 446	1   6 
 446	2   3   1 
 448	1   1 
 448	2   3   6 
 450	2   9   5 
 450	1   6 
 450	1   3 
 452	2   1   6 
 454	2   3   1 
 456	1   1 
 457	1   1 
 458	2   1   0 
 460	2   2   1 
 462	1   1 
 463	2   0   2 
 465	2   0   1 
 467	1   1 
 465	2   6   3 
 467	1   3 
 467	1   6 
 467	1   0 
 465	1   2 
 468	2   2   1 
 470	2   0   2 
 472	1   2 
 473	1   2 
 472	2   6   3 
 472	2   1   0 
 474	1   0 
 474	2   2  10 
 476	1   1 
 476	2   7   2 
 478	2  10   7 
 478	2   1   0 
 480	1   7 
 478	1   2 
 480	2  10   2 
 482	1  10 
 482	1   2 
 483	2   7   2 
 485	2  10   7 
 487	1   7 
 487	2   2  10 
 488	1   7 
 489	1  10 
 489	1   2 
 489	1   7 
 490	1   2 
 491	6   2   0 
 497	2   0   1 
 499	2   2   0 
 501	1   1 
 502	2   2   1 
 504	1   1 
 504	1   2 
 501	1   0 
 505	2   0   1 
 507	2   2   0 
 509	2   1   2 
 511	1   2 
 509	1   0 
 511	1   1 
 512	1   1 
 513	2   1   6 
 515	1   6 
 510	1   0 
 511	1   0 
 515	2   3   1 
 517	1   1 
 517	2   3   6 
 519	1   6 
 520	2   1   6 
 519	1   3 
 522	2   3   1 
 524	2   6   3 
 526	1   6 
 524	1   1 
 526	1   3 
 525	1   1 
 526	1   1 
 527	1   6 
 528	2   6   9 
 530	1   9 
 530	2   5   6 
 532	2   5   9 
 532	1   6 
 534	1   9 
 534	1   5 
 535	2   6   9 
 537	2   5   6 
 539	1   6 
 540	1   6 
 539	2   9   5 
 541	1   9 
 541	1   5 
 541	2   6   3 
 543	2   1   6 
 545	1   6 
 545	2   3   1 
 547	1   1 
 547	2   3   6 
 549	1   6 
 549	1   3 
 550	2   1   6 
 552	2   3   1 
 554	2   9   5 
 554	1   1 
 555	1   1 
 556	2   1   2 
 558	2   6   3 
 560	1   3 
 560	1   6 
 558	2   0   1 
 560	1   1 
 561	2   2   0 
 563	2   2   1 
 563	1   0 
 565	2   6   3 
 565	1   1 
 566	2   0   1 
 565	1   2 
 568	2   2   0 
 570	2   1   2 
 570	1   0 
 572	1   2 
 572	1   1 
 571	1   0 
 573	2   2  10 
 575	2   7   2 
 577	1   2 
 577	2   1   0 
 577	2  10   7 
 579	1   7 
 579	2  10   2 
 581	1   2 
 581	1  10 
 582	2   7   2 
 584	2  10   7 
 586	1   7 
 587	1   7 
 586	2   2  10 
 588	1   7 
 588	1  10 
 588	1   2 
 589	1   2 
 590	2   2   1 
 592	1   1 
 593	2   0   2 
 595	2   0   1 
 595	1   2 
 597	1   0 
 597	1   1 
 598	2   2   1 
 600	2   0   2 
 602	1   2 
 603	1   2 
 604	1   2 
 602	2   1   0 
 604	1   1 
 605	1   1 
 606	2   1   6 
 608	2   3   1 
 610	1   1 
 608	1   6 
 610	1   0 
 610	2   3   6 
 612	1   6 
 613	2   1   6 
 612	1   3 
 615	2   3   1 
 617	1   1 
 618	1   1 
 619	1   1 
 617	2   6   3 
 619	1   3 
 619	1   6 
 620	1   6 
 621	2   6   9 
 623	2   5   6 
 625	1   6 
 623	1   9 
 625	2   5   9 
 627	1   9 
 628	2   6   9 
 627	1   5 
 630	2   5   6 
 632	1   6 
 632	2   9   5 
 634	1   9 
 634	1   5 
 633	1   6 
 634	2   6   3 
 636	2   1   6 
 638	2   3   1 
 640	1   1 
 638	1   6 
 640	2   3   6 
 642	1   6 
 642	1   3 
 643	2   1   6 
 645	2   3   1 
 647	2   9   5 
 649	2   6   3 
 651	1   3 
 647	1   1 
 648	1   1 
 649	2   1   0 
 651	2   2   1 
 653	1   1 
 654	2   0   2 
 656	2   0   1 
 656	1   6 
 658	1   0 
 658	1   1 
 656	1   2 
 657	2   6   3 
 659	2   2   1 
 661	2   0   2 
 663	1   2 
 664	1   2 
 665	2   2  10 
 667	2   7   2 
 669	1   2 
 669	2   1   0 
 669	2  10   7 
 671	1   0 
 671	1   7 
 671	2  10   2 
 673	1  10 
 673	1   2 
 673	1   1 
 674	2   7   2 
 676	2  10   7 
 678	1   7 
 679	1   7 
 676	2   1   0 
 680	1   7 
 678	2   2  10 
 680	1  10 
 680	1   2 
 681	1   2 
 682	2   2   1 
 684	2   0   2 
 686	6  10   8 
 686	1   1 
 686	1   2 
 687	2   0   1 
 689	1   0 
 689	1   1 
 690	2   2   1 
 692	2   0   2 
 694	2   1   0 
 696	1   1 
 694	1   2 
 695	1   2 
 696	1   2 
 697	1   1 
 696	1   0 
 698	2   1   6 
 700	2   3   1 
 702	1   1 
 700	1   6 
 702	2   3   6 
 704	1   3 
 704	1   6 
 705	2   1   6 
 707	2   3   1 
 709	1   1 
 710	1   1 
 711	1   1 
 709	2   6   3 
 711	1   3 
 711	1   6 
 712	1   6 
 713	2   6   9 
 715	2   5   6 
 715	1   9 
 717	2   5   9 
 717	1   6 
 719	1   9 
 719	1   5 
 720	2   6   9 
 722	2   5   6 
 724	1   6 
 724	2   9   5 
 726	1   5 
 726	1   9 
 725	1   6 
 726	2   6   3 
 728	2   1   6 
 730	2   3   1 
 732	1   1 
 730	1   6 
 732	2   3   6 
 734	1   3 
 734	1   6 
 735	2   1   6 
 737	6  10   9 
 737	2   3   1 
 739	1   1 
 740	1   1 
 741	2   1   0 
 743	2   2   1 
 745	2   0   2 
 747	6  10   7 
 747	1   2 
 747	1   1 
 748	2   0   1 
 750	1   1 
 751	2   2   1 
 750	1   0 
 753	2   0   2 
 755	1   2 
 756	1   2 
 755	2   1   0 
 757	1   0 
 757	1   1 
 758	2   5   1 
 760	2  10   5 
 762	6  10   2 
 762	1   5 
 768	2   1   2 
 762	6   8   4 
 770	2   1   5 
 772	2   6   3 
 774	1   6 
 772	2   4   0 
 770	1   2 
 772	1   5 
 774	2   2   5 
 772	1   1 
 776	2   1   2 
 778	1   2 
 774	1   3 
 778	2   5   1 
 780	1   1 
 779	1   2 
 780	1   2 
 780	2   6  10 
 782	2   3   7 
 780	1   5 
 781	1   5 
 782	2   5   4 
 784	2   0   5 
 786	1   5 
 784	1   4 
 786	2   0   4 
 788	1   4 
 788	1   0 
 789	2   5   4 
 791	2   0   5 
 793	6  10   9 
 793	1   5 
 793	2   4   0 
 794	1   5 
 795	1   5 
 795	1   4 
 795	1   0 
 796	1   4 
 799	2   4   6 
 801	1   6 
 801	2   9   4 
 803	1   4 
 803	2   9   6 
 805	1   9 
 805	1   6 
 806	2   4   6 
 808	2   9   4 
 810	1   4 
 811	1   4 
 812	1   4 
 810	2   6   9 
 812	1   6 
 813	1   6 
 812	1   9 
 814	2   6   3 
 816	2   7   6 
 818	1   6 
 816	1   3 
 818	2   7   3 
 820	1   3 
 821	2   6   3 
 820	1   7 
 823	2   7   6 
 825	1   6 
 825	2   3   7 
 826	1   6 
 827	1   3 
 827	1   7 
 827	2   6   9 
 829	2   4   6 
 831	2   3   7 
 831	1   6 
 831	2   9   4 
 833	1   4 
 833	2   9   6 
 835	1   9 
 835	1   6 
 836	2   4   6 
 838	2   9   4 
 840	1   4 
 840	2   6   9 
 841	1   4 
 842	2   4   0 
 842	1   6 
 844	2   5   4 
 846	2   0   5 
 848	1   5 
 846	1   4 
 848	2   0   4 
 850	1   0 
 842	1   9 
 848	2   6   9 
 850	1   4 
 851	2   5   4 
 853	2   0   5 
 855	1   5 
 856	1   5 
 855	2   4   0 
 857	2   5   1 
 857	1   0 
 857	1   4 
 859	2   2   5 
 861	2   1   2 
 863	1   2 
 861	1   5 
 863	2   1   5 
 865	1   5 
 866	2   2   5 
 865	1   1 
 868	2   1   2 
 870	1   2 
 871	1   2 
 872	1   2 
 870	2   5   1 
 872	1   1 
 872	1   5 
 872	2   4   0 
 873	1   5 
 874	2   5   4 
 876	2   0   5 
 876	1   4 
 878	2   0   4 
 878	1   5 
 880	1   0 
 880	1   4 
 881	2   5   4 
 883	2   0   5 
 885	2   4   0 
 885	1   5 
 887	1   4 
 886	1   5 
 887	1   5 
 888	1   4 
 887	1   0 
 889	2   4   6 
 891	1   6 
 891	2   9   4 
 893	2   9   6 
 895	1   6 
 895	1   9 
 893	1   4 
 896	2   4   6 
 898	2   9   4 
 900	1   4 
 900	2   6   9 
 902	1   9 
 901	1   4 
 902	1   4 
 902	1   6 
 903	1   6 
 904	2   6   3 
 906	1   3 
 906	2   7   6 
 908	1   6 
 908	2   7   3 
 910	1   7 
 910	1   3 
 911	2   6   3 
 913	2   7   6 
 915	2   3   7 
 915	1   6 
 917	1   3 
 916	1   6 
 917	2   6   9 
 919	2   4   6 
 921	2   3   1 
 923	2   9   4 
 923	2   2   3 
 925	2   1   2 
 925	1   4 
 921	1   6 
 925	1   3 
 927	2   1   3 
 929	1   3 
 929	2   9   6 
 929	1   1 
 929	1   7 
 931	1   9 
 929	1   2 
 931	1   6 
 931	2   2   3 
 933	2   4   6 
 935	2   9   4 
 937	1   4 
 935	2   1   2 
 937	2   3   1 
 939	1   1 
 939	1   2 
 940	1   2 
 938	1   4 
 939	2   6   9 
 939	2   4   0 
 941	1   9 
 941	1   2 
 939	1   3 
 941	2   5   4 
 943	1   4 
 941	1   6 
 943	2   0   5 
 945	2   6   9 
 945	2   0   4 
 947	1   0 
 940	1   3 
 945	1   5 
 947	1   4 
 948	2   5   4 
 947	6   3   2 
 950	2   0   5 
 952	1   5 
 952	2   4   0 
 954	1   4 
 954	1   0 
 953	1   5 
 954	6   5   2 
 960	2   7   2 
 960	2   4   0 
 962	2   5   4 
 964	1   4 
 964	2   0   5 
 966	1   5 
 966	2   0   4 
 968	1   0 
 968	1   4 
 969	2   5   4 
 971	2   0   5 
 973	1   5 
 973	2   4   0 
 975	1   4 
 975	1   0 
 974	1   5 
 975	1   5 
 976	1   4 
 977	2   4   6 
 979	2   9   4 
 981	1   4 
 979	1   6 
 981	2   9   6 
 983	1   9 
 983	1   6 
 984	2   4   6 
 986	2   9   4 
 988	1   4 
 989	1   4 
 990	1   4 
 988	2   6   9 
 990	1   9 
 990	1   6 
 991	1   6 
 992	2   6   7 
 994	1   7 
 994	2   2   6 
 996	1   6 
 996	2   2   7 
 998	1   2 
 998	1   7 
 999	2   6   7 
1001	2   2   6 
1003	1   6 
1004	1   6 
1005	2   6   9 
1007	2   4   6 
1009	1   6 
1009	2   9   4 
1011	2   9   6 
1011	1   4 
1013	1   6 
1013	1   9 
1014	2   4   6 
1016	2   9   4 
1018	1   4 
1019	1   4 
1016	2   7   2 
1018	1   7 
1020	2   4   0 
1018	1   2 
1019	2   7   2 
1022	2   5   4 
1024	2   0   5 
1024	1   4 
1026	1   5 
1026	2   0   4 
1028	1   4 
1029	2   5   4 
1028	1   0 
1031	2   0   5 
1021	6   3   2 
1033	2   4   0 
1035	1   4 
1035	1   0 
1033	1   5 
1034	1   5 
1033	2   6   9 
1035	2   5   1 
1035	1   6 
1037	2   2   5 
1039	1   5 
1039	2   1   2 
1041	1   2 
1035	1   9 
1041	2   1   5 
1043	1   5 
1043	1   1 
1044	2   2   5 
1046	2   1   2 
1048	2   5   1 
1050	2   4   0 
1050	1   1 
1050	2   6   9 
1048	1   2 
1049	1   2 
1050	1   2 
1050	1   5 
1051	1   5 
1052	2   5   4 
1054	1   4 
1054	2   0   5 
1056	1   5 
1056	2   0   4 
1058	1   0 
1058	1   4 
1059	2   5   4 
1061	2   0   5 
1063	2   4   0 
1063	1   5 
1064	1   5 
1065	1   4 
1065	1   5 
1066	1   4 
1065	1   0 
1067	2   4   6 
1069	1   6 
1069	2   9   4 
1071	1   4 
1071	2   9   6 
1073	1   6 
1073	1   9 
1074	2   4   6 
1076	2   9   4 
1078	1   4 
1079	1   4 
1080	1   4 
1078	2   6   9 
1080	1   9 
1080	1   6 
1081	1   6 
1082	2   6   7 
1084	2   3   6 
1086	1   6 
1084	1   7 
1086	2   3   7 
1088	1   7 
1088	1   3 
1089	2   6   7 
1091	2   3   6 
1093	1   6 
1094	1   6 
1095	2   6   9 
1097	2   4   6 
1099	1   6 
1099	2   9   4 
1101	1   4 
1099	2   7   3 
1101	1   7 
1101	1   3 
1102	1   7 
1101	2   9   6 
1103	6   3   1 
1103	1   9 
1103	1   6 
1103	6  11  10 
1109	2   4   6 
1111	2   9   4 
1113	1   4 
1114	1   4 
1115	2   4   0 
1117	2   5   4 
1119	1   4 
1119	2   0   5 
1111	6  11   7 
1121	2   6   9 
1121	2   0   4 
1123	1   9 
1121	1   5 
1123	1   0 
1123	1   4 
1123	1   6 
1124	1   6 
1124	2   5   4 
1126	2   0   5 
1128	6  10   9 
1128	1   5 
1129	1   5 
1128	2   4   0 
1130	1   4 
1131	1   4 
1130	1   0 
1132	2   4   1 
1134	2   6   4 
1136	2   1   6 
1138	2  10  11 
1138	1   6 
1136	1   4 
1138	2   1   4 
1140	1   4 
1141	2   6   4 
1140	1   1 
1143	2   1   6 
1145	2   4   1 
1147	1   1 
1145	1   6 
1146	1   6 
1147	1   6 
1147	1   4 
1148	2   4   5 
1150	2   6   4 
1152	1   4 
1152	2   5   6 
1154	2   5   4 
1156	1   5 
1154	1   6 
1156	1   4 
1157	2   6   4 
1159	2   5   6 
1161	6   2   0 
1167	2   4   5 
1169	1   4 
1167	1   6 
1169	1   5 
1168	1   6 
1170	2   4   5 
1172	2   9   4 
1174	1   4 
1174	2   5   9 
1167	6   7   3 
1173	6   7   2 
1176	1   9 
1176	2   5   4 
1178	1   5 
1178	1   4 
1179	2   9   4 
1179	2   6   7 
1181	2   5   9 
1183	1   9 
1183	2   4   5 
1185	1   4 
1184	1   9 
1185	1   9 
1185	1   5 
1186	2   4   5 
1188	2   0   4 
1190	1   4 
1190	2   5   0 
1192	2   5   4 
1194	1   4 
1192	1   0 
1195	2   0   4 
1194	1   5 
1197	2   5   0 
1199	2   4   5 
1201	1   4 
1199	1   0 
1202	2   1   4 
1201	1   5 
1200	1   0 
1201	1   0 
1204	2   0   1 
1206	1   1 
1206	2   4   0 
1208	2   4   1 
1210	1   4 
1210	1   1 
1208	1   0 
1211	2   0   1 
1210	6  11   9 
1216	2   4   0 
1218	2   1   4 
1218	1   0 
1220	1   4 
1220	2   5   2 
1220	1   1 
1219	1   0 
1221	1   1 
1222	2   1   5 
1220	1   0 
1224	1   5 
1224	2   2   1 
1226	1   1 
1226	2   2   5 
1228	1   5 
1228	1   2 
1229	2   1   5 
1231	2   2   1 
1233	1   1 
1233	2   5   2 
1235	1   2 
1235	1   5 
1236	1   5 
1234	1   1 
1235	1   1 
1237	2   5   6 
1239	1   6 
1240	2   7   5 
1242	2   7   6 
1244	1   7 
1242	1   5 
1244	1   6 
1245	2   5   6 
1247	2   7   5 
1249	2   6   7 
1251	1   7 
1249	1   5 
1250	1   5 
1251	1   5 
1251	1   6 
1252	1   6 
1253	2   6  10 
1255	1  10 
1255	2   9   6 
1257	2   9  10 
1257	1   6 
1259	1  10 
1260	2   6  10 
1259	1   9 
1262	2   9   6 
1264	1   6 
1265	1   6 
1264	2  10   9 
1266	1  10 
1266	1   9 
1266	2   6   7 
1268	2   5   6 
1270	1   6 
1271	2   7   5 
1273	1   5 
1273	2   7   6 
1275	2  10   9 
1275	1   6 
1277	2   5   6 
1275	1   7 
1279	2   7   5 
1281	1   5 
1281	2   6   7 
1283	1   6 
1283	1   7 
1282	1   5 
1283	2   5   2 
1285	2   1   5 
1287	2   2   1 
1289	1   1 
1287	1   5 
1289	2   2   5 
1291	1   2 
1291	1   5 
1291	2   6   7 
1293	2   1   5 
1295	2   2   1 
1297	2   5   2 
1299	1   5 
1299	1   2 
1300	2   5   2 
1297	1   1 
1298	1   1 
1302	2   1   4 
1304	2   0   1 
1306	2   4   0 
1306	1   1 
1308	2   4   1 
1308	1   0 
1310	1   1 
1311	2   0   1 
1310	1   4 
1313	2   4   0 
1315	6   2   0 
1321	1   2 
1322	1   2 
1323	1   2 
1321	2   1   4 
1323	1   1 
1323	1   4 
1324	1   1 
1325	2   1   5 
1327	1   5 
1327	2   0   1 
1329	2   0   5 
1331	1   0 
1331	1   5 
1329	1   1 
1332	2   1   5 
1334	2   0   1 
1336	1   1 
1336	2   5   0 
1338	1   0 
1337	1   1 
1338	1   5 
1339	1   5 
1340	2   5   6 
1342	1   6 
1338	1   1 
1343	2   7   5 
1345	2   7   6 
1345	1   5 
1347	1   6 
1348	2   5   6 
1347	1   7 
1350	2   7   5 
1352	2   6   7 
1354	1   7 
1352	1   5 
1353	1   5 
1354	1   6 
1355	1   6 
1354	1   5 
1356	2   6  10 
1358	1  10 
1358	2   9   6 
1360	2   9  10 
1362	1  10 
1360	1   6 
1362	1   9 
1363	2   6  10 
1365	2   9   6 
1367	1   6 
1368	1   6 
1367	2  10   9 
1369	1  10 
1369	1   9 
1369	2   6   7 
1371	2   5   6 
1373	1   6 
1373	2   9  10 
1375	2   7   5 
1377	1   5 
1377	2   7   6 
1379	1   6 
1379	1   7 
1380	2   5   6 
1382	2  11   9 
1384	2   7   5 
1386	1   9 
1386	2   6   7 
1386	1   5 
1387	1   5 
1388	2  10  11 
1388	1   6 
1390	1  11 
1388	2   5   0 
1389	1   6 
1390	2  10   9 
1392	1   9 
1392	2   1   5 
1394	2   0   1 
1396	1   1 
1394	1   5 
1395	2  11   9 
1397	1   7 
1397	2   0   5 
1397	1  10 
1399	1   5 
1398	2  10  11 
1399	1   0 
1400	1  11 
1401	1  11 
1402	1  11 
1400	2   1   5 
1402	2   9  10 
1404	1   9 
1405	1   9 
1404	1  10 
1402	2   0   1 
1404	2   5   0 
1406	1   5 
1404	1   1 
1405	1   1 
1407	2   5   1 
1409	2   9   5 
1406	1   0 
1407	1   0 
1411	6   6   1 
1411	1   5 
1417	2   6   9 
1419	1   9 
1417	2   4   0 
1419	2   1   4 
1421	6   4   1 
1419	6   7   3 
1427	1   1 
1427	2   6   5 
1429	1   6 
1429	1   5 
1429	2   0   4 
1431	2   9   5 
1433	2   0   1 
1435	1   0 
1431	1   4 
1435	1   1 
1433	2   6   9 
1435	2   5   6 
1437	2   4   1 
1437	1   5 
1437	1   6 
1435	1   9 
1436	1   9 
1437	2   9  10 
1439	2  11   9 
1441	2   0   4 
1441	1   9 
1443	1   4 
1444	1   4 
1443	2   1   0 
1445	1   0 
1445	1   1 
1441	2  10  11 
1443	1  11 
1443	2  10   9 
1445	1   9 
1445	2   5   6 
1447	2  11   9 
1449	1  10 
1447	2   1   0 
1449	2   2   1 
1451	1   1 
1450	2  10  11 
1452	1  11 
1452	2   0   2 
1453	1  11 
1452	2   9  10 
1454	6  11   7 
1454	1  10 
1454	1   2 
1454	2   0   1 
1456	1   0 
1454	1   9 
1455	1   9 
1456	1   1 
1456	2   9   5 
1458	1   5 
1458	2   2   1 
1460	2   6   9 
1462	1   9 
1462	2   6   5 
1464	1   5 
1464	2   0   2 
1466	2   9   5 
1466	1   6 
1468	2   6   9 
1466	1   2 
1467	1   2 
1468	2   1   0 
1470	1   1 
1470	1   0 
1468	1   2 
1470	1   9 
1470	2   5   6 
1472	1   6 
1472	1   5 
1471	1   9 
1473	2   6   7 
1475	2   2   6 
1477	2   7   2 
1479	1   2 
1477	1   6 
1479	2   7   6 
1481	1   6 
1481	1   7 
1482	2   2   6 
1484	2   7   2 
1486	6   3   2 
1484	6   9   5 
1492	1   3 
1493	1   3 
1492	2   6   7 
1494	1   7 
1494	2   5   1 
1494	1   6 
1494	1   3 
1495	1   6 
1496	2   6   5 
1498	1   5 
1498	2   1   6 
1500	1   6 
1500	2   1   5 
1502	1   1 
1502	1   5 
1503	2   6   5 
1505	2   0   2 
1507	2   1   6 
1509	2   5   1 
1509	1   6 
1511	1   1 
1511	1   5 
1512	1   5 
1510	1   6 
1511	1   6 
1513	2   5   0 
1515	1   0 
1515	2   2   5 
1517	2   2   0 
1517	1   5 
1519	1   0 
1520	2   5   0 
1519	1   2 
1522	2   2   5 
1524	1   5 
1525	1   5 
1524	2   0   2 
1526	1   0 
1526	2   5   1 
1528	2   6   5 
1530	2   1   6 
1530	1   5 
1526	1   2 
1532	6   9   1 
1538	2   9   5 
1532	1   6 
1538	6  11   3 
1540	1   5 
1544	2   6   5 
1540	1   9 
1546	2   9   6 
1548	1   6 
1548	2   5   9 
1549	1   6 
1550	1   5 
1550	2   6   7 
1552	2  11   6 
1550	1   9 
1554	2   5   9 
1554	1   6 
1554	2   7  11 
1556	1  11 
1556	2   7   6 
1558	1   7 
1558	1   6 
1559	2  11   6 
1561	2   7  11 
1563	2   6   7 
1565	1   6 
1565	1   7 
1566	1   7 
1563	1  11 
1564	1  11 
1565	1  11 
1566	1   6 
1567	2   6   5 
1569	2   9   6 
1571	1   6 
1569	1   5 
1571	2   9   5 
1573	1   9 
1573	1   5 
1574	2   6   5 
1576	2   9   6 
1578	1   6 
1579	1   6 
1578	2   5   9 
1580	1   9 
1580	1   5 
1581	1   5 
1580	2   0   2 
1582	2   5   0 
1582	1   6 
1584	2   2   5 
1586	1   5 
1584	1   0 
1586	2   2   0 
1588	1   0 
1588	1   2 
1589	2   5   0 
1591	2   2   5 
1593	1   5 
1593	2   0   2 
1595	1   0 
1595	1   2 
1594	1   5 
1595	2   5   9 
1597	2   6   5 
1599	1   5 
1599	2   9   6 
1601	1   6 
1601	2   9   5 
1603	1   9 
1603	1   5 
1604	2   6   5 
1606	2   9   6 
1608	1   6 
1609	1   6 
1608	2   5   9 
1610	1   5 
1611	2   5  10 
1610	1   9 
1613	2   7   5 
1615	2  10   7 
1615	1   5 
1617	1   7 
1617	2  10   5 
1619	1  10 
1619	1   5 
1620	2   7   5 
1622	2  10   7 
1624	2   5  10 
1626	1   5 
1627	1   5 
1624	1   7 
1626	2   1   6 
1625	1   7 
1628	2   5   1 
1626	1   7 
1630	2   6   5 
1626	1  10 
1632	1   5 
1630	1   1 
1632	2   6   1 
1634	1   6 
1634	1   1 
1635	2   5   1 
1637	2   6   5 
1639	1   5 
1639	2   1   6 
1641	1   6 
1640	1   5 
1641	1   1 
1641	2   5  10 
1643	2   7   5 
1645	1   5 
1645	2  10   7 
1647	1   7 
1647	2  10   5 
1649	2   1   6 
1649	1  10 
1649	1   5 
1651	2   7   5 
1653	2  10   7 
1655	2   5  10 
1657	2   0   2 
1657	1   5 
1655	1   7 
1657	1  10 
1656	1   7 
1658	1   5 
1659	2   5   1 
1661	2   6   5 
1661	1   1 
1663	2   6   1 
1663	1   5 
1665	1   6 
1665	1   1 
1666	2   5   1 
1668	2   6   5 
1670	1   5 
1670	2   1   6 
1672	1   6 
1671	1   5 
1672	1   1 
1673	2   6   7 
1675	2  11   6 
1677	2   5   9 
1677	1   6 
1679	2   4   1 
1677	2   7  11 
1679	1  11 
1679	2   7   6 
1681	1   7 
1681	1   6 
1682	2  11   6 
1681	6   1   0 
1684	2   7  11 
1686	2   6   7 
1686	1  11 
1688	1   6 
1687	1  11 
1688	1   7 
1689	1   6 
1690	2   6   5 
1692	2   9   6 
1688	1  11 
1694	1   6 
1692	1   5 
1694	2   9   5 
1696	1   9 
1696	1   5 
1697	2   6   5 
1699	2   9   6 
1701	1   6 
1702	1   6 
1703	1   6 
1701	2   5   9 
1703	1   5 
1703	1   9 
1704	1   5 
1705	2   5   1 
1707	2   2   5 
1707	1   1 
1709	2   2   1 
1711	1   1 
1711	1   2 
1709	1   5 
1712	2   5   1 
1714	2   2   5 
1716	1   5 
1716	2   1   2 
1717	1   5 
1718	2   5   9 
1720	2   6   5 
1718	1   1 
1722	2   9   6 
1722	1   5 
1718	1   2 
1724	2   9   5 
1726	1   5 
1726	2   1   2 
1724	1   6 
1726	1   9 
1728	2   6   5 
1730	2   9   6 
1732	2   5   9 
1734	1   9 
1734	1   5 
1732	1   6 
1733	1   6 
1734	2   6   7 
1736	2  11   6 
1738	1   6 
1738	2   7  11 
1740	1  11 
1738	2   5   9 
1740	2   7   6 
1742	1   7 
1742	1   6 
1743	2  11   6 
1745	2   7  11 
1747	1  11 
1748	1  11 
1747	2   6   7 
1749	1   6 
1749	1  11 
1750	1   6 
1749	1   7 
1750	1   7 
1751	2   6   5 
1753	1   5 
1753	2   9   6 
1755	1   6 
1755	2   9   5 
1757	1   5 
1758	2   6   5 
1757	1   9 
1760	2   9   6 
1762	2   5   9 
1762	1   6 
1764	1   9 
1763	1   6 
1764	1   6 
1764	1   5 
1765	1   5 
1766	2   5   1 
1768	2   2   5 
1768	1   1 
1770	2   2   1 
1772	1   2 
1770	1   5 
1772	1   1 
1773	2   5   1 
1775	2   2   5 
1777	2   1   2 
1779	1   2 
1779	1   1 
1777	1   5 
1778	1   5 
1779	2   5   9 
1781	2   6   5 
1783	2   9   6 
1785	1   6 
1783	1   5 
1785	2   9   5 
1787	1   5 
1787	1   9 
1787	2   2   1 
1789	2   6   5 
1791	2   9   6 
1793	2   5   9 
1795	1   5 
1793	1   6 
1795	1   9 
1796	1   9 
1794	1   6 
1796	2   5   6 
1798	2  10   9 
1800	2  11  10 
1802	1  10 
1800	6   5   1 
1806	2   9  11 
1808	2   9  10 
1808	1  11 
1810	1   9 
1810	1  10 
1808	6   4   1 
1811	2  11  10 
1814	2   9  11 
1816	1  11 
1817	1  11 
1818	1  11 
1816	2  10   9 
1818	1  10 
1818	1   9 
1819	1  10 
1820	2  10   2 
1822	2   5  10 
1822	1   2 
1824	1  10 
1824	2   5   2 
1826	1   5 
1826	1   2 
1827	2  10   2 
1829	2   5  10 
1831	1  10 
1831	2   2   5 
1833	1   2 
1833	1   5 
1834	1   2 
1835	2   2   1 
1837	2   0   2 
1839	1   2 
1839	1   1 
1832	1  10 
1840	2   0   1 
1842	1   0 
1842	1   1 
1843	2   2   1 
1845	2   0   2 
1847	2   1   0 
1833	1  10 
1847	1   2 
1849	1   0 
1848	1   2 
1849	1   1 
1850	1   1 
1849	1   2 
1851	2   1   4 
1853	1   4 
1853	2   6   1 
1855	1   1 
1855	2   6   4 
1857	1   6 
1857	1   4 
1858	2   1   4 
1860	2   6   1 
1862	2   4   6 
1864	1   4 
1862	1   1 
1863	1   1 
1864	1   6 
1864	2   1   0 
1866	2   2   1 
1868	1   1 
1869	2   0   2 
1871	2   0   1 
1871	1   2 
1873	2   4   6 
1875	1   0 
1873	1   1 
1875	2   2   1 
1877	2   0   2 
1879	2   1   0 
1879	1   2 
1881	1   0 
1881	1   1 
1880	1   2 
1881	2   2   5 
1883	2  10   2 
1885	1   2 
1885	2   5  10 
1887	1  10 
1887	2   5   2 
1889	1   2 
1890	2  10   2 
1889	1   5 
1892	2   5  10 
1894	2   2   5 
1896	1   2 
1896	2   1   0 
1896	1   5 
1894	1  10 
1895	1  10 
1896	2  10   9 
1898	2  11  10 
1900	1  10 
1901	2   9  11 
1903	1  11 
1903	2   9  10 
1905	2   2   5 
1905	1  10 
1906	2  11  10 
1905	1   9 
1908	2   9  11 
1910	2  10   9 
1912	1   9 
1910	1  11 
1911	1  11 
1912	1  11 
1912	1  10 
1913	1  10 
1914	2  10   2 
1916	1   2 
1916	2   5  10 
1918	1  10 
1918	2   5   2 
1920	1   5 
1920	1   2 
1921	2  10   2 
1923	2   5  10 
1925	1  10 
1926	1  10 
1927	1  10 
1925	2   2   5 
1927	1   5 
1927	1   2 
1928	1   2 
1929	2   2   1 
1931	1   1 
1932	2   0   2 
1934	2   0   1 
1936	1   0 
1936	1   1 
1934	1   2 
1937	2   2   1 
1939	2   0   2 
1941	2   1   0 
1943	1   0 
1941	1   2 
1942	1   2 
1943	1   2 
1943	1   1 
1944	1   1 
1945	2   1   4 
1947	2   6   1 
1947	1   4 
1949	2   6   4 
1951	1   4 
1951	1   6 
1949	1   1 
1952	2   1   4 
1954	2   6   1 
1956	2   4   6 
1958	1   6 
1958	1   4 
1959	1   4 
1956	1   1 
1957	1   1 
1958	2   1   0 
1960	2   2   1 
1962	1   1 
1963	2   0   2 
1965	1   2 
1965	2   0   1 
1967	1   1 
1967	1   0 
1968	2   2   1 
1970	2   0   2 
1972	6   4   1 
1972	1   2 
1973	1   2 
1978	2   4   0 
1980	1   0 
1980	2   2   5 
1980	1   4 
1981	1   4 
1982	2  10   2 
1984	1   2 
1984	2   5  10 
1986	1  10 
1986	2   5   2 
1988	1   5 
1988	1   2 
1989	2  10   2 
1991	2   5  10 
1993	1  10 
1993	2   2   5 
1994	1  10 
1995	6  10   8 
1995	1   5 
2001	1   8 
1995	1   2 
2001	2   5   1 
2003	6   7   2 
2003	2   9   8 
2005	2   4   5 
2007	1   5 
2009	2   1   4 
2011	1   4 
2011	2   1   5 
2009	6  11  10 
2013	1   1 
2013	1   5 
2014	2   4   5 
2016	2   6   7 
2016	2   1   4 
2018	6   6   1 
2018	1   4 
2019	1   4 
2020	1   4 
2024	6   7   5 
2030	2   4   9 
2032	1   9 
2032	2   8   4 
2034	1   4 
2034	2   8   9 
2036	1   9 
2037	2   4   9 
2030	2   7   6 
2032	1   6 
2036	1   8 
2039	2   8   4 
2041	2   9   8 
2041	1   4 
2032	1   7 
2033	2   7   6 
2042	1   4 
2043	1   4 
2043	1   8 
2035	2   2   7 
2037	2   6   2 
2039	1   2 
2043	1   9 
2044	2   9   8 
2037	1   7 
2039	2   6   7 
2041	1   7 
2041	1   6 
2042	2   2   7 
2044	2   6   2 
2046	1   2 
2047	1   2 
2048	1   2 
2046	2   4   1 
2048	1   1 
2046	2   7   6 
2048	1   7 
2048	1   6 
2048	2   5   4 
2050	2   5   1 
2050	1   4 
2052	6   4   1 
2052	2   7   6 
2052	1   5 
2058	1   4 
2059	2   1   4 
2054	2  10   7 
2056	1   7 
2056	2   6  10 
2058	2   6   7 
2061	2   5   1 
2058	1  10 
2060	1   6 
2060	1   7 
2061	2  10   7 
2063	2   6  10 
2063	1   1 
2064	1   1 
2065	6   7   2 
2065	1  10 
2066	1  10 
2067	1  10 
2065	2   4   5 
2065	1   1 
2068	2  10   9 
2070	1   9 
2071	2   8  10 
2067	1   5 
2073	1   4 
2073	2   2   6 
2073	1  10 
2073	2   8   9 
2074	1   4 
2075	1   9 
2075	1   2 
2075	1   6 
2075	1   8 
2076	1   6 
2076	2  10   9 
2078	2   8  10 
2080	2   9   8 
2080	1  10 
2081	1  10 
2080	2   6   2 
2082	1   9 
2082	1  10 
2082	1   8 
2083	2   8   0 
2085	2   4   8 
2087	1   8 
2087	2   0   4 
2089	2   0   8 
2091	1   9 
2091	1   8 
2091	1   0 
2091	1   4 
2092	2   4   8 
2094	2   0   4 
2096	1   4 
2097	2   8   0 
2099	1   0 
2099	1   4 
2099	1   8 
2100	2   4   5 
2102	2   1   4 
2104	2   8   0 
2106	1   4 
2106	2   5   1 
2108	1   1 
2108	2   5   4 
2110	1   5 
2110	1   4 
2111	2   1   4 
2113	2   5   1 
2115	6   8   5 
2115	1   1 
2121	2   4   8 
2123	1   8 
2124	1   8 
2123	1   4 
2116	1   1 
2124	1   4 
2117	1   1 
2121	2   1   6 
2125	2   4   5 
2127	1   5 
2127	2   2   1 
2123	1   6 
2127	6  10   8 
2133	2   0   4 
2129	1   1 
2135	1   4 
2133	2   2   6 
2135	1   2 
2135	2   0   5 
2137	1   5 
2135	1   6 
2137	1   0 
2137	2   1   6 
2139	2   4   5 
2141	2   2   1 
2143	2   0   4 
2145	1   4 
2143	2   6   2 
2146	1   4 
2145	1   2 
2143	1   1 
2145	1   6 
2146	1   6 
2145	2   5   0 
2144	1   1 
2147	1   0 
2147	1   5 
2145	1   1 
2148	2   5   4 
2150	2   6   5 
2152	2   4   6 
2154	1   5 
2154	1   6 
2155	2   4   5 
2157	1   5 
2158	2   6   5 
2157	1   4 
2160	2   4   6 
2162	1   6 
2162	2   5   4 
2164	1   5 
2163	1   6 
2164	1   4 
2164	2   6   2 
2166	2   1   6 
2168	2   2   1 
2170	1   1 
2168	1   6 
2170	2   2   6 
2172	1   2 
2172	1   6 
2173	2   1   6 
2175	2   2   1 
2177	1   1 
2177	2   6   2 
2179	1   2 
2178	1   1 
2179	2   5   4 
2179	1   1 
2179	1   6 
2180	1   6 
2181	2   6   5 
2183	1   5 
2184	2   4   6 
2186	1   6 
2186	2   4   5 
2188	1   4 
2188	1   5 
2189	2   6   5 
2191	2   4   6 
2193	1   6 
2193	2   5   4 
2195	1   4 
2196	2   4   9 
2194	1   6 
2198	2   1   4 
2200	2   9   1 
2202	1   1 
2202	1   5 
2200	1   4 
2202	2   9   4 
2204	1   9 
2204	1   4 
2205	2   1   4 
2204	2  10   6 
2207	6   9   4 
2213	2   4   1 
2215	1   1 
2216	1   1 
2217	1   1 
2215	2   9   4 
2217	1   4 
2217	1   9 
2218	1   9 
2219	2   9  10 
2221	1  10 
2221	2   6   9 
2223	1   9 
2223	2   6  10 
2225	1  10 
2225	1   6 
2226	2   9  10 
2228	2   6   9 
2230	2  10   6 
2232	1  10 
2232	1   6 
2230	1   9 
2231	1   9 
2232	2   9   4 
2234	2   1   9 
2236	1   9 
2236	2  10   6 
2236	2   4   1 
2238	1   1 
2238	2   4   9 
2240	1   4 
2240	1   9 
2241	2   1   9 
2243	2   4   1 
2245	2   9   4 
2247	1   9 
2248	1   9 
2247	1   4 
2249	2   9  10 
2251	1  10 
2245	1   1 
2246	1   1 
2251	2   6   9 
2253	1   9 
2253	2   6  10 
2255	1  10 
2255	1   6 
2247	6   1   0 
2256	2   9  10 
2258	2   6   9 
2260	1   9 
2260	2  10   6 
2261	1   9 
2262	1  10 
2262	2   9   4 
2264	2   8   9 
2266	2   4   8 
2268	1   8 
2262	1   6 
2266	2  10   6 
2266	1   9 
2268	2   4   9 
2270	1   4 
2270	1   9 
2271	2   8   9 
2273	2   4   8 
2275	2   9   4 
2277	1   4 
2277	1   9 
2275	1   8 
2278	1   9 
2276	1   8 
2277	1   8 
2279	2   9  10 
2281	1  10 
2281	2   6   9 
2283	1   9 
2283	2   6  10 
2285	1  10 
2285	1   6 
2286	2   9  10 
2288	2   6   9 
2290	2  10   6 
2292	1  10 
2292	1   6 
2293	2  10   6 
2290	1   9 
2291	1   9 
2295	2   9   4 
2297	6   7   5 
2303	6   7   2 
2303	2   8   9 
2305	1   9 
2305	2   4   8 
2307	1   8 
2307	2   4   9 
2309	1   9 
2310	2   8   9 
2309	1   4 
2312	2   4   8 
2314	2   9   4 
2316	1   9 
2314	1   8 
2315	1   8 
2316	1   8 
2317	1   9 
2318	2   9  10 
2316	1   4 
2320	1  10 
2320	2   6   9 
2322	2   6  10 
2324	1  10 
2324	1   6 
2322	1   9 
2325	2   9  10 
2327	2   6   9 
2329	1   9 
2330	1   9 
2329	2  10   6 
2331	1   6 
2331	1  10 
2332	2   6   2 
2334	2   5   6 
2336	1   6 
2336	2   2   5 
2338	1   5 
2338	2   2   6 
2340	2   1   9 
2342	1   2 
2340	1   6 
2342	2   5   6 
2344	2   2   5 
2346	2   6   2 
2348	1   6 
2348	1   2 
2348	2   7  10 
2346	1   5 
2347	1   5 
2348	1   5 
2349	1   6 
2350	2   6   1 
2352	1   1 
2352	2   9   6 
2354	2   9   1 
2354	1   6 
2356	1   1 
2356	1   9 
2357	2   6   1 
2359	2   9   6 
2361	1   6 
2362	1   6 
2361	2   1   9 
2363	1   1 
2363	2   6   2 
2365	2   5   6 
2367	1   6 
2363	1   9 
2367	2   2   5 
2369	1   5 
2369	2   2   6 
2371	1   2 
2371	1   6 
2372	2   5   6 
2374	2   2   5 
2376	2   6   2 
2378	1   6 
2379	1   6 
2378	2   1   9 
2380	1   2 
2380	1   5 
2381	1   5 
2380	2   6   1 
2382	1   1 
2382	2   9   6 
2384	2   9   1 
2384	1   6 
2386	1   9 
2386	1   1 
2387	2   6   1 
2389	2   9   6 
2391	1   6 
2391	2   1   9 
2393	1   1 
2392	1   6 
2393	2   6   4 
2393	1   9 
2395	2   9   5 
2397	2   8   9 
2399	2   5   8 
2401	1   8 
2399	1   9 
2401	2   5   9 
2403	1   9 
2403	1   5 
2404	2   8   9 
2406	2   5   8 
2408	1   8 
2409	1   8 
2408	2   9   5 
2410	1   5 
2410	1   9 
2410	1   8 
2411	1   9 
2412	2   9   6 
2414	1   6 
2414	2   4   9 
2416	1   9 
2416	2   4   6 
2418	1   4 
2418	1   6 
2419	2   9   6 
2421	2   4   9 
2423	2   6   4 
2425	1   4 
2423	1   9 
2424	1   9 
2425	1   9 
2425	1   6 
2426	1   6 
2427	2   6   7 
2429	1   7 
2429	2  10   6 
2431	1   6 
2431	2  10   7 
2433	1  10 
2433	1   7 
2434	2   6   7 
2436	2  10   6 
2438	1   6 
2439	1   6 
2438	2   7  10 
2440	2   6   4 
2442	1  10 
2442	1   7 
2442	2   9   6 
2444	2   4   9 
2446	1   9 
2444	1   6 
2446	2   4   6 
2448	2   7  10 
2448	1   4 
2448	1   6 
2450	2   9   6 
2452	2   4   9 
2454	2   6   4 
2456	1   4 
2456	1   6 
2454	1   9 
2455	1   9 
2456	2   9   5 
2458	2   8   9 
2460	2   5   8 
2462	1   8 
2460	1   9 
2462	2   5   9 
2464	1   9 
2465	2   8   9 
2464	1   5 
2467	2   5   8 
2469	2   9   5 
2471	2   6   4 
2473	1   8 
2474	1   8 
2471	1   9 
2475	1   8 
2472	1   9 
2473	2   9   6 
2475	2   4   9 
2477	1   9 
2475	1   6 
2473	1   5 
2477	2   4   6 
2479	1   5 
2479	1   6 
2480	2   9   6 
2479	1   4 
2482	2   4   9 
2484	2   6   4 
2484	1   9 
2485	1   9 
2486	1   9 
2486	1   4 
2486	1   6 
2487	1   6 
2488	2   6   7 
2490	1   7 
2490	2  10   6 
2492	1   6 
2492	2  10   7 
2494	1   7 
2495	2   6   7 
2494	1  10 
2497	2  10   6 
2499	1   6 
2500	1   6 
2499	2   7  10 
2501	2   6   4 
2503	1   7 
2503	2   9   6 
2505	1   6 
2505	2   4   9 
2507	2   4   6 
2509	1   6 
2507	1   9 
2509	1   4 
2509	1  10 
2510	2   9   6 
2512	2   4   9 
2514	1   9 
2515	1   9 
2514	2   6   4 
2516	1   6 
2516	2   1   9 
2516	1   4 
2518	2   6   2 
2520	2   5   6 
2522	1   6 
2522	2   2   5 
2524	1   5 
2524	2   2   6 
2526	1   6 
2527	2   5   6 
2526	1   2 
2529	2   2   5 
2531	1   5 
2531	2   6   2 
2533	2   7  10 
2532	1   5 
2533	1   2 
2533	1   5 
2533	1   6 
2534	1   6 
2535	2   6   1 
2537	2   9   6 
2537	1   1 
2539	2   9   1 
2541	1   1 
2541	1   9 
2539	1   6 
2542	2   6   1 
2544	2   9   6 
2546	1   6 
2547	1   6 
2546	2   1   9 
2548	1   1 
2548	1   9 
2548	2   6   2 
2550	2   1   9 
2552	2   5   6 
2554	2   2   5 
2554	1   6 
2556	1   5 
2556	2   2   6 
2558	1   6 
2559	2   5   6 
2558	1   2 
2561	2   2   5 
2563	1   5 
2564	1   5 
2563	2   6   2 
2565	1   6 
2566	1   6 
2567	2   6   1 
2569	2   9   6 
2571	1   6 
2565	1   2 
2569	1   1 
2571	2   9   1 
2573	1   1 
2574	2   6   1 
2573	1   9 
2576	2   9   6 
2578	1   6 
2578	2   1   9 
2579	1   6 
2580	6   8   5 
2580	1   9 
2586	2   0   2 
2588	1   1 
2586	2   9   8 
2588	2   5   9 
2590	2   8   5 
2592	1   5 
2590	1   9 
2592	2   8   9 
2594	2   6   4 
2596	1   8 
2594	1   9 
2596	2   5   9 
2598	2   8   5 
2600	1   5 
2600	2   9   8 
2602	1   9 
2601	1   5 
2602	1   8 
2602	1   5 
2603	1   9 
2600	6   2   0 
2606	2   9   6 
2608	2   4   9 
2610	1   9 
2608	1   6 
2610	2   4   6 
2612	1   4 
2612	1   6 
2613	2   9   6 
2615	2   4   9 
2617	2   6   4 
2619	1   6 
2617	1   9 
2619	1   4 
2618	1   9 
2620	1   6 
2619	1   9 
2621	2   6   7 
2623	2  10   6 
2623	1   7 
2625	1   6 
2625	2  10   7 
2627	1   7 
2627	1  10 
2628	2   6   7 
2630	2  10   6 
2632	1   6 
2633	1   6 
2632	2   7  10 
2634	2   6   4 
2636	2   9   6 
2636	1  10 
2636	1   7 
2638	1   6 
2638	2   4   9 
2640	2   4   6 
2642	1   4 
2642	1   6 
2640	1   9 
2642	2   7  10 
2644	2   9   6 
2646	2   4   9 
2648	1   9 
2649	1   9 
2648	2   6   4 
2650	1   6 
2650	1   4 
2650	2   9   8 
2652	2   5   9 
2654	2   8   5 
2654	1   9 
2656	1   5 
2656	2   8   9 
2658	2   6   4 
2660	1   8 
2658	1   9 
2660	2   5   9 
2662	2   8   5 
2664	2   9   8 
2666	1   8 
2664	1   5 
2666	1   9 
2667	1   9 
2668	2   9   6 
2670	2   4   9 
2670	1   6 
2672	2   4   6 
2674	1   8 
2674	1   5 
2675	1   5 
2672	1   9 
2674	1   4 
2674	1   6 
2675	2   9   6 
2677	2   4   9 
2679	1   9 
2680	1   9 
2681	1   9 
2679	2   6   4 
2681	1   4 
2681	1   6 
2682	1   6 
2683	2   6   7 
2685	1   7 
2685	2  10   6 
2687	1   6 
2687	2  10   7 
2689	1  10 
2689	1   7 
2690	2   6   7 
2692	2  10   6 
2694	1   6 
2695	1   6 
2696	2   6   4 
2698	2   7  10 
2700	1   7 
2700	2   9   6 
2702	1   6 
2702	2   4   9 
2704	1   9 
2704	2   4   6 
2706	1   4 
2706	1  10 
2706	1   6 
2707	2   7  10 
2709	2   9   6 
2711	2   4   9 
2713	2   6   4 
2715	1   4 
2713	1   9 
2715	1   6 
2716	2   6   4 
2718	2   5   6 
2720	2   4   5 
2720	1   6 
2722	2   4   6 
2724	1   5 
2724	1   4 
2724	1   6 
2725	2   5   6 
2727	2   4   5 
2714	1   9 
2729	2   1   9 
2731	2   6   4 
2733	6   5   0 
2739	1   0 
2733	1   4 
2740	1   0 
2733	1   6 
2741	1   0 
2734	1   6 
2739	2   6   7 
2741	2  10   6 
2743	1   6 
2741	1   7 
2743	2  10   7 
2745	1   7 
2746	2   6   7 
2745	1  10 
2748	2  10   6 
2750	2   7  10 
2750	1   6 
2751	1   6 
2752	6   9   6 
2758	1   9 
2752	1  10 
2752	1   7 
2753	1   7 
2758	2   7   2 
2760	1   2 
2760	2   5   7 
2762	2   5   2 
2762	1   7 
2764	6   7   5 
2770	1   7 
2764	1   2 
2770	2   5   2 
2772	2   7   5 
2774	6   8   0 
2774	1   5 
2775	1   5 
2776	1   5 
2774	2   2   7 
2776	1   2 
2777	1   2 
2776	1   7 
2780	2   2   1 
2782	2   6   2 
2782	1   1 
2784	2   6   1 
2784	1   2 
2786	1   1 
2786	1   6 
2787	2   2   1 
2789	2   6   2 
2791	1   2 
2792	1   2 
2791	2   1   6 
2793	1   6 
2793	2   2   7 
2793	1   1 
2795	2   5   2 
2797	1   2 
2797	2   7   5 
2799	1   5 
2799	2   7   2 
2801	2   1   6 
2801	1   7 
2801	1   2 
2803	2   5   2 
2805	2   7   5 
2807	1   5 
2807	2   2   7 
2809	1   2 
2808	1   5 
2809	2   5  10 
2809	1   7 
2811	2   2   7 
2811	2   9   5 
2813	1   5 
2813	2  10   9 
2815	1   9 
2815	2  10   5 
2817	1  10 
2817	1   5 
2818	2   9   5 
2820	2  10   9 
2822	2   5  10 
2824	1  10 
2824	1   5 
2822	1   9 
2823	1   9 
2824	2   9   4 
2826	2   8   9 
2828	2   4   8 
2828	1   9 
2830	1   8 
2830	2   4   9 
2832	1   4 
2832	1   9 
2833	2   8   9 
2835	2   4   8 
2837	2   9   4 
2839	2   5  10 
2839	1   9 
2837	1   8 
2839	1   4 
2840	1   9 
2841	2   9   5 
2838	1   8 
2839	1   8 
2840	1   4 
2843	2  10   9 
2843	1   5 
2845	1   9 
2845	2  10   5 
2847	1  10 
2847	1   5 
2848	2   9   5 
2850	2  10   9 
2852	1   9 
2853	1   9 
2854	1   9 
2852	2   5  10 
2854	1  10 
2854	1   5 
2855	1   5 
2856	2   5   2 
2858	2   7   5 
2858	1   2 
2860	2   7   2 
2860	1   5 
2862	1   2 
2863	2   5   2 
2862	1   7 
2865	2   7   5 
2867	1   5 
2868	1   5 
2869	1   5 
2867	2   2   7 
2869	1   7 
2869	1   2 
2870	1   2 
2871	2   2   1 
2873	2   6   2 
2875	1   2 
2873	1   1 
2875	2   6   1 
2877	1   1 
2877	1   6 
2878	2   2   1 
2880	2   6   2 
2882	1   2 
2882	2   1   6 
2883	1   2 
2884	6   9   6 
2890	1   9 
2884	1   1 
2891	2   9   4 
2890	2   2   7 
2893	2   8   9 
2895	2   4   8 
2897	2   5   2 
2895	1   9 
2899	2   7   5 
2901	1   5 
2901	2   4   9 
2903	1   4 
2897	1   8 
2903	1   9 
2899	1   2 
2901	2   7   2 
2903	1   2 
2904	2   5   2 
2903	1   7 
2906	2   7   5 
2908	2   8   9 
2908	1   5 
2909	1   5 
2910	2   5  10 
2912	2   6   5 
2914	2  10   6 
2916	1   6 
2914	1   5 
2914	2   4   8 
2916	1   8 
2916	2  10   5 
2918	2   9   4 
2917	1   8 
2920	1   4 
2920	1   9 
2918	1  10 
2918	2   2   7 
2918	1   8 
2918	1   5 
2920	1   7 
2920	1   2 
2921	1   9 
2920	2   6   5 
2922	2  10   6 
2924	1   6 
2925	1   6 
2924	2   5  10 
2926	1  10 
2926	2   7   6 
2926	1   5 
2928	2   1   5 
2930	2   9   1 
2932	1   1 
2932	2   5   9 
2934	1   9 
2934	2   5   1 
2936	6  10   6 
2936	1   1 
2936	1   5 
2942	2   9   1 
2944	2   5   9 
2946	2   1   5 
2948	1   1 
2948	1   5 
2946	1   9 
2949	1   1 
2948	2   2   6 
2950	2   1   2 
2952	1   2 
2952	2   6   1 
2947	1   9 
2954	2   6   2 
2956	1   2 
2956	1   6 
2954	1   1 
2957	2   1   2 
2948	1   9 
2959	2   6   1 
2961	1   1 
2962	1   1 
2963	1   1 
2961	2   2   6 
2963	1   6 
2963	1   2 
2964	1   2 
2965	2   2   7 
2967	1   7 
2967	2  10   2 
2969	2  10   7 
2971	1   7 
2971	1  10 
2969	1   2 
2972	2   2   7 
2974	2  10   2 
2976	2   7  10 
2976	1   2 
2978	1   7 
2977	1   2 
2978	2   2   6 
2980	2   1   2 
2978	1  10 
2980	2   7  10 
2982	1   2 
2982	2   6   1 
2984	1   1 
2984	2   6   2 
2986	1   6 
2986	1   2 
2987	2   1   2 
2989	2   6   1 
2991	2   2   6 
2993	1   2 
2993	1   6 
2991	1   1 
2992	1   1 
2993	2   1   5 
2995	2   9   1 
2997	1   1 
2997	2   5   9 
2999	1   9 
2999	2   5   1 
3001	1   5 
3001	1   1 
3002	2   9   1 
3004	2   5   9 
3006	2   1   5 
3008	1   1 
3006	1   9 
3008	2   2   6 
3007	1   9 
3008	1   5 
3008	2   9   4 
3010	2   8   9 
3012	2   4   8 
3012	1   9 
3014	1   8 
3014	2   4   9 
3016	1   4 
3016	1   9 
3017	2   8   9 
3019	2   4   8 
3021	2   9   4 
3021	1   8 
3023	2   1   5 
3023	1   9 
3024	1   9 
3022	1   8 
3023	1   4 
3023	1   8 
3025	2   9   1 
3027	1   1 
3027	2   5   9 
3029	2   5   1 
3029	1   9 
3031	1   5 
3031	1   1 
3032	2   9   1 
3034	2   5   9 
3036	1   9 
3037	1   9 
3036	2   1   5 
3038	1   5 
3038	1   1 
3039	1   1 
3038	1   9 
3040	2   1   2 
3042	1   2 
3042	2   6   1 
3044	1   1 
3044	2   6   2 
3046	1   6 
3046	1   2 
3047	2   1   2 
3049	2   6   1 
3051	2   2   6 
3051	1   1 
3053	1   2 
3052	1   1 
3053	1   6 
3054	1   2 
3053	1   1 
3055	2   2   7 
3057	1   7 
3057	2  10   2 
3059	1   2 
3059	2  10   7 
3061	1   7 
3061	1  10 
3062	2   2   7 
3064	2  10   2 
3066	2   7  10 
3068	1   7 
3068	1  10 
3066	1   2 
3067	1   2 
3068	2   2   6 
3070	2   1   2 
3072	1   2 
3072	2   6   1 
3074	2   6   2 
3074	1   1 
3076	1   2 
3076	1   6 
3077	2   1   2 
3079	2   6   1 
3081	2   2   6 
3083	1   2 
3081	1   1 
3082	1   1 
3084	1   2 
3083	1   6 
3083	2   1   5 
3085	2   9   1 
3087	2   5   9 
3089	1   9 
3087	1   1 
3089	2   5   1 
3091	1   5 
3091	1   1 
3092	2   9   1 
3094	2   5   9 
3096	1   9 
3097	1   9 
3096	2   1   5 
3098	2   9   4 
3098	1   1 
3098	2   6   7 
3098	1   5 
3100	2   8   9 
3102	2   4   8 
3104	1   8 
3102	1   9 
3104	2   4   9 
3106	1   4 
3106	1   9 
3107	2   8   9 
3109	2   4   8 
3111	2   9   4 
3111	1   8 
3112	1   8 
3113	2  10   5 
3113	1   9 
3113	1   8 
3114	1   9 
3115	2   9  10 
3117	1  10 
3113	1   4 
3117	2   5   9 
3119	1   9 
3119	2   5  10 
3121	1   5 
3121	1  10 
3122	2   9  10 
3124	2   5   9 
3126	1   9 
3127	1   9 
3128	1   9 
3126	2  10   5 
3128	1   5 
3128	1  10 
3129	1  10 
3130	2  10   6 
3132	1   6 
3132	2   7  10 
3134	2   7   6 
3136	1   6 
3136	1   7 
3134	1  10 
3137	2  10   6 
3139	2   7  10 
3141	2   6   7 
3141	1  10 
3143	1   6 
3143	1   7 
3142	1  10 
3143	2  10   5 
3145	2   9  10 
3147	2   5   9 
3147	1  10 
3149	2   5  10 
3151	1  10 
3149	1   9 
3152	2   9  10 
3151	1   5 
3154	2   5   9 
3156	1   9 
3157	1   9 
3156	2  10   5 
3158	2   6   7 
3158	2   9   4 
3160	2   8   9 
3158	1  10 
3162	1   9 
3162	2   4   8 
3164	1   8 
3158	1   5 
3164	2   4   9 
3166	1   4 
3166	2  10   5 
3166	1   9 
3168	2   8   9 
3170	2   4   8 
3172	2   9   4 
3174	1   9 
3174	1   4 
3172	1   8 
3175	1   9 
3173	1   8 
3174	1   8 
3176	2   9  10 
3178	2   5   9 
3180	1   9 
3178	1  10 
3180	2   5  10 
3182	1  10 
3182	1   5 
3183	2   9  10 
3185	2   5   9 
3187	1   9 
3188	1   9 
3189	1   9 
3187	2  10   5 
3189	1   5 
3189	1  10 
3190	1  10 
3191	2  10   6 
3193	2   7  10 
3195	1  10 
3193	1   6 
3195	2   7   6 
3197	1   7 
3197	1   6 
3198	2  10   6 
3200	2   7  10 
3202	2   6   7 
3204	1   6 
3204	1   7 
3205	1   7 
3202	1  10 
3203	1  10 
3204	2  10   5 
3206	2   9  10 
3208	2   5   9 
3208	1  10 
3210	2   5  10 
3212	1  10 
3212	1   5 
3210	1   9 
3212	6   9   6 
3218	2   6  10 
3212	6   4   0 
3220	2   5   6 
3222	1   6 
3223	1   6 
3224	1   6 
3222	2  10   5 
3224	1  10 
3224	1   5 
3225	2   7   6 
3225	1   5 
3227	2  10   5 
3229	2   2  10 
3231	2   5   2 
3233	1   2 
3231	1  10 
3233	2   5  10 
3235	1   5 
3235	1  10 
3236	2   2  10 
3238	2   5   2 
3240	1   2 
3241	1   2 
3242	1   2 
3240	2  10   5 
3242	1   5 
3242	1  10 
3243	1  10 
3244	2  10   7 
3246	2   6  10 
3246	1   7 
3248	2   6   7 
3250	1   7 
3248	1  10 
3251	2  10   7 
3250	1   6 
3253	2   6  10 
3255	1  10 
3256	1  10 
3255	2   7   6 
3257	1   7 
3257	1   6 
3258	2   7   6 
3260	2  10   5 
3262	2   2  10 
3264	1  10 
3264	2   5   2 
3266	1   2 
3266	2   5  10 
3268	1   5 
3268	1  10 
3269	2   2  10 
3271	2   5   2 
3273	1   2 
3274	1   2 
3273	2  10   5 
3275	6   9   5 
3281	1   9 
3275	1  10 
3276	1  10 
3281	2  10   7 
3283	1   7 
3283	2   6  10 
3285	1  10 
3285	2   6   7 
3287	1   7 
3287	1   6 
3288	2  10   7 
3290	2   6  10 
3292	2   7   6 
3294	1   6 
3294	1   7 
3292	1  10 
3293	1  10 
3294	2  10   9 
3296	2   8  10 
3298	2   9   8 
3298	2   7   6 
3300	1   8 
3298	1  10 
3300	2   9  10 
3302	1  10 
3302	1   9 
3303	2   8  10 
3305	2   9   8 
3307	2  10   9 
3307	1   8 
3309	1  10 
3308	1   8 
3309	1   9 
3309	1   8 
3310	1  10 
3311	2  10   7 
3313	1   7 
3313	2   6  10 
3315	1  10 
3315	2   6   7 
3317	1   7 
3317	1   6 
3318	2  10   7 
3320	2   6  10 
3322	1  10 
3323	1  10 
3322	2   7   6 
3324	1   7 
3324	1   6 
3324	2  10   9 
3326	2   8  10 
3328	2   7   6 
3328	1  10 
3328	2   9   8 
3330	1   8 
3330	2   9  10 
3332	1   9 
3332	1  10 
3333	2   8  10 
3335	2   9   8 
3337	2  10   9 
3337	1   8 
3339	1   9 
3338	1   8 
3339	1  10 
3339	1   8 
3340	1  10 
3341	2  10   7 
3343	1   7 
3343	2   6  10 
3345	1  10 
3345	2   6   7 
3347	1   6 
3347	1   7 
3348	2  10   7 
3350	2   6  10 
3352	2   7   6 
3354	1   7 
3355	1   7 
3352	1  10 
3353	1  10 
3354	2  10   9 
3354	1   6 
3356	2   8  10 
3358	1  10 
3358	2   5   6 
3360	2   4   5 
3362	1   5 
3362	2   9   8 
3364	2   6   4 
3366	1   4 
3366	1   8 
3366	2   9  10 
3368	1  10 
3368	1   9 
3368	2   6   5 
3370	1   5 
3370	2   8  10 
3372	2   4   5 
3374	2   9   8 
3372	1   6 
3376	2   6   4 
3378	2   5   6 
3380	1   5 
3380	2  10   9 
3382	2   5   7 
3384	1   4 
3384	1   9 
3378	1   8 
3379	1   8 
3384	1   6 
3385	1   4 
3382	1  10 
3386	1   4 
3380	1   8 
3383	1  10 
3384	2  10   5 
3386	2   7  10 
3388	1  10 
3386	1   5 
3388	2   7   5 
3390	1   7 
3390	1   5 
3391	2  10   5 
3393	2   7  10 
3395	2   5   7 
3397	2   1   6 
3397	1   7 
3395	1  10 
3396	1  10 
3397	1  10 
3397	1   5 
3398	1   5 
3399	2   5   1 
3401	2   6   5 
3401	1   1 
3403	1   5 
3403	2   6   1 
3405	1   6 
3405	1   1 
3406	2   5   1 
3408	2   6   5 
3410	1   5 
3411	1   5 
3410	2   1   6 
3412	2   5   7 
3414	2  10   5 
3416	2   7  10 
3416	1   5 
3414	1   1 
3418	2   7   5 
3420	1   6 
3420	1   5 
3420	1   7 
3418	1  10 
3421	2  10   5 
3423	2   7  10 
3425	2   5   7 
3425	1  10 
3427	1   7 
3427	1   5 
3426	1  10 
3427	2  10   9 
3429	2   8  10 
3431	2   5   7 
3431	1  10 
3433	2   1   6 
3433	2   9   8 
3435	1   8 
3435	2   9  10 
3437	1  10 
3437	1   9 
3438	2   8  10 
3440	2   9   8 
3442	1   8 
3442	2  10   9 
3443	1   8 
3444	6   8   4 
3450	1   4 
3444	1   9 
3445	1   9 
3444	1  10 
3445	1  10 
3450	2  10   5 
3452	1   5 
3452	2   7  10 
3454	1  10 
3454	2   7   5 
3456	1   7 
3456	1   5 
3457	2  10   5 
3459	2   7  10 
3461	2   5   7 
3463	1   7 
3461	1  10 
3462	1  10 
3463	1  10 
3463	1   5 
3464	1   5 
3465	2   5   1 
3467	1   1 
3467	2   6   5 
3469	1   5 
3469	2   6   1 
3471	1   6 
3471	1   1 
3472	2   5   1 
3474	2   6   5 
3476	1   5 
3476	2   1   6 
3477	1   5 
3478	2   5   7 
3480	1   1 
3480	1   6 
3481	2   1   9 
3483	2   4   1 
3485	2  10   5 
3487	1   5 
3485	1   1 
3487	2   7  10 
3489	1  10 
3489	2   7   5 
3491	1   7 
3491	1   5 
3491	2   9   4 
3493	2  10   5 
3493	1   4 
3495	2   7  10 
3497	2   9   1 
3499	1  10 
3500	1  10 
3499	2   5   7 
3501	6   5   0 
3501	1   7 
3501	1   1 
3507	2   4   1 
3507	2  10   6 
3507	1   0 
3509	2   2   7 
3501	1   9 
3509	2   9   4 
3511	2   1   9 
3513	1   9 
3513	2   5   0 
3511	1   4 
3512	1   4 
3513	1   1 
3513	1   4 
3514	1   1 
3515	2   1   5 
3517	2   0   1 
3517	1   5 
3519	1   1 
3519	2   0   5 
3521	1   5 
3521	1   0 
3522	2   1   5 
3524	2   0   1 
3526	1   1 
3526	2   5   0 
3528	1   5 
3529	1   5 
3530	2   5   2 
3528	1   0 
3532	1   2 
3527	1   1 
3528	1   1 
3532	2   7   5 
3534	1   5 
3534	2   7   2 
3536	1   7 
3536	1   2 
3537	2   5   2 
3539	2   7   5 
3541	1   5 
3542	1   5 
3543	1   5 
3541	2   2   7 
3543	1   7 
3543	1   2 
3544	1   2 
3545	2   2  10 
3547	1  10 
3547	2   6   2 
3549	1   2 
3549	2   6  10 
3551	1  10 
3551	1   6 
3552	2   2  10 
3554	2   6   2 
3556	1   2 
3557	1   2 
3556	2  10   6 
3558	1  10 
3558	2   2   7 
3558	1   6 
3560	2   5   2 
3562	2   7   5 
3564	1   5 
3564	2  10   6 
3562	1   2 
3566	2   7   2 
3568	1   7 
3568	1   2 
3569	2   5   2 
3571	2   7   5 
3573	1   5 
3574	1   5 
3573	2   2   7 
3575	1   2 
3575	1   7 
3575	2   5   0 
3577	2   2   7 
3579	2   1   5 
3581	1   5 
3581	2   0   1 
3583	1   1 
3583	2   0   5 
3585	1   5 
3585	1   0 
3586	2   1   5 
3588	2   0   1 
3590	1   1 
3590	2   5   0 
3591	1   1 
3592	2   1   9 
3594	2   4   1 
3596	2   9   4 
3596	1   1 
3598	1   4 
3594	1   0 
3594	1   5 
3598	2   9   1 
3600	1   1 
3600	1   9 
3601	2   4   1 
3603	2   9   4 
3605	2   5   0 
3605	1   4 
3606	1   4 
3607	1   4 
3607	2   1   9 
3609	6  11   9 
3609	1   1 
3615	1  11 
3610	1   1 
3615	2   1   5 
3617	1   5 
3617	2   0   1 
3619	1   1 
3619	2   0   5 
3621	1   5 
3622	2   1   5 
3621	1   0 
3624	6   9   8 
3624	2   0   1 
3630	2   5   0 
3632	1   5 
3633	1   5 
3634	2   5   2 
3636	1   2 
3632	1   0 
3626	1   1 
3627	1   1 
3628	1   1 
3636	2   7   5 
3638	1   5 
3638	2   7   2 
3640	1   2 
3640	1   7 
3641	2   5   2 
3643	2   7   5 
3645	2   2   7 
3647	1   2 
3648	1   2 
3647	1   7 
3645	1   5 
3646	1   5 
3647	1   5 
3649	2   2  10 
3651	1  10 
3651	2   6   2 
3653	1   2 
3653	2   6  10 
3655	1  10 
3655	1   6 
3656	2   2  10 
3658	2   6   2 
3660	1   2 
3661	1   2 
3660	2  10   6 
3662	1  10 
3662	2   2   7 
3662	1   6 
3664	2   5   2 
3666	1   2 
3666	2   7   5 
3668	1   5 
3668	2   7   2 
3670	1   7 
3670	1   2 
3671	2   5   2 
3673	2   7   5 
3675	2   2   7 
3677	1   2 
3675	1   5 
3677	1   7 
3678	2   7  11 
3676	1   5 
3677	2   5   0 
3679	2   1   5 
3681	6  10   8 
3681	1   5 
3681	2   0   1 
3687	2   0   5 
3689	1   5 
3689	1   0 
3683	1   1 
3690	2   1   5 
3692	2   0   1 
3687	6  11   7 
3693	6  11  10 
3694	1   1 
3695	1   1 
3696	1   1 
3694	2   5   0 
3696	1   5 
3696	1   0 
3697	1   0 
3697	2   5   1 
3699	2   9   5 
3701	1   5 
3702	2   1   9 
3704	1   9 
3704	2   1   5 
3706	1   1 
3706	1   5 
3699	6  11   7 
3707	2   9   5 
3705	6  14  11 
3711	2   1   9 
3713	1   9 
3713	2   5   1 
3714	1   9 
3713	6  14  13 
3715	1   1 
3715	1   5 
3715	1   9 
3716	2   5   1 
3718	2   4   5 
3720	1   5 
3720	2   1   4 
3722	2   1   5 
3724	1   1 
3722	1   4 
3724	1   5 
3725	2   4   5 
3727	2   1   4 
3729	1   4 
3729	2   5   1 
3731	1   1 
3730	1   4 
3731	1   4 
3731	1   5 
3732	2   8   5 
3734	2   4   8 
3734	2   1   6 
3736	2   5   4 
3738	1   4 
3736	1   8 
3738	2   5   8 
3740	2   2   0 
3740	1   5 
3740	1   8 
3742	2   4   8 
3744	2   5   4 
3746	1   4 
3746	2   8   5 
3747	1   4 
3748	1   5 
3748	1   8 
3748	1   4 
3748	6   1   0 
3749	1   8 
3750	2   8  10 
3752	1  10 
3752	2  13   8 
3754	2  13  10 
3756	1  13 
3756	1  10 
3754	1   8 
3757	2   8  10 
3759	2  13   8 
3761	2  10  13 
3763	1  13 
3763	1  10 
3764	1  10 
3761	1   8 
3762	1   8 
3763	1   8 
3759	6   5   1 
3765	2  10   2 
3767	2   5  10 
3769	1  10 
3767	1   2 
3769	2   5   2 
3771	1   5 
3771	1   2 
3772	2  10   2 
3774	2   5  10 
3776	2   2   5 
3778	1   5 
3776	1  10 
3777	1  10 
3778	1  10 
3778	1   2 
3779	1   2 
3778	6   1   0 
3784	2   2   1 
3786	2   6   2 
3786	1   1 
3788	1   2 
3788	2   6   1 
3790	1   6 
3790	1   1 
3791	2   2   1 
3778	6  13   9 
3793	2   6   2 
3795	1   2 
3795	2   1   6 
3796	1   2 
3797	1   1 
3797	1   6 
3797	2   2   5 
3799	2  10   2 
3801	1   2 
3801	2   5  10 
3803	1  10 
3803	2   5   2 
3805	1   5 
3805	1   2 
3806	2  10   2 
3808	2   5  10 
3810	2   2   5 
3810	1  10 
3812	1   2 
3811	1  10 
3812	1   5 
3812	2  10   9 
3814	2   8  10 
3816	1  10 
3816	2   1   6 
3816	2   9   8 
3818	1   8 
3818	2   9  10 
3820	1  10 
3820	1   9 
3821	2   8  10 
3823	2   9   8 
3825	2   2   5 
3825	1   8 
3826	1   8 
3827	2   8   0 
3829	2   4   8 
3831	2  10   9 
3833	1  10 
3831	1   8 
3831	2   0   4 
3833	1   4 
3833	1   9 
3834	2   0   8 
3836	1   8 
3837	2   4   8 
3839	2  10   9 
3836	1   0 
3839	2   0   4 
3841	2   8   0 
3843	1   8 
3844	1   8 
3843	1   0 
3845	2   8  10 
3847	2   9   8 
3849	1   8 
3847	1  10 
3849	2   9  10 
3847	1   4 
3848	1   4 
3849	1   4 
3851	1   9 
3851	1  10 
3852	2   8  10 
3854	2   9   8 
3856	1   8 
3857	1   8 
3856	2  10   9 
3858	1   9 
3858	1  10 
3858	1   8 
3859	1  10 
3860	2  10   2 
3862	1   2 
3862	2   5  10 
3864	1  10 
3864	2   5   2 
3866	1   5 
3866	1   2 
3867	2  10   2 
3869	2   5  10 
3871	1  10 
3872	1  10 
3873	1  10 
3871	2   2   5 
3873	1   5 
3873	1   2 
3874	1   2 
3875	2   2   1 
3877	1   1 
3877	2   6   2 
3879	1   2 
3879	2   6   1 
3881	1   6 
3881	1   1 
3882	2   2   1 
3884	2   6   2 
3886	2   1   6 
3886	1   2 
3887	1   2 
3888	1   6 
3888	2   2   5 
3888	1   1 
3890	2  10   2 
3892	1   2 
3892	2   5  10 
3894	1  10 
3894	2   5   2 
3896	1   2 
3896	1   5 
3897	2  10   2 
3899	2   5  10 
3901	1  10 
3902	1  10 
3901	2   1   6 
3903	2  10   9 
3905	2   8  10 
3907	1  10 
3907	2   9   8 
3909	1   8 
3909	2   9  10 
3911	1   9 
3911	1  10 
3912	2   8  10 
3914	2   9   8 
3914	6   6   2 
3916	1   8 
3917	1   8 
3918	2   8   0 
3920	2   4   8 
3922	1   8 
3922	2  10   9 
3924	1  10 
3922	2   0   4 
3924	2   0   8 
3926	1   4 
3926	1   9 
3926	1   0 
3926	2   6   5 
3926	1   8 
3928	2   4   8 
3928	1   6 
3929	2   6  10 
3928	1   5 
3930	2   0   4 
3932	2   8   0 
3934	1   8 
3934	1   4 
3934	1   0 
3935	1   4 
3934	2   9   5 
3936	1   4 
3935	1   8 
3936	2   8   9 
3938	1   9 
3938	2   5   8 
3940	2   5   9 
3940	1   8 
3942	1   9 
3943	2   8   9 
3942	1   5 
3945	2   5   8 
3947	2   9   5 
3949	1   9 
3947	1   8 
3950	1   9 
3948	1   8 
3951	2   9   6 
3949	1   8 
3953	1   6 
3949	1   5 
3953	2  10   9 
3955	1   9 
3955	2  10   6 
3957	1   6 
3957	1  10 
3958	2   9   6 
3960	2  10   9 
3962	1   9 
3963	1   9 
3964	1   9 
3962	2   6  10 
3964	1  10 
3964	1   6 
3965	1   6 
3966	2   6   1 
3968	2   2   6 
3968	1   1 
3970	2   2   1 
3970	1   6 
3972	1   2 
3972	1   1 
3973	2   6   1 
3975	2   2   6 
3977	1   6 
3977	2   1   2 
3979	1   1 
3979	1   2 
3978	1   6 
3979	2   6  10 
3981	2   9   6 
3983	2   1   2 
3983	2  10   9 
3985	1   9 
3983	1   6 
3985	2  10   6 
3987	1   6 
3987	1  10 
3988	2   9   6 
3990	2  10   9 
3992	2   6  10 
3992	1   9 
3994	1   6 
3993	1   9 
3994	2   9   5 
3994	1  10 
3996	2   8   9 
3998	2   5   8 
4000	1   8 
3998	1   9 
4000	2   5   9 
4002	1   5 
4002	1   9 
4003	2   8   9 
4005	2   5   8 
4007	2   9   5 
4007	1   8 
4009	2   6  10 
4009	1   5 
4008	1   8 
4009	2   8   0 
4011	2   4   8 
4013	2   0   4 
4015	1   4 
4013	1   8 
4011	1   9 
4016	2   0   8 
4018	1   8 
4018	1   0 
4019	2   4   8 
4021	2   0   4 
4023	2   8   0 
4025	2   9   5 
4025	1   4 
4025	1   0 
4026	1   4 
4025	1   8 
4027	1   4 
4026	1   8 
4027	2   8   9 
4029	2   5   8 
4029	1   9 
4031	1   8 
4031	2   5   9 
4033	1   9 
4033	1   5 
4034	2   8   9 
4036	2   5   8 
4038	1   8 
4038	2   9   5 
4039	1   8 
4040	1   8 
4040	1   5 
4040	1   9 
4041	1   9 
4042	2   9   6 
4044	1   6 
4044	2  10   9 
4046	1   9 
4046	2  10   6 
4048	1  10 
4048	1   6 
4049	2   9   6 
4051	2  10   9 
4053	2   6  10 
4055	1  10 
4055	1   6 
4053	1   9 
4054	1   9 
4055	1   9 
4056	1   6 
4057	2   6   1 
4059	1   1 
4059	2   2   6 
4061	1   6 
4061	2   2   1 
4063	1   2 
4063	1   1 
4064	2   6   1 
4066	2   2   6 
4068	2   1   2 
4070	1   1 
4070	1   2 
4068	1   6 
4069	1   6 
4070	2   6  10 
4072	2   9   6 
4074	1   6 
4074	2  10   9 
4076	1   9 
4076	2  10   6 
4078	1   6 
4079	2   9   6 
4078	1  10 
4071	6   1   0 
4081	2  10   9 
4083	2   6  10 
4085	1  10 
4083	1   9 
4085	1   6 
4084	1   9 
4085	2   9   5 
4087	2   6  10 
4089	2   8   9 
4091	2   5   8 
4091	1   9 
4093	1   8 
4093	2   5   9 
4095	1   5 
4095	1   9 
4096	2   8   9 
4095	6   6   2 
4101	2   5   8 
4103	2   9   5 
4105	1   9 
4106	2   6   9 
4105	1   5 
4103	1   8 
4106	1   5 
4108	2   4   6 
4110	1   8 
4110	2   1   5 
4112	2   0   8 
4114	2   9   4 
4116	1   4 
4110	1   6 
4116	2   9   6 
4118	1   6 
4118	1   9 
4119	2   4   6 
4121	2   9   4 
4123	6  10   9 
4129	2   6  10 
4131	1   6 
4132	1   6 
4123	1   4 
4131	1  10 
4124	1   4 
4133	2   6   1 
4125	1   4 
4135	1   1 
4135	2   5   6 
4137	2   5   1 
4137	1   6 
4139	6   5   2 
4145	1   2 
4139	1   1 
4145	2   6   1 
4147	6   9   4 
4147	2   2   6 
4149	1   6 
4149	2   1   2 
4150	1   6 
4151	1   2 
4151	1   1 
4151	1   6 
4152	1   1 
4153	2   1   5 
4155	1   5 
4155	2   4   1 
4157	1   1 
4157	2   4   5 
4159	1   4 
4159	1   5 
4160	2   1   5 
4162	2   4   1 
4164	1   1 
4165	1   1 
4166	1   1 
4164	2   5   4 
4166	1   4 
4166	1   5 
4167	1   5 
4168	2   5   0 
4170	2   8   5 
4172	1   5 
4170	1   0 
4172	2   8   0 
4174	1   8 
4174	1   0 
4175	2   5   0 
4177	2   8   5 
4179	2   0   8 
4181	1   8 
4179	1   5 
4180	1   5 
4181	2   5   4 
4183	2   1   5 
4185	1   5 
4185	2   4   1 
4181	1   0 
4187	1   1 
4187	2   4   5 
4189	1   4 
4189	1   5 
4190	2   1   5 
4192	2   4   1 
4194	1   1 
4195	1   1 
4194	2   5   4 
4196	1   4 
4196	2   1   2 
4198	2   6   1 
4200	2   2   6 
4200	1   1 
4202	2   2   1 
4196	1   5 
4204	2   5   4 
4202	1   6 
4204	1   2 
4204	1   1 
4206	2   6   1 
4208	2   2   6 
4208	2   0   8 
4210	1   6 
4211	1   6 
4210	2   1   2 
4212	1   2 
4212	1   1 
4212	2   6  10 
4214	2   9   6 
4216	1   6 
4216	2   1   2 
4216	2  10   9 
4218	2  10   6 
4218	1   9 
4220	1  10 
4220	1   6 
4221	2   9   6 
4223	2  10   9 
4225	1   9 
4226	1   9 
4227	1   9 
4225	2   6  10 
4227	1   6 
4227	1  10 
4228	1   6 
4229	2   6   1 
4231	1   1 
4231	2   2   6 
4233	2   2   1 
4233	1   6 
4235	1   1 
4236	2   6   1 
4235	1   2 
4238	2   2   6 
4240	1   6 
4241	1   6 
4242	1   6 
4240	2   1   2 
4242	1   1 
4243	1   1 
4244	2   1   5 
4246	1   5 
4242	1   2 
4246	2   4   1 
4248	2   4   5 
4250	1   4 
4248	1   1 
4250	1   5 
4251	2   1   5 
4253	2   4   1 
4255	1   1 
4256	1   1 
4257	1   1 
4255	2   5   4 
4257	1   5 
4258	1   5 
4257	1   4 
4259	2   5   0 
4261	1   0 
4261	2   8   5 
4263	1   5 
4263	2   8   0 
4265	1   8 
4265	1   0 
4266	2   5   0 
4268	2   8   5 
4270	2   0   8 
4272	1   0 
4272	1   8 
4270	1   5 
4271	1   5 
4272	2   5   4 
4274	2   1   5 
4276	2   4   1 
4278	1   1 
4276	1   5 
4278	2   4   5 
4280	1   4 
4280	1   5 
4281	2   1   5 
4283	2   4   1 
4285	1   1 
4286	1   1 
4287	2   1   2 
4289	2   6   1 
4291	2   2   6 
4293	1   6 
4291	1   1 
4293	2   2   1 
4295	1   2 
4295	1   1 
4296	2   6   1 
4298	2   2   6 
4300	6   6   4 
4306	2   1   2 
4308	1   1 
4306	1   4 
4307	1   4 
4308	1   2 
4308	2   5   6 
4310	2   8   4 
4310	1   6 
4309	1   1 
4311	2   6   1 
4313	2   9   6 
4315	1   6 
4315	2   1   9 
4317	1   9 
4317	2   1   6 
4317	1   5 
4319	6   4   0 
4319	1   1 
4319	1   6 
4320	2   9   6 
4322	2  10   2 
4325	2   1   9 
4327	1   9 
4328	1   9 
4327	2   6   1 
4329	1   9 
4329	1   6 
4329	2   5   4 
4329	1   1 
4330	1   6 
4331	2   6  10 
4331	6   8   4 
4333	1  10 
4333	2   2   6 
4335	2   2  10 
4337	1   6 
4337	1  10 
4337	1   2 
4338	2   6  10 
4340	2   2   6 
4342	2  10   2 
4344	1   2 
4344	1   6 
4344	1  10 
4345	1  10 
4346	2  10   5 
4348	1   5 
4348	2   8  10 
4350	1  10 
4350	2   8   5 
4352	1   5 
4350	1   6 
4353	2  10   5 
4351	1   6 
4352	1   8 
4355	2   8  10 
4357	1  10 
4358	1  10 
4359	1  10 
4357	2   5   8 
4359	1   8 
4359	1   5 
4360	1   5 
4361	2   5   4 
4363	1   4 
4363	2   0   5 
4365	1   5 
4365	2   0   4 
4367	1   0 
4367	1   4 
4368	2   5   4 
4370	2   0   5 
4372	2   4   0 
4374	1   0 
4374	1   4 
4372	1   5 
4373	1   5 
4374	2   5   8 
4376	2  10   5 
4378	2   8  10 
4380	1  10 
4380	2   4   0 
4378	1   5 
4382	2   8   5 
4384	1   8 
4384	1   5 
4385	2  10   5 
4387	2   8  10 
4389	2   5   8 
4391	1   5 
4391	1   8 
4389	1  10 
4392	2   5   8 
4390	1  10 
4394	2  10   2 
4396	2   6  10 
4398	1  10 
4398	2   2   6 
4400	2   2  10 
4402	1   6 
4402	1   2 
4402	1  10 
4403	2   6  10 
4405	2   2   6 
4407	1   6 
4408	2  10   2 
4410	1   2 
4410	1  10 
4410	1   6 
4411	2  10   2 
4413	2   6   1 
4415	2   9   6 
4417	1   6 
4417	2   1   9 
4419	2   1   6 
4421	1   6 
4419	1   9 
4421	1   1 
4422	2   9   6 
4424	2   1   9 
4426	6   9   8 
4432	1   8 
4433	1   8 
4434	1   8 
4426	2   6   1 
4428	1   1 
4428	1   6 
4429	1   6 
4432	2   6  10 
4434	1  10 
4434	2   2   6 
4436	2   2  10 
4438	1  10 
4438	1   6 
4438	1   2 
4439	2   6  10 
4441	2   2   6 
4441	6  14  13 
4443	1   6 
4444	1   6 
4445	1   6 
4447	2  10   2 
4449	1   2 
4449	1  10 
4450	1  10 
4451	2  10   5 
4453	1   5 
4453	2   9  10 
4455	1  10 
4455	2   9   5 
4457	1   5 
4457	1   9 
4458	2  10   5 
4460	2   9  10 
4462	2   5   9 
4462	1  10 
4463	1  10 
4464	1   9 
4464	1  10 
4464	1   5 
4465	1   5 
4466	2   5   4 
4468	2   0   5 
4470	1   5 
4468	1   4 
4470	2   0   4 
4472	1   0 
4472	1   4 
4473	2   5   4 
4475	2   0   5 
4477	1   5 
4478	1   5 
4479	2   5   9 
4481	2  10   5 
4483	2   4   0 
4483	2   9  10 
4485	1  10 
4485	1   4 
4483	1   5 
4485	1   0 
4485	2   9   5 
4487	1   9 
4487	1   5 
4487	2   4   0 
4489	2  10   5 
4491	2   9  10 
4493	1  10 
4494	1  10 
4493	2   5   9 
4495	2  10   2 
4495	1   5 
4497	1   9 
4497	2   6  10 
4496	1   5 
4499	2   2   6 
4499	1  10 
4501	2   2  10 
4503	1   6 
4503	1  10 
4503	1   2 
4504	2   6  10 
4506	2   2   6 
4508	2  10   2 
4510	1  10 
4510	1   2 
4510	1   6 
4511	1   6 
4510	6   5   0 
4516	2   6   9 
4518	2  14   6 
4520	1   6 
4520	2   9  14 
4522	2   9   6 
4522	1  14 
4524	1   9 
4524	1   6 
4525	2  14   6 
4527	2   9  14 
4529	2   6   9 
4531	1   9 
4529	1  14 
4530	1  14 
4531	1  14 
4531	1   6 
4532	1   6 
4533	2   6   4 
4535	1   4 
4535	2   5   6 
4537	1   6 
4537	2   5   4 
4539	1   4 
4539	1   5 
4540	2   6   4 
4542	2   5   6 
4544	1   6 
4545	1   6 
4544	2   4   5 
4546	2   6   9 
4546	1   4 
4546	1   5 
4548	2  14   6 
4550	2   9  14 
4552	1  14 
4550	1   6 
4552	2   9   6 
4554	2   4   5 
4554	1   6 
4554	1   9 
4556	2  14   6 
4558	2   9  14 
4560	2   6   9 
4562	1   6 
4560	1  14 
4562	1   9 
4561	1  14 
4563	1   6 
4564	2   6   4 
4562	6  14  13 
4566	2   5   6 
4566	1   4 
4568	1   6 
4568	2   5   4 
4570	1   5 
4570	1   4 
4571	2   6   4 
4573	2   5   6 
4575	1   6 
4575	2   4   5 
4577	1   4 
4577	1   5 
4576	1   6 
4578	2   5  13 
4580	2   8   5 
4582	2  10   6 
4582	2  13   8 
4584	1   8 
4582	1   5 
4584	2  13   5 
4586	1   5 
4587	2   8   5 
4586	1  13 
4589	2  13   8 
4591	2   5  13 
4593	2   4   1 
4593	1  13 
4593	1   5 
4591	1   8 
4592	1   8 
4594	1   5 
4595	2   5   4 
4597	2   1   5 
4597	1   4 
4599	1   5 
4599	2   1   4 
4601	1   1 
4593	1   8 
4601	1   4 
4602	2   5   4 
4604	2   1   5 
4606	1   5 
4606	2   4   1 
4608	1   1 
4608	1   4 
4609	1   4 
4607	1   5 
4608	1   5 
4606	6  10   9 
4612	2   4   9 
4614	1   9 
4614	2   6   4 
4616	1   4 
4616	2   6   9 
4618	1   6 
4618	1   9 
4619	2   4   9 
4621	2   6   4 
4623	1   4 
4624	1   4 
4623	2   9   6 
4625	1   9 
4625	2   4   1 
4627	2   5   4 
4629	2   1   5 
4625	1   6 
4629	1   4 
4631	1   5 
4631	2   1   4 
4633	1   1 
4633	1   4 
4634	2   5   4 
4636	2   1   5 
4638	1   5 
4639	1   5 
4638	2   4   1 
4640	2   5  13 
4642	2   8   5 
4644	1   5 
4642	1   4 
4644	2  13   8 
4646	1   8 
4646	2  13   5 
4648	1  13 
4648	2   9   6 
4648	1   1 
4648	1   5 
4650	2   8   5 
4652	2  13   8 
4654	1   8 
4654	2   5  13 
4655	1   8 
4656	6  14  13 
4662	1  14 
4656	1   5 
4656	2   4   1 
4657	1   5 
4656	1   8 
4658	2   5   4 
4660	2   1   5 
4663	1  14 
4662	1   5 
4660	1   4 
4662	2   1   4 
4664	1   4 
4664	1   1 
4665	2   5   4 
4667	2   1   5 
4669	2   4   1 
4669	1   5 
4671	1   1 
4670	1   5 
4671	1   5 
4671	1   4 
4672	1   4 
4673	2   4   9 
4675	1   9 
4675	2   6   4 
4677	2   6   9 
4679	1   6 
4679	1   9 
4677	1   4 
4680	2   4   9 
4682	2   6   4 
4684	2   9   6 
4686	1   6 
4686	1   9 
4687	2   6  10 
4684	1   4 
4685	1   4 
4686	2   4   1 
4689	2   5   4 
4691	1   4 
4691	2  14   6 
4693	1   6 
4693	2  10  14 
4693	2   1   5 
4695	1   5 
4695	2  10   6 
4697	1  10 
4695	1  14 
4697	1   6 
4695	2   1   4 
4697	1   4 
4697	1   1 
4698	2   5   4 
4700	2  14   6 
4702	2  10  14 
4704	1  14 
4702	2   1   5 
4704	2   4   1 
4704	1   5 
4706	1   4 
4704	2   6  10 
4705	1  14 
4706	1  14 
4706	1   1 
4706	1  10 
4705	1   5 
4707	2   4   5 
4706	1   6 
4707	1   6 
4709	2   6   4 
4711	1   4 
4711	2   5   6 
4713	2   5   4 
4713	1   6 
4715	1   4 
4715	1   5 
4716	2   6   4 
4718	2   5   6 
4720	2   4   5 
4722	1   4 
4722	1   5 
4720	1   6 
4721	1   6 
4722	2   6  10 
4724	2  14   6 
4726	1   6 
4726	2   4   5 
4726	2  10  14 
4728	1  14 
4728	2  10   6 
4730	1   6 
4730	1  10 
4731	2  14   6 
4733	2  10  14 
4735	2   6  10 
4737	1  10 
4735	1  14 
4736	1  14 
4737	1   6 
4737	6  14  13 
4738	1   6 
4739	2   6   4 
4741	1   4 
4741	2   5   6 
4743	1   6 
4743	2   5   4 
4745	1   4 
4745	1   5 
4746	2   6   4 
4748	2   5   6 
4750	1   6 
4750	2   4   5 
4752	1   5 
4753	2   5  13 
4755	1   6 
4755	2   8   5 
4755	1   4 
4757	1   5 
4757	2  13   8 
4759	2  13   5 
4759	1   8 
4761	2   4   1 
4761	1   5 
4761	1  13 
4763	2   8   5 
4765	2  13   8 
4767	1   8 
4768	1   8 
4769	1   8 
4767	2   5  13 
4769	1  13 
4769	2   9   6 
4769	1   5 
4770	1   5 
4771	2   5   4 
4773	1   4 
4773	2   1   5 
4775	2   1   4 
4777	1   4 
4777	1   1 
4775	1   5 
4778	2   5   4 
4780	2   1   5 
4782	1   5 
4783	1   5 
4784	1   5 
4782	2   4   1 
4784	1   1 
4784	1   4 
4785	1   4 
4786	2   4   9 
4788	1   9 
4788	2   6   4 
4790	1   4 
4790	2   6   9 
4792	1   9 
4792	1   6 
4793	2   4   9 
4795	2   6   4 
4797	2   9   6 
4799	1   6 
4797	1   4 
4799	1   9 
4798	1   4 
4799	2   4   1 
4801	2   5   4 
4803	2   1   5 
4803	1   4 
4805	1   5 
4805	2   1   4 
4807	1   1 
4807	1   4 
4808	2   5   4 
4810	2   1   5 
4812	1   5 
4813	1   5 
4812	2   9   6 
4814	2   5  13 
4816	2   8   5 
4818	2  13   8 
4818	1   5 
4820	1   8 
4820	2  13   5 
4822	1  13 
4822	2   4   1 
4824	1   4 
4824	1   1 
4822	1   5 
4824	2   8   5 
4826	2  13   8 
4828	1   8 
4829	1   8 
4830	1   8 
4828	2   5  13 
4830	1  13 
4831	1  13 
4830	2   4   1 
4830	1   5 
4831	1   5 
4832	6  14  13 
4832	2   5   4 
4834	2   1   5 
4836	1   5 
4834	1   4 
4836	2   1   4 
4838	1   4 
4839	2   5   4 
4838	1   1 
4841	2   1   5 
4843	1   5 
4843	2   4   1 
4845	1   1 
4844	1   5 
4845	1   5 
4845	1   4 
4846	1   4 
4847	2   4   9 
4849	1   9 
4849	2   6   4 
4851	2   6   9 
4853	1   9 
4851	1   4 
4853	1   6 
4854	2   4   9 
4856	2   6   4 
4858	2   9   6 
4860	1   9 
4860	1   6 
4858	1   4 
4861	1   6 
4861	1   9 
4859	1   4 
4860	2   4   1 
4862	2   5   4 
4864	1   4 
4864	2   1   5 
4866	2   6  10 
4866	2   1   4 
4866	1   5 
4868	1   4 
4868	1   1 
4869	2   5   4 
4871	2   1   5 
4873	2   4   1 
4875	1   1 
4875	1   4 
4876	1   4 
4873	1   5 
4874	1   5 
4875	2   5   2 
4877	2   0   5 
4879	1   5 
4879	2   2   0 
4881	1   0 
4881	2   2   5 
4883	1   2 
4883	1   5 
4884	2   0   5 
4886	2   2   0 
4888	1   0 
4889	1   0 
4890	1   0 
4888	2   5   2 
4890	1   2 
4890	1   5 
4891	1   5 
4892	2   5   6 
4894	1   6 
4894	2  10   5 
4896	1   5 
4896	2  10   6 
4898	1   6 
4899	2   5   6 
4898	1  10 
4901	2  10   5 
4903	2   6  10 
4903	1   5 
4905	1  10 
4905	1   6 
4904	1   5 
4905	2   5   2 
4907	2   0   5 
4909	1   5 
4909	2   2   0 
4911	1   0 
4911	2   2   5 
4913	1   2 
4913	1   5 
4914	2   0   5 
4916	2   2   0 
4918	2   5   2 
4918	1   0 
4920	2   6  10 
4920	1   5 
4921	1   5 
4922	2   5   6 
4924	1   6 
4924	2  10   5 
4926	1   5 
4926	2  10   6 
4928	1  10 
4928	1   6 
4929	2   5   6 
4931	2  10   5 
4933	1   5 
4933	2   6  10 
4935	1   6 
4935	1  10 
4934	1   5 
4936	2   6  10 
4938	2  14   6 
4940	2   4   5 
4940	1   6 
4940	2  10  14 
4942	1  14 
4942	2  10   6 
4944	1  10 
4944	1   6 
4945	2  14   6 
4947	2  10  14 
4949	1  14 
4950	1  14 
4951	1  14 
4949	2   6  10 
4951	1  10 
4951	1   6 
4952	1   6 
4953	2   6   4 
4955	1   4 
4955	2   5   6 
4957	2   5   4 
4957	1   6 
4959	1   4 
4959	1   5 
4960	2   6   4 
4962	2   5   6 
4964	2   4   5 
4964	1   6 
4966	1   4 
4966	1   5 
4965	1   6 
4966	2   6  10 
4968	2  14   6 
4970	1   6 
4970	2   4   5 
4970	2  10  14 
4972	1  14 
4972	2  10   6 
4974	1   6 
4974	1  10 
4975	2  14   6 
4977	2  10  14 
4979	1  14 
4979	2   6  10 
4980	1  14 
4981	1   6 
4982	1   6 
4981	1  10 
4981	6  14  13 
4983	2   6   4 
4985	1   4 
4985	2   5   6 
4987	1   6 
4987	2   5   4 
4989	1   4 
4989	1   5 
4990	2   6   4 
4992	2   5   6 
4994	1   6 
4994	2   4   5 
4996	1   4 
4996	1   5 
4997	2   5  13 
4999	1   6 
4999	2   8   5 
5001	1   5 
5001	2  13   8 
5003	1   8 
5003	2  13   5 
5005	2   4   1 
5005	1   5 
5005	1  13 
5007	2   8   5 
5009	2  13   8 
5011	2   5  13 
5013	2   9   6 
5011	1   8 
5013	1  13 
5012	1   8 
5013	1   8 
5013	1   5 
5014	1   5 
5015	2   5   4 
5017	2   1   5 
5019	1   5 
5017	1   4 
5019	2   1   4 
5021	1   1 
5021	1   4 
5022	2   5   4 
5024	2   1   5 
5026	2   4   1 
5028	1   1 
5028	1   4 
5026	1   5 
5027	1   5 
5028	1   5 
5029	1   4 
5030	2   4   9 
5032	1   9 
5032	2   6   4 
5034	1   4 
5034	2   6   9 
5036	1   9 
5037	2   4   9 
5036	1   6 
5039	2   6   4 
5041	1   4 
5042	1   4 
5041	2   9   6 
5043	1   6 
5043	1   9 
5043	2   4   1 
5045	2   5   4 
5047	1   4 
5047	2   9   6 
5049	2   1   5 
5051	2   1   4 
5051	1   5 
5053	1   4 
5053	1   1 
5054	2   5   4 
5056	2   1   5 
5058	2   4   1 
5058	1   5 
5059	1   5 
5060	2   5  13 
5062	2   8   5 
5062	1   1 
5064	1   5 
5064	2  13   8 
5066	1   8 
5062	1   4 
5066	2  13   5 
5068	1   5 
5068	1  13 
5069	2   8   5 
5071	2  13   8 
5073	2   5  13 
5073	1   8 
5074	1   8 
5075	1   8 
5075	2   4   1 
5075	1   5 
5075	1  13 
5076	1   5 
5077	2   5   4 
5076	1  13 
5079	1   4 
5079	2   1   5 
5081	1   5 
5081	2   1   4 
5083	1   1 
5083	1   4 
5077	6  14  13 
5084	2   5   4 
5086	2   1   5 
5088	1   5 
5089	1   5 
5090	1   5 
5088	2   4   1 
5090	1   1 
5090	1   4 
5091	1   4 
5092	2   4   9 
5094	2   6   4 
5094	1   9 
5096	2   6   9 
5096	1   4 
5098	1   9 
5098	1   6 
5099	2   4   9 
5101	2   6   4 
5103	1   4 
5104	1   4 
5103	2   9   6 
5105	1   9 
5105	1   6 
5105	2   4   1 
5106	2   6  10 
5108	2   5   4 
5110	1   4 
5110	2  14   6 
5112	1   6 
5112	2  10  14 
5112	2   1   5 
5114	1  14 
5114	2  10   6 
5116	1   6 
5114	1   5 
5116	1  10 
5114	2   1   4 
5116	1   1 
5116	1   4 
5117	2   5   4 
5119	2  14   6 
5121	2   1   5 
5123	1   5 
5124	1   5 
5123	2   4   1 
5125	1   1 
5121	2  10  14 
5123	2   6  10 
5125	1   6 
5123	1  14 
5125	1   4 
5124	1  14 
5125	1  14 
5125	1  10 
5126	1   6 
5126	2   4   5 
5128	2   6   4 
5130	1   4 
5130	2   5   6 
5132	1   6 
5132	2   5   4 
5134	1   4 
5134	1   5 
5135	2   6   4 
5137	2   5   6 
5139	2   4   5 
5141	1   4 
5139	1   6 
5141	1   5 
5140	1   6 
5141	2   6  10 
5143	2  14   6 
5145	2   4   5 
5145	1   6 
5145	2  10  14 
5147	1  14 
5147	2  10   6 
5149	1  10 
5149	1   6 
5150	2  14   6 
5152	2  10  14 
5154	2   6  10 
5154	1  14 
5156	1   6 
5155	1  14 
5156	6  14  13 
5157	1   6 
5158	2   6   4 
5160	1   4 
5160	2   5   6 
5162	1   6 
5162	2   5   4 
5164	1   5 
5164	1   4 
5165	2   6   4 
5167	2   5   6 
5169	1   6 
5169	2   4   5 
5171	1   4 
5171	1   5 
5172	2   5  13 
5174	1   6 
5174	2   8   5 
5176	1   5 
5176	2  13   8 
5178	1   8 
5178	2  13   5 
5180	1  13 
5180	2   4   1 
5180	1   5 
5182	2   8   5 
5184	2  13   8 
5186	2   5  13 
5188	2   9   6 
5186	1   8 
5188	1   5 
5189	1   5 
5190	2   5   4 
5188	1  13 
5192	1   4 
5192	2   1   5 
5194	2   1   4 
5194	1   5 
5196	1   1 
5187	1   8 
5188	1   8 
5196	1   4 
5197	2   5   4 
5199	2   1   5 
5201	2   4   1 
5203	1   1 
5201	1   5 
5202	1   5 
5203	1   5 
5203	1   4 
5204	1   4 
5205	2   4   9 
5207	1   9 
5207	2   6   4 
5209	1   4 
5209	2   6   9 
5211	1   9 
5211	1   6 
5212	2   4   9 
5214	2   6   4 
5216	1   4 
5216	2   9   6 
5218	1   9 
5218	1   6 
5217	1   4 
5218	2   4   1 
5220	2   5   4 
5222	2   1   5 
5222	1   4 
5224	1   5 
5224	2   1   4 
5226	1   1 
5226	1   4 
5227	2   5   4 
5229	2   1   5 
5231	2   9   6 
5231	1   5 
5232	1   5 
5233	2   5  13 
5235	2   8   5 
5237	2  13   8 
5237	1   5 
5239	1   8 
5239	2  13   5 
5241	1  13 
5241	2   4   1 
5243	1   1 
5241	1   5 
5243	2   8   5 
5245	2  13   8 
5247	1   8 
5243	1   4 
5247	2   5  13 
5249	2   4   1 
5249	1   5 
5250	1   5 
5251	2   5   4 
5253	2   1   5 
5255	1   5 
5253	1   4 
5255	2   1   4 
5257	1   1 
5257	1   4 
5258	2   5   4 
5260	2   1   5 
5262	1   5 
5263	1   5 
5264	1   5 
5262	2   4   1 
5264	1   1 
5264	1   4 
5265	1   4 
5266	2   4   9 
5268	2   6   4 
5270	1   4 
5268	1   9 
5270	2   6   9 
5272	1   6 
5272	1   9 
5273	2   4   9 
5275	2   6   4 
5277	1   4 
5278	1   4 
5277	2   9   6 
5279	2   4   1 
5281	2   5   4 
5283	1   4 
5283	2   1   5 
5285	1   5 
5285	2   1   4 
5287	1   1 
5287	1   4 
5288	2   5   4 
5290	2   1   5 
5292	1   5 
5292	2   4   1 
