   1	1   4 
   2	1   4 
   1	1   5 
   1	1   0 
   1	1   9 
   1	1   6 
   1	1   1 
   1	1   8 
   2	1   8 
   2	2   0   5 
   4	2   4   0 
   6	1   0 
   4	2   6   9 
   6	2   5   4 
   8	1   4 
   8	2   5   0 
  10	1   5 
  10	1   0 
  11	2   4   0 
  13	2   5   4 
  15	1   4 
  16	1   4 
  15	2   0   5 
  17	1   5 
  17	1   0 
  18	2   0   4 
  20	2   8   0 
  22	1   0 
  22	2   4   8 
  24	1   8 
  24	2   4   0 
  26	1   4 
  26	1   0 
  27	2   8   0 
  29	2   4   8 
  31	1   8 
  32	1   8 
  33	1   8 
  31	2   0   4 
  33	1   4 
  33	1   0 
  34	1   0 
  33	2   5   1 
  35	2   0   5 
  37	1   5 
  37	2   1   0 
  39	1   0 
  39	2   1   5 
  41	1   5 
  41	1   1 
  42	2   0   5 
  44	2   1   0 
  46	1   0 
  47	1   0 
  48	1   0 
  46	2   5   1 
  48	1   1 
  48	1   5 
  49	1   5 
  50	2   5   6 
  52	1   6 
  52	2   9   5 
  54	1   5 
  54	2   9   6 
  56	1   9 
  56	1   6 
  57	2   5   6 
  59	2   9   5 
  61	1   5 
  62	1   5 
  61	2   6   9 
  63	1   9 
  63	1   6 
  63	2   5   1 
  65	2   0   5 
  67	1   5 
  67	2   6   9 
  67	2   1   0 
  69	1   0 
  69	2   1   5 
  71	1   5 
  71	1   1 
  72	2   0   5 
  74	2   1   0 
  76	1   0 
  77	1   0 
  76	2   5   1 
  78	1   5 
  78	1   1 
  78	2   0   4 
  80	2   8   0 
  82	1   0 
  82	2   4   8 
  84	1   8 
  84	2   4   0 
  86	1   4 
  86	1   0 
  87	2   8   0 
  89	2   4   8 
  91	1   8 
  92	1   8 
  93	1   8 
  91	2   0   4 
  93	1   4 
  94	1   4 
  93	1   0 
  94	1   0 
  93	2   5   1 
  95	2   0   5 
  97	1   5 
  97	2   1   0 
  99	1   0 
  99	2   1   5 
 101	1   5 
 101	1   1 
 102	2   0   5 
 104	2   1   0 
 106	1   0 
 107	1   0 
 108	1   0 
 106	2   5   1 
 108	1   1 
 108	1   5 
 109	1   5 
 110	2   5   6 
 112	1   6 
 112	2   9   5 
 114	1   5 
 114	2   9   6 
 116	1   9 
 116	1   6 
 117	2   5   6 
 119	2   9   5 
 121	1   5 
 122	1   5 
 121	2   6   9 
 123	1   9 
 123	1   6 
 123	2   5   1 
 125	2   0   5 
 127	1   5 
 127	2   6   9 
 127	2   1   0 
 129	1   0 
 129	2   1   5 
 131	1   5 
 131	1   1 
 132	2   0   5 
 134	2   1   0 
 136	1   0 
 137	1   0 
 136	2   5   1 
 138	1   5 
 138	1   1 
 139	2   0   5 
 141	2   4   0 
 143	1   0 
 143	2   5   4 
 145	1   4 
 145	2   5   0 
 147	1   5 
 147	1   0 
 148	2   4   0 
 150	2   5   4 
 152	1   4 
 153	1   4 
 152	2   0   5 
 154	1   5 
 154	1   0 
 155	2   0   4 
 157	2   8   0 
 159	1   0 
 159	2   4   8 
 161	2   4   0 
 163	1   4 
 163	1   0 
 161	1   8 
 164	2   8   0 
 166	2   4   8 
 168	1   8 
 169	1   8 
 170	1   8 
 168	2   0   4 
 170	1   4 
 170	2   5   1 
 170	1   0 
 171	1   0 
 172	2   0   5 
 174	1   5 
 174	2   1   0 
 176	2   1   5 
 178	1   5 
 176	1   0 
 179	2   0   5 
 178	1   1 
 181	2   1   0 
 183	2   5   1 
 185	1   1 
 183	1   0 
 184	1   0 
 185	1   5 
 186	1   5 
 185	1   0 
 187	2   5   6 
 189	1   6 
 189	2   9   5 
 191	2   9   6 
 193	1   6 
 193	1   9 
 191	1   5 
 194	2   5   6 
 196	2   9   5 
 198	2   6   9 
 198	1   5 
 200	1   6 
 199	1   5 
 200	1   9 
 200	2   5   1 
 202	2   0   5 
 204	1   5 
 204	2   6   9 
 204	2   1   0 
 206	1   0 
 206	2   1   5 
 208	1   5 
 208	1   1 
 209	2   0   5 
 211	2   1   0 
 213	1   0 
 214	1   0 
 213	2   5   1 
 215	2   0   4 
 215	1   5 
 217	2   8   0 
 219	1   0 
 219	1   1 
 219	2   4   8 
 221	1   8 
 221	2   4   0 
 223	1   0 
 223	1   4 
 224	2   8   0 
 226	2   4   8 
 228	2   0   4 
 230	1   0 
 230	1   4 
 228	1   8 
 231	1   0 
 229	1   8 
 230	2   5   1 
 232	2   0   5 
 230	1   8 
 234	2   1   0 
 234	1   5 
 236	2   1   5 
 238	1   5 
 236	1   0 
 238	1   1 
 239	2   0   5 
 241	2   1   0 
 243	1   0 
 244	1   0 
 245	1   0 
 243	2   5   1 
 245	1   5 
 245	1   1 
 246	1   5 
 247	2   5   6 
 249	1   6 
 249	2   9   5 
 251	1   5 
 251	2   9   6 
 253	1   6 
 253	1   9 
 254	2   5   6 
 256	2   9   5 
 258	1   5 
 259	1   5 
 258	2   6   9 
 260	1   9 
 260	1   6 
 260	2   5   1 
 262	2   0   5 
 264	2   1   0 
 264	2   6   9 
 264	1   5 
 266	1   0 
 266	2   1   5 
 268	1   5 
 268	1   1 
 269	2   0   5 
 271	2   1   0 
 273	1   0 
 274	1   0 
 273	2   5   1 
 275	1   5 
 276	1   5 
 275	1   1 
 275	2   0   4 
 277	2   5   0 
 279	1   0 
 279	2   4   5 
 281	2   4   0 
 283	1   4 
 281	1   5 
 283	1   0 
 284	2   5   0 
 286	2   4   5 
 288	2   0   4 
 290	1   0 
 290	1   4 
 288	1   5 
 289	1   5 
 291	2   0   5 
 293	2   8   0 
 295	1   0 
 295	2   5   8 
 297	1   8 
 297	2   5   0 
 299	1   5 
 299	1   0 
 300	2   8   0 
 302	2   5   8 
 304	1   8 
 305	1   8 
 304	2   0   5 
 306	1   8 
 306	2   4   1 
 306	1   0 
 306	1   5 
 307	1   0 
 308	2   0   4 
 310	1   4 
 310	2   1   0 
 312	1   0 
 312	2   1   4 
 314	1   4 
 314	1   1 
 315	2   0   4 
 317	2   1   0 
 319	1   0 
 320	1   0 
 321	1   0 
 319	2   4   1 
 321	1   4 
 321	1   1 
 322	1   4 
 323	2   4   6 
 325	1   6 
 325	2   9   4 
 327	2   9   6 
 327	1   4 
 329	1   9 
 329	1   6 
 330	2   4   6 
 332	2   9   4 
 334	1   4 
 334	2   6   9 
 336	1   6 
 335	1   4 
 336	2   4   1 
 336	1   9 
 338	2   6   9 
 338	2   0   4 
 340	1   4 
 340	2   1   0 
 342	2   1   4 
 344	1   4 
 342	1   0 
 344	1   1 
 345	2   0   4 
 347	2   1   0 
 349	2   4   1 
 351	1   1 
 351	1   4 
 349	1   0 
 350	1   0 
 351	2   0   5 
 353	2   8   0 
 355	2   5   8 
 357	1   8 
 355	1   0 
 357	2   5   0 
 359	1   0 
 359	1   5 
 360	2   8   0 
 362	2   5   8 
 364	2   0   5 
 366	2   4   1 
 364	1   8 
 365	1   8 
 366	1   8 
 366	1   5 
 367	1   5 
 366	1   0 
 367	1   0 
 368	2   0   4 
 370	1   4 
 370	2   1   0 
 372	1   0 
 372	2   1   4 
 374	1   4 
 374	1   1 
 375	2   0   4 
 377	2   1   0 
 379	1   0 
 380	1   0 
 381	1   0 
 379	2   4   1 
 381	1   1 
 381	1   4 
 382	1   4 
 383	2   4   6 
 385	2   9   4 
 387	1   4 
 385	1   6 
 387	2   9   6 
 389	1   6 
 389	1   9 
 390	2   4   6 
 392	2   9   4 
 394	2   6   9 
 394	1   4 
 396	1   6 
 395	1   4 
 396	2   4   1 
 398	2   0   4 
 396	1   9 
 400	1   4 
 398	2   6   9 
 400	2   1   0 
 402	1   0 
 402	2   1   4 
 404	1   1 
 404	1   4 
 405	2   0   4 
 407	2   1   0 
 409	1   0 
 410	1   0 
 409	2   4   1 
 411	1   4 
 411	1   1 
 412	2   0   4 
 414	2   5   0 
 416	2   4   5 
 418	1   5 
 416	1   0 
 418	2   4   0 
 420	1   0 
 420	1   4 
 421	2   5   0 
 423	2   4   5 
 425	1   5 
 426	1   5 
 425	2   0   4 
 427	1   4 
 427	1   0 
 428	2   0   5 
 430	2   8   0 
 432	2   5   8 
 434	1   8 
 432	1   0 
 434	2   5   0 
 436	1   0 
 437	2   8   0 
 436	1   5 
 439	2   5   8 
 441	1   8 
 442	1   8 
 441	2   0   5 
 443	2   4   1 
 443	1   8 
 443	1   5 
 443	1   0 
 444	1   0 
 445	2   0   4 
 447	1   4 
 447	2   1   0 
 449	1   0 
 449	2   1   4 
 451	1   1 
 451	1   4 
 452	2   0   4 
 454	2   1   0 
 456	2   4   1 
 458	1   1 
 456	1   0 
 458	1   4 
 459	1   4 
 457	1   0 
 458	1   0 
 460	2   4   6 
 462	1   6 
 462	2   9   4 
 464	1   4 
 464	2   9   6 
 466	1   9 
 466	1   6 
 467	2   4   6 
 469	2   9   4 
 471	1   4 
 471	2   6   9 
 472	1   4 
 473	1   9 
 473	1   6 
 473	2   4   1 
 475	2   6   9 
 475	2   0   4 
 477	2   1   0 
 477	1   4 
 479	2   1   4 
 481	1   1 
 481	1   4 
 479	1   0 
 482	2   0   4 
 484	2   1   0 
 486	1   0 
 486	2   4   1 
 488	1   4 
 488	1   1 
 487	1   0 
 488	2   0   5 
 490	2   8   0 
 492	1   0 
 492	2   5   8 
 494	1   8 
 494	2   5   0 
 496	1   5 
 496	2   4   1 
 496	1   0 
 498	2   8   0 
 500	2   5   8 
 502	2   0   5 
 502	1   8 
 504	1   5 
 504	1   0 
 503	1   8 
 505	1   0 
 504	1   8 
 506	2   0   4 
 508	1   4 
 508	2   1   0 
 510	2   1   4 
 512	1   1 
 510	1   0 
 512	1   4 
 513	2   0   4 
 515	2   1   0 
 517	2   4   1 
 519	1   1 
 517	1   0 
 518	1   0 
 519	1   0 
 519	1   4 
 520	1   4 
 521	2   4   6 
 523	1   6 
 523	2   9   4 
 525	1   4 
 525	2   9   6 
 527	1   6 
 527	1   9 
 528	2   4   6 
 530	2   9   4 
 532	2   6   9 
 534	1   9 
 534	1   6 
 532	1   4 
 533	1   4 
 534	2   4   1 
 536	2   0   4 
 538	6   9   8 
 538	2   1   0 
 540	1   0 
 538	1   4 
 544	2   1   4 
 546	1   4 
 547	2   0   4 
 546	1   1 
 546	6   9   6 
 549	2   1   0 
 551	1   0 
 552	1   0 
 552	2   4   1 
 554	1   4 
 554	1   1 
 555	2   5   1 
 557	2   6   5 
 559	1   5 
 559	2   1   6 
 561	1   6 
 561	2   1   5 
 563	2   8   0 
 565	1   1 
 563	1   5 
 565	2   6   5 
 567	2   1   6 
 569	2   5   1 
 571	1   5 
 571	2   4   9 
 569	1   6 
 572	1   5 
 573	2   5   4 
 575	1   4 
 570	1   6 
 575	2   9   5 
 577	1   5 
 577	2   9   4 
 571	1   1 
 579	1   4 
 579	1   9 
 571	1   6 
 580	2   5   4 
 582	2   9   5 
 584	1   5 
 585	1   5 
 586	1   5 
 584	2   4   9 
 586	1   4 
 586	1   9 
 587	1   4 
 588	2   4   8 
 590	1   8 
 590	2   0   4 
 592	2   0   8 
 594	1   8 
 594	1   4 
 595	2   4   8 
 594	1   0 
 597	2   0   4 
 599	2   8   0 
 601	1   4 
 601	1   8 
 601	1   0 
 602	1   4 
 603	2   4   9 
 605	2   5   4 
 607	1   4 
 607	2   9   5 
 609	1   5 
 609	2   9   4 
 611	1   9 
 611	1   4 
 612	2   5   4 
 614	2   9   5 
 616	1   5 
 616	2   8   0 
 617	1   5 
 618	2   5   1 
 620	2   6   5 
 622	1   5 
 622	2   1   6 
 624	2   1   5 
 626	1   5 
 626	1   1 
 624	1   6 
 626	2   4   9 
 628	1   4 
 628	1   9 
 628	2   6   5 
 630	2   1   6 
 632	1   6 
 633	1   6 
 634	1   6 
 632	2   5   1 
 634	2   4   9 
 634	1   5 
 635	1   5 
 634	1   1 
 636	2   5   4 
 638	1   4 
 638	2   9   5 
 640	1   5 
 640	2   9   4 
 642	1   9 
 642	1   4 
 643	2   5   4 
 645	2   9   5 
 647	1   5 
 648	1   5 
 649	1   5 
 647	2   4   9 
 649	1   4 
 650	1   4 
 649	1   9 
 651	2   4   8 
 653	1   8 
 653	2   0   4 
 655	2   0   8 
 657	1   8 
 657	1   0 
 657	1   4 
 658	2   4   8 
 660	2   0   4 
 662	1   4 
 663	2   8   0 
 665	1   4 
 666	2   4   9 
 665	1   8 
 665	1   0 
 666	1   0 
 668	2   5   4 
 670	2   9   5 
 670	1   4 
 672	2   9   4 
 674	1   9 
 672	1   5 
 674	1   4 
 675	2   5   4 
 677	2   9   5 
 679	1   5 
 680	1   5 
 679	2   4   9 
 681	1   9 
 681	1   4 
 682	2   5   4 
 684	2   0   5 
 686	1   5 
 686	2   4   0 
 688	1   0 
 688	2   4   5 
 690	1   4 
 690	1   5 
 691	2   0   5 
 693	2   4   0 
 695	1   0 
 695	2   5   4 
 696	1   0 
 697	1   4 
 697	1   5 
 697	2   9   8 
 697	6   1   0 
 703	2   5   1 
 705	2   6   5 
 707	1   5 
 707	2   1   6 
 709	1   6 
 709	2   1   5 
 711	1   5 
 711	1   1 
 712	2   6   5 
 714	2   1   6 
 716	1   6 
 717	1   6 
 718	1   6 
 716	2   5   1 
 718	1   5 
 719	1   5 
 718	1   1 
 718	2   4   0 
 720	2   5   4 
 722	2   0   5 
 722	1   4 
 724	1   5 
 724	2   0   4 
 726	1   0 
 726	1   4 
 727	2   5   4 
 729	2   0   5 
 731	2   4   0 
 733	1   0 
 731	1   5 
 732	1   5 
 733	1   5 
 733	1   4 
 734	1   4 
 735	2   4   9 
 737	1   9 
 737	2   8   4 
 739	1   4 
 739	2   8   9 
 741	1   8 
 741	1   9 
 742	2   4   9 
 744	2   8   4 
 746	2   9   8 
 748	1   8 
 748	1   9 
 746	1   4 
 747	1   4 
 748	2   4   0 
 750	2   5   4 
 752	1   4 
 752	2   0   5 
 754	2   0   4 
 756	1   4 
 756	1   0 
 754	1   5 
 757	2   5   4 
 759	2   0   5 
 761	2   4   0 
 763	1   0 
 761	1   5 
 762	1   5 
 763	1   4 
 763	2   5   1 
 765	2   6   5 
 767	1   5 
 767	2   9   8 
 767	2   1   6 
 769	2   1   5 
 771	1   5 
 769	1   6 
 771	1   1 
 772	2   6   5 
 774	2   1   6 
 776	2   5   1 
 778	2   4   0 
 778	1   5 
 779	1   5 
 778	1   1 
 780	2   5   4 
 779	1   1 
 782	2   0   5 
 784	1   5 
 776	1   6 
 777	1   6 
 778	1   6 
 782	1   4 
 784	2   0   4 
 786	1   4 
 787	2   5   4 
 786	1   0 
 789	2   0   5 
 791	2   4   0 
 791	1   5 
 793	1   0 
 792	1   5 
 793	1   5 
 793	1   4 
 794	1   4 
 795	2   4   9 
 797	2   8   4 
 797	1   9 
 799	1   4 
 799	2   8   9 
 801	1   9 
 802	2   4   9 
 801	1   8 
 804	2   8   4 
 806	2   9   8 
 806	1   4 
 808	1   8 
 807	1   4 
 808	1   9 
 808	2   4   0 
 810	2   5   4 
 812	1   4 
 812	2   0   5 
 814	1   5 
 814	2   0   4 
 816	2   9   8 
 816	1   4 
 818	2   5   4 
 816	1   0 
 820	2   0   5 
 822	2   4   0 
 824	1   4 
 824	1   0 
 822	1   5 
 823	1   5 
 825	2   5   4 
 827	2   1   5 
 829	1   5 
 829	2   4   1 
 831	1   1 
 831	2   4   5 
 833	1   5 
 833	1   4 
 834	2   1   5 
 836	2   4   1 
 838	2   5   4 
 840	1   4 
 840	1   5 
 838	1   1 
 839	1   1 
 841	2   5   1 
 843	2   6   5 
 845	2   1   6 
 847	1   6 
 845	1   5 
 847	2   1   5 
 849	1   1 
 849	1   5 
 850	2   6   5 
 852	2   1   6 
 854	1   6 
 855	1   6 
 856	1   6 
 854	2   5   1 
 856	2   4   0 
 856	1   1 
 856	1   5 
 857	1   5 
 858	2   5   4 
 860	1   4 
 860	2   0   5 
 862	2   0   4 
 864	1   0 
 864	1   4 
 862	1   5 
 865	2   5   4 
 867	2   0   5 
 869	1   5 
 870	1   5 
 871	1   5 
 869	2   4   0 
 871	1   0 
 871	1   4 
 872	1   4 
 873	2   4   9 
 875	1   9 
 875	2   8   4 
 877	1   4 
 877	2   8   9 
 879	1   8 
 879	1   9 
 880	2   4   9 
 882	2   8   4 
 884	2   9   8 
 886	1   9 
 886	1   8 
 884	1   4 
 885	1   4 
 886	2   4   0 
 888	2   5   4 
 890	1   4 
 890	2   0   5 
 892	1   5 
 892	2   0   4 
 894	1   4 
 894	1   0 
 895	2   5   4 
 897	2   0   5 
 899	1   5 
 899	2   4   0 
 901	1   0 
 900	1   5 
 901	2   5   1 
 901	1   4 
 903	2   6   5 
 905	2   9   8 
 905	2   1   6 
 907	1   6 
 905	1   5 
 907	2   1   5 
 909	2   4   0 
 909	1   1 
 909	1   5 
 911	2   6   5 
 913	2   1   6 
 915	1   6 
 915	2   5   1 
 917	1   1 
 916	1   6 
 917	1   6 
 917	1   5 
 918	1   5 
 919	2   5   4 
 921	1   4 
 921	2   0   5 
 923	2   0   4 
 923	1   5 
 925	1   0 
 925	1   4 
 926	2   5   4 
 928	2   0   5 
 930	6   6   2 
 930	1   5 
 931	1   5 
 932	1   5 
 930	2   4   0 
 932	1   4 
 932	1   0 
 933	1   4 
 934	2   4   9 
 936	1   9 
 936	2   8   4 
 938	2   8   9 
 940	1   9 
 940	1   8 
 938	1   4 
 941	2   4   9 
 943	2   8   4 
 945	2   9   8 
 947	1   9 
 947	1   8 
 945	1   4 
 946	1   4 
 947	2   4   0 
 949	2   5   4 
 951	2   0   5 
 953	1   5 
 951	1   4 
 953	2   0   4 
 955	1   4 
 956	2   5   4 
 955	1   0 
 958	2   0   5 
 960	1   5 
 960	2   4   0 
 962	1   0 
 963	2   1   0 
 962	1   4 
 965	2   2   1 
 967	2   0   2 
 969	1   2 
 969	1   1 
 970	2   0   1 
 972	2   4   9 
 961	1   5 
 972	1   1 
 972	1   0 
 973	2   2   1 
 975	2   0   2 
 977	2   1   0 
 977	1   2 
 979	2   8   5 
 978	1   2 
 979	1   2 
 979	1   1 
 979	1   0 
 980	1   1 
 981	2   1   4 
 983	2   9   1 
 983	1   4 
 985	1   1 
 985	2   9   4 
 987	1   9 
 987	1   4 
 988	2   1   4 
 990	2   9   1 
 992	2   4   9 
 994	1   4 
 992	1   1 
 994	1   9 
 995	1   4 
 993	1   1 
 994	1   1 
 996	2   4   8 
 998	2   5   4 
1000	1   4 
 998	1   8 
1000	2   5   8 
1002	1   8 
1003	2   4   8 
1002	1   5 
1005	2   5   4 
1007	1   4 
1008	1   4 
1007	2   8   5 
1009	1   5 
1009	1   8 
1009	2   4   9 
1011	2   1   4 
1013	2   9   1 
1015	1   1 
1013	1   4 
1015	2   9   4 
1017	1   4 
1018	2   1   4 
1017	1   9 
1020	2   9   1 
1022	2   8   5 
1022	1   1 
1023	1   1 
1024	2   1   0 
1026	2   4   9 
1028	1   4 
1028	1   9 
1026	2   2   1 
1028	1   1 
1029	2   0   2 
1031	2   0   1 
1033	1   1 
1033	1   0 
1033	2   4   9 
1031	1   2 
1034	2   2   1 
1036	2   0   2 
1038	1   2 
1038	2   1   0 
1039	1   2 
1040	1   1 
1041	1   1 
1040	1   0 
1042	2   1   4 
1040	1   2 
1044	2   9   1 
1046	1   1 
1044	1   4 
1046	2   9   4 
1048	1   4 
1049	2   1   4 
1048	1   9 
1051	2   9   1 
1053	1   1 
1054	1   1 
1055	1   1 
1053	2   4   9 
1055	1   9 
1055	1   4 
1056	1   4 
1057	2   4   8 
1059	2   5   4 
1059	1   8 
1061	1   4 
1061	2   5   8 
1063	1   8 
1064	2   4   8 
1063	1   5 
1066	2   5   4 
1068	1   4 
1069	1   4 
1068	2   8   5 
1070	2   4   9 
1070	1   8 
1070	1   5 
1072	2   1   4 
1074	2   9   1 
1074	1   4 
1076	2   9   4 
1076	1   1 
1078	1   4 
1078	1   9 
1079	2   1   4 
1081	2   9   1 
1083	1   1 
1084	1   1 
1083	2   4   9 
1085	1   4 
1085	2   1   0 
1085	1   9 
1087	2   2   1 
1089	2   0   2 
1091	1   2 
1091	1   1 
1092	2   0   1 
1094	1   0 
1094	1   1 
1094	2   8   4 
1095	2   2   1 
1097	2   0   2 
1099	2   1   0 
1099	1   2 
1100	1   2 
1101	2   5   9 
1101	1   0 
1101	1   1 
1101	1   2 
1102	1   1 
1103	2   1   5 
1105	1   5 
1106	2   9   1 
1108	1   1 
1108	2   9   5 
1110	1   5 
1110	1   9 
1111	2   1   5 
1113	2   9   1 
1115	1   1 
1116	1   1 
1117	1   1 
1115	2   5   9 
1117	1   5 
1118	1   5 
1119	2   5   8 
1121	1   8 
1117	1   9 
1121	2   4   5 
1123	1   5 
1123	2   4   8 
1125	1   4 
1125	1   8 
1126	2   5   8 
1128	2   4   5 
1130	1   5 
1130	2   8   4 
1132	1   4 
1132	1   8 
1133	2   8   4 
1131	1   5 
1135	2   5   9 
1137	2   1   5 
1139	1   5 
1140	2   9   1 
1142	2   9   5 
1144	1   5 
1144	1   9 
1142	1   1 
1145	2   1   5 
1147	2   9   1 
1149	1   1 
1150	1   1 
1151	2   1   0 
1153	2   2   1 
1155	1   1 
1156	2   0   2 
1158	1   2 
1158	2   0   1 
1160	1   0 
1160	2   5   9 
1160	1   1 
1162	1   5 
1162	1   9 
1162	2   2   1 
1164	2   0   2 
1166	1   2 
1167	1   2 
1168	1   2 
1166	2   1   0 
1168	1   0 
1168	1   1 
1169	1   1 
1168	2   5   9 
1170	2   1   5 
1172	6  10   2 
1172	1   5 
1178	2   9   1 
1180	1   1 
1180	2   9   5 
1182	1   5 
1183	2   1   5 
1182	1   9 
1185	2   9   1 
1187	1   1 
1188	1   1 
1189	1   1 
1187	2   5   9 
1189	1   9 
1189	1   5 
1190	1   5 
1191	2   5   8 
1193	1   8 
1193	2   4   5 
1195	2   4   8 
1195	1   5 
1197	1   8 
1198	2   5   8 
1197	1   4 
1200	2   4   5 
1202	1   5 
1202	2   8   4 
1204	1   4 
1204	1   8 
1203	1   5 
1205	1   8 
1204	2   5   9 
1206	2   1   5 
1208	2   9   1 
1210	1   5 
1211	2   9   5 
1213	1   9 
1213	1   5 
1210	1   1 
1214	2   1   5 
1216	2   9   1 
1218	2   5   9 
1220	1   9 
1220	1   5 
1221	2   5   4 
1218	1   1 
1219	1   1 
1223	2   8   5 
1225	2   4   8 
1227	1   8 
1225	1   5 
1227	2   4   5 
1229	1   4 
1229	1   5 
1230	2   8   5 
1232	2   4   8 
1234	1   8 
1235	1   8 
1234	2   5   4 
1236	1   4 
1236	1   5 
1237	2   5   8 
1239	2  10   5 
1241	1   5 
1241	2   8  10 
1243	1  10 
1243	2   8   5 
1245	1   8 
1245	1   5 
1246	2  10   5 
1248	2   8  10 
1250	2   5   8 
1252	1   5 
1253	1   5 
1250	1  10 
1251	1  10 
1252	1  10 
1252	2   4   0 
1254	2   5   4 
1256	1   4 
1252	1   8 
1256	2   0   5 
1258	1   5 
1258	2   0   4 
1260	1   0 
1260	1   4 
1261	2   5   4 
1263	2   0   5 
1265	1   5 
1266	1   5 
1265	2   4   0 
1267	1   4 
1268	1   4 
1267	2   9   1 
1269	1   0 
1269	1   5 
1269	2   4   9 
1271	1   9 
1271	2   1   4 
1273	1   4 
1273	2   1   9 
1275	1   1 
1275	1   9 
1276	2   4   9 
1278	2   1   4 
1280	1   4 
1281	1   4 
1280	2   9   1 
1282	1   1 
1282	1   9 
1282	2   4   0 
1284	2   5   4 
1286	2   0   5 
1288	1   5 
1286	1   4 
1288	2   0   4 
1290	1   4 
1290	2   9   1 
1292	2   5   4 
1292	1   0 
1294	2   0   5 
1296	1   5 
1297	1   5 
1298	2   5   8 
1300	2  10   5 
1302	1   5 
1302	2   8  10 
1304	1  10 
1304	2   8   5 
1306	1   5 
1306	1   8 
1306	2   4   0 
1308	1   0 
1308	1   4 
1308	2  10   5 
1310	2   8  10 
1312	2   5   8 
1314	2   4   0 
1314	1   5 
1314	1   8 
1315	1   5 
1315	1   8 
1312	1  10 
1313	1  10 
1314	1  10 
1316	2   5   4 
1318	1   4 
1318	2   0   5 
1320	1   5 
1320	2   0   4 
1322	1   4 
1322	1   0 
1323	2   5   4 
1325	2   0   5 
1327	1   5 
1328	1   5 
1329	1   5 
1327	2   4   0 
1329	1   4 
1329	1   0 
1330	1   4 
1331	2   4   9 
1333	2   1   4 
1335	1   4 
1333	1   9 
1335	2   1   9 
1337	1   9 
1337	1   1 
1338	2   4   9 
1340	2   1   4 
1342	2   9   1 
1344	1   9 
1344	1   1 
1342	1   4 
1343	1   4 
1344	2   4   0 
1346	2   5   4 
1348	1   4 
1348	2   0   5 
1350	1   5 
1350	2   0   4 
1352	1   4 
1353	2   5   4 
1352	1   0 
1355	2   0   5 
1357	2   4   0 
1357	1   5 
1359	1   4 
1358	1   5 
1359	2   9   1 
1361	1   0 
1361	2   5   4 
1363	2   8   5 
1365	2   4   8 
1365	1   5 
1367	2   4   5 
1369	1   5 
1367	1   8 
1369	1   4 
1370	2   8   5 
1372	2   4   8 
1374	1   8 
1375	1   8 
1374	2   5   4 
1376	1   4 
1376	1   5 
1377	2   5   8 
1379	2  10   5 
1381	1   5 
1381	2   8  10 
1383	1  10 
1383	2   8   5 
1385	1   5 
1385	1   8 
1386	2  10   5 
1388	2   8  10 
1390	1  10 
1390	2   5   8 
1392	1   5 
1393	1   5 
1392	2   4   0 
1392	1   8 
1394	2   5   4 
1396	1   4 
1391	1  10 
1396	2   0   5 
1398	1   5 
1398	2   0   4 
1400	1   0 
1392	1  10 
1400	1   4 
1401	2   5   4 
1403	2   0   5 
1405	2   4   0 
1405	1   5 
1406	1   5 
1407	1   5 
1407	1   0 
1407	1   4 
1408	1   4 
1409	2   4   9 
1411	2   1   4 
1413	1   4 
1411	1   9 
1413	2   1   9 
1415	1   1 
1415	1   9 
1416	2   4   9 
1418	2   1   4 
1420	1   4 
1420	2   9   1 
1421	1   4 
1422	1   9 
1422	1   1 
1422	2   4   0 
1424	2   5   4 
1426	2   0   5 
1426	1   4 
1428	1   5 
1428	2   0   4 
1430	1   0 
1430	1   4 
1431	2   5   4 
1433	2   0   5 
1435	1   5 
1436	1   5 
1437	2   5   8 
1439	2  10   5 
1441	1   5 
1441	2   8  10 
1443	1  10 
1443	2   8   5 
1445	1   8 
1445	1   5 
1445	2   4   0 
1447	2  10   5 
1447	1   0 
1447	1   4 
1449	2   8  10 
1451	2   5   8 
1453	2   4   0 
1453	1   5 
1454	1   5 
1455	2   5   4 
1457	1   4 
1453	1   8 
1451	1  10 
1457	2   0   5 
1459	1   5 
1459	2   0   4 
1452	1  10 
1453	1  10 
1461	6   5   0 
1467	1   5 
1461	1   4 
1467	2   0   4 
1469	2   5   0 
1471	1   0 
1471	2   4   5 
1473	1   4 
1472	1   0 
1473	2   9   1 
1475	1   5 
1474	1   4 
1475	1   0 
1475	2   4   9 
1477	1   9 
1477	2   1   4 
1479	1   4 
1479	2   1   9 
1481	1   1 
1481	1   9 
1482	2   4   9 
1484	2   1   4 
1486	1   4 
1487	1   4 
1486	2   9   1 
1488	2   4   5 
1488	1   1 
1488	1   9 
1490	2   0   4 
1492	2   5   0 
1494	1   0 
1492	1   4 
1494	2   5   4 
1496	1   5 
1496	1   4 
1497	2   0   4 
1499	2   5   0 
1501	2   4   5 
1501	1   0 
1503	1   4 
1503	1   5 
1504	2   8   5 
1502	1   0 
1506	2  10   8 
1508	2   5  10 
1510	1  10 
1508	1   8 
1510	2   5   8 
1512	1   5 
1512	2   1   0 
1512	1   8 
1513	2  10   8 
1515	2   5  10 
1517	1  10 
1518	1  10 
1517	2   8   5 
1519	1   8 
1519	1   5 
1520	1   8 
1519	2   4   9 
1519	1  10 
1521	2   8   4 
1523	1   4 
1523	2   9   8 
1525	2   9   4 
1525	1   8 
1527	1   9 
1527	1   4 
1528	2   8   4 
1530	2   9   8 
1532	1   8 
1533	1   8 
1534	1   8 
1532	2   4   9 
1534	1   9 
1534	1   4 
1535	1   4 
1536	2   4   1 
1538	1   1 
1538	2   0   4 
1540	1   4 
1540	2   0   1 
1542	1   0 
1542	1   1 
1543	2   4   1 
1545	2   0   4 
1547	2   1   0 
1547	1   4 
1549	1   0 
1548	1   4 
1549	2   4   9 
1551	2   8   4 
1553	1   4 
1549	1   1 
1553	2   9   8 
1555	1   8 
1553	2   1   0 
1555	2   9   4 
1557	1   9 
1557	1   4 
1558	2   8   4 
1560	2   9   8 
1562	2   4   9 
1562	1   8 
1564	1   4 
1564	1   9 
1563	1   8 
1564	2   8   5 
1566	2  10   8 
1568	2   5  10 
1570	1  10 
1568	1   8 
1570	2   5   8 
1572	1   8 
1572	1   5 
1572	2   4   9 
1574	2  10   8 
1576	2   5  10 
1578	1  10 
1579	1  10 
1580	1  10 
1578	2   8   5 
1580	1   8 
1581	1   8 
1582	2   8   4 
1584	1   4 
1580	1   5 
1584	2   9   8 
1586	1   8 
1586	2   9   4 
1588	1   4 
1588	1   9 
1589	2   8   4 
1591	2   9   8 
1593	2   4   9 
1595	1   9 
1593	1   8 
1594	1   8 
1595	1   8 
1595	1   4 
1596	1   4 
1597	2   4   1 
1599	1   1 
1599	2   0   4 
1601	2   0   1 
1603	1   0 
1601	1   4 
1603	1   1 
1604	2   4   1 
1606	2   0   4 
1608	2   1   0 
1608	1   4 
1610	1   0 
1609	1   4 
1610	1   1 
1610	2   4   9 
1612	2   8   4 
1614	2   9   8 
1616	1   8 
1614	1   4 
1616	2   9   4 
1618	1   4 
1619	2   8   4 
1618	1   9 
1621	2   9   8 
1623	1   8 
1623	2   4   9 
1624	1   8 
1625	1   4 
1625	1   9 
1625	2   8   5 
1627	6   4   0 
1633	2  10   8 
1635	1   8 
1633	2   1   0 
1635	2   5  10 
1637	1  10 
1637	2   5   8 
1639	1   5 
1639	1   8 
1640	2  10   8 
1642	2   5  10 
1644	2   8   5 
1644	1  10 
1646	2   4   9 
1646	1   8 
1646	1   5 
1645	1  10 
1646	1  10 
1647	1   8 
1648	2   8   4 
1650	2   9   8 
1650	1   4 
1652	1   8 
1652	2   9   4 
1654	1   4 
1654	1   9 
1655	2   8   4 
1657	2   9   8 
1659	1   8 
1660	1   8 
1661	1   8 
1659	2   4   9 
1661	1   9 
1661	1   4 
1662	1   4 
1663	2   4   1 
1665	2   0   4 
1665	1   1 
1667	1   4 
1667	2   0   1 
1669	1   0 
1669	1   1 
1670	2   4   1 
1672	2   0   4 
1674	1   4 
1675	1   4 
1674	2   1   0 
1676	2   4   9 
1676	1   0 
1678	2   8   4 
1676	1   1 
1680	2   9   8 
1682	1   8 
1680	2   1   0 
1680	1   4 
1682	2   9   4 
1684	1   4 
1685	2   8   4 
1684	1   9 
1687	2   9   8 
1689	1   8 
1690	1   8 
1689	2   4   9 
1691	1   4 
1691	1   9 
1691	2   8   5 
1693	2  10   8 
1695	2   5  10 
1695	1   8 
1697	1  10 
1697	2   5   8 
1699	1   5 
1699	1   8 
1700	2  10   8 
1702	2   5  10 
1704	1  10 
1704	2   8   5 
1706	1   5 
1706	1   8 
1707	1   8 
1706	2   4   9 
1708	2   8   4 
1710	2   9   8 
1710	1   4 
1712	1   8 
1705	1  10 
1712	2   9   4 
1706	1  10 
1714	1   9 
1714	1   4 
1715	2   8   4 
1717	2   9   8 
1719	1   8 
1720	1   8 
1721	1   8 
1719	2   4   9 
1721	1   9 
1721	1   4 
1722	1   4 
1723	2   4   1 
1725	1   1 
1725	2   0   4 
1727	2   0   1 
1727	1   4 
1729	1   0 
1729	1   1 
1730	2   4   1 
1732	2   0   4 
1734	1   4 
1734	2   1   0 
1736	1   0 
1736	1   1 
1735	1   4 
1736	2   4   9 
1738	2   8   4 
1740	2   9   8 
1742	1   8 
1740	1   4 
1742	2   9   4 
1744	1   9 
1744	1   4 
1745	2   8   4 
1747	2   9   8 
1749	2   4   9 
1751	1   9 
1749	1   8 
1751	1   4 
1750	1   8 
1751	2   8   5 
1753	2  10   8 
1755	2   5  10 
1757	1  10 
1755	1   8 
1757	2   5   8 
1759	6   4   1 
1765	2   1   0 
1759	1   5 
1759	1   8 
1765	2  10   8 
1767	2   5  10 
1769	2   8   5 
1771	1   5 
1771	2   4   9 
1769	1  10 
1770	1  10 
1771	1  10 
1771	1   8 
1772	1   8 
1773	2   8   4 
1775	1   4 
1775	2   9   8 
1777	1   8 
1777	2   9   4 
1779	1   9 
1779	1   4 
1780	2   8   4 
1782	2   9   8 
1784	1   8 
1785	1   8 
1786	1   8 
1784	2   4   9 
1786	1   9 
1786	1   4 
1787	1   4 
1788	2   4   1 
1790	1   1 
1790	2   0   4 
1792	1   4 
1792	2   0   1 
1794	1   0 
1794	1   1 
1795	2   4   1 
1797	2   0   4 
1799	2   1   0 
1801	1   1 
1799	1   4 
1800	1   4 
1801	1   0 
1801	2   4   9 
1803	2   8   4 
1805	2   1   0 
1805	1   4 
1805	2   9   8 
1807	2   9   4 
1807	1   8 
1809	1   9 
1809	1   4 
1810	2   8   4 
1812	2   9   8 
1814	2   4   9 
1816	1   9 
1816	1   4 
1814	1   8 
1815	1   8 
1816	2   8   5 
1818	2  10   8 
1820	1   8 
1820	2   5  10 
1822	1  10 
1822	2   5   8 
1824	1   8 
1824	1   5 
1825	2  10   8 
1827	2   5  10 
1829	2   8   5 
1831	1   8 
1831	1   5 
1832	1   8 
1831	2   4   9 
1833	2   8   4 
1835	1   4 
1835	2   9   8 
1837	2   9   4 
1829	1  10 
1839	1   4 
1837	1   8 
1839	1   9 
1840	2   8   4 
1830	1  10 
1831	1  10 
1842	2   9   8 
1844	1   8 
1845	1   8 
1846	1   8 
1844	2   4   9 
1846	1   4 
1847	1   4 
1846	1   9 
1848	2   4   1 
1850	2   0   4 
1852	1   4 
1850	1   1 
1852	2   0   1 
1854	1   1 
1854	1   0 
1855	2   4   1 
1857	2   0   4 
1859	2   1   0 
1859	1   4 
1861	1   0 
1861	1   1 
1860	1   4 
1861	2   4   9 
1863	2   8   4 
1865	2   1   0 
1865	1   4 
1865	2   9   8 
1867	1   8 
1867	2   9   4 
1869	1   9 
1869	1   4 
1870	2   8   4 
1872	2   9   8 
1874	1   8 
1875	1   8 
1874	2   4   9 
1876	1   4 
1876	1   9 
1877	2   5   9 
1879	2  10   5 
1881	2   9  10 
1883	1  10 
1881	1   5 
1883	2   9   5 
1885	1   5 
1885	1   9 
1886	2  10   5 
1888	2   9  10 
1890	1  10 
1890	2   8   4 
1891	1  10 
1892	1  10 
1892	2   5   9 
1894	6   4   0 
1894	1   9 
1895	1   9 
1894	1   5 
1894	6  10   6 
1900	2   9   1 
1902	1   1 
1902	2   4   9 
1904	1   9 
1904	2   4   1 
1906	1   4 
1906	1   1 
1907	2   9   1 
1909	2   4   9 
1911	1   9 
1912	1   9 
1911	2   1   4 
1913	1   4 
1913	1   1 
1914	2   1   9 
1916	2   6   1 
1918	1   1 
1918	2   9   6 
1920	1   6 
1920	2   9   1 
1922	1   9 
1922	1   1 
1923	2   6   1 
1925	2   9   6 
1927	2   1   9 
1929	2   4   5 
1927	1   6 
1929	1   9 
1929	1   1 
1930	1   1 
1931	2   1   4 
1933	1   4 
1928	1   6 
1933	2   5   1 
1935	1   1 
1929	1   6 
1935	2   5   4 
1937	1   5 
1937	1   4 
1938	2   1   4 
1940	2   5   1 
1942	1   1 
1943	1   1 
1944	1   1 
1942	2   4   5 
1944	1   5 
1944	1   4 
1945	1   4 
1946	2   4   8 
1948	1   8 
1948	2   0   4 
1950	2   0   8 
1952	1   0 
1952	1   8 
1952	1   4 
1953	2   4   8 
1955	2   0   4 
1957	1   4 
1958	2   8   0 
1960	1   4 
1961	2   4   5 
1963	2   1   4 
1960	1   8 
1960	1   0 
1965	2   8   0 
1967	2   5   1 
1969	1   1 
1967	1   4 
1969	2   5   4 
1971	1   5 
1971	1   4 
1972	2   1   4 
1974	2   5   1 
1976	1   1 
1976	2   4   5 
1978	1   4 
1977	1   1 
1978	2   1   9 
1980	2   6   1 
1982	1   1 
1982	2   9   6 
1984	1   6 
1980	1   5 
1984	2   9   1 
1986	1   9 
1986	1   1 
1987	2   6   1 
1989	2   9   6 
1991	1   6 
1992	1   6 
1993	1   6 
1991	2   1   9 
1993	2   4   5 
1993	1   1 
1994	1   1 
1995	2   1   4 
1993	1   9 
1994	1   9 
1997	1   4 
1997	2   5   1 
1999	1   1 
1999	2   5   4 
2001	1   5 
2001	1   4 
2002	2   1   4 
2004	2   5   1 
2006	1   1 
2007	1   1 
2008	1   1 
2006	2   4   5 
2008	1   5 
2008	1   4 
2009	1   4 
2010	2   4   8 
2012	2   0   4 
2012	1   8 
2014	2   0   8 
2016	1   8 
2016	1   4 
2017	2   4   8 
2016	1   0 
2019	2   0   4 
2021	1   4 
2022	1   4 
2023	2   8   0 
2025	1   8 
2025	1   0 
2025	2   4   5 
2027	2   1   4 
2029	1   4 
2029	2   5   1 
2031	1   1 
2031	2   5   4 
2033	1   5 
2033	1   4 
2034	2   1   4 
2036	2   5   1 
2038	1   1 
2038	2   4   5 
2040	1   5 
2040	1   4 
2039	1   1 
2041	2   8   0 
2043	2   1   4 
2045	2   9   1 
2047	2   4   9 
2049	1   9 
2047	1   1 
2049	2   4   1 
2051	1   4 
2051	1   1 
2052	2   9   1 
2054	2   4   9 
2056	2   1   4 
2056	1   9 
2057	1   9 
2058	1   4 
2058	1   1 
2059	2   1   9 
2061	2   6   1 
2063	1   1 
2063	2   9   6 
2065	1   6 
2065	2   9   1 
2067	1   9 
2067	1   1 
2068	2   6   1 
2070	2   9   6 
2072	2   1   9 
2072	1   6 
2074	1   9 
2074	2   4   5 
2074	1   1 
2073	1   6 
2074	1   6 
2075	1   1 
2076	2   1   4 
2078	1   4 
2078	2   5   1 
2080	2   5   4 
2082	1   4 
2080	1   1 
2083	2   1   4 
2082	1   5 
2085	2   5   1 
2087	1   1 
2088	1   1 
2089	1   1 
2087	2   4   5 
2089	1   5 
2089	1   4 
2090	1   4 
2091	2   4   8 
2093	1   8 
2093	2   0   4 
2095	2   0   8 
2097	1   4 
2097	1   8 
2097	1   0 
2098	2   4   8 
2100	2   0   4 
2102	2   8   0 
2104	1   8 
2104	1   4 
2105	1   4 
2104	1   0 
2106	2   4   5 
2108	2   8   0 
2110	2   1   4 
2112	1   4 
2112	2   5   1 
2114	1   1 
2114	2   5   4 
2116	1   5 
2116	1   4 
2117	2   1   4 
2119	2   5   1 
2121	1   1 
2121	2   4   5 
2123	1   4 
2122	1   1 
2123	2   1   9 
2125	2   6   1 
2127	2   9   6 
2129	1   6 
2127	1   1 
2125	1   5 
2129	2   9   1 
2131	1   9 
2131	1   1 
2132	2   6   1 
2134	2   9   6 
2136	1   6 
2136	2   1   9 
2137	1   6 
2138	2   4   5 
2138	1   1 
2138	1   6 
2139	1   1 
2140	2   1   4 
2142	1   4 
2142	2   5   1 
2144	1   1 
2138	1   9 
2144	2   5   4 
2146	1   5 
2146	1   4 
2147	2   1   4 
2149	2   5   1 
2151	1   1 
2152	1   1 
2153	1   1 
2151	2   4   5 
2153	1   4 
2154	1   4 
2153	1   5 
2155	2   4   8 
2157	1   8 
2157	2   0   4 
2159	2   0   8 
2161	1   4 
2161	1   0 
2161	1   8 
2162	2   4   8 
2164	2   0   4 
2166	1   4 
2167	1   4 
2168	2   4   5 
2170	2   1   4 
2172	1   4 
2172	2   5   1 
2174	1   1 
2174	2   5   4 
2176	1   4 
2177	2   1   4 
2176	1   5 
2179	2   5   1 
2181	1   1 
2182	1   1 
2181	2   4   5 
2183	2   8   0 
2185	1   4 
2185	1   8 
2185	1   0 
2183	1   5 
2185	2   9   5 
2187	2   6   9 
2189	2   5   6 
2191	1   6 
2189	1   9 
2191	2   5   9 
2193	1   5 
2193	2   0   1 
2193	1   9 
2194	2   6   9 
2196	2   5   6 
2198	1   6 
2198	2   9   5 
2200	2   4   8 
2199	1   6 
2200	1   5 
2200	1   6 
2200	1   9 
2201	1   9 
2202	2   9   4 
2204	1   4 
2204	2   8   9 
2206	2   8   4 
2206	1   9 
2208	1   8 
2208	1   4 
2209	2   9   4 
2211	2   8   9 
2213	2   4   8 
2215	1   4 
2216	1   4 
2217	2   4   0 
2213	1   9 
2219	2   1   4 
2215	1   8 
2214	1   9 
2215	1   9 
2219	1   0 
2221	2   1   0 
2223	1   1 
2221	1   4 
2223	1   0 
2224	2   4   0 
2226	2   1   4 
2228	2   0   1 
2228	1   4 
2230	1   1 
2229	1   4 
2230	2   4   8 
2230	1   0 
2232	2   9   4 
2234	2   0   1 
2234	1   4 
2234	2   8   9 
2236	1   9 
2236	2   8   4 
2238	1   8 
2238	1   4 
2239	2   9   4 
2241	2   8   9 
2243	1   9 
2243	2   4   8 
2245	1   8 
2245	1   4 
2244	1   9 
2245	2   9   5 
2247	2   6   9 
2249	1   9 
2249	2   5   6 
2251	1   6 
2251	2   5   9 
2253	1   5 
2253	1   9 
2254	2   6   9 
2256	2   5   6 
2258	2   9   5 
2258	1   6 
2259	1   6 
2260	2   4   8 
2260	1   6 
2260	1   9 
2261	1   9 
2260	1   5 
2262	2   9   4 
2264	1   4 
2264	2   8   9 
2266	2   8   4 
2268	1   8 
2268	1   4 
2266	1   9 
2269	2   9   4 
2271	2   8   9 
2273	2   4   8 
2275	1   4 
2275	1   8 
2273	1   9 
2274	1   9 
2276	1   4 
2275	1   9 
2277	2   4   0 
2279	1   0 
2279	2   1   4 
2281	1   4 
2281	2   1   0 
2283	1   1 
2283	1   0 
2284	2   4   0 
2286	2   1   4 
2288	1   4 
2288	2   0   1 
2290	1   1 
2289	1   4 
2290	1   0 
2290	2   4   8 
2292	2   9   4 
2294	2   8   9 
2296	1   9 
2294	1   4 
2296	2   8   4 
2298	1   8 
2298	1   4 
2299	2   9   4 
2301	2   8   9 
2303	1   9 
2304	1   9 
2303	2   4   8 
2305	1   8 
2305	2   9   5 
2307	2   6   9 
2309	1   9 
2305	1   4 
2309	2   5   6 
2311	2   5   9 
2311	1   6 
2313	6   4   1 
2313	1   5 
2313	1   9 
2319	2   6   9 
2319	2   0   1 
2321	2   5   6 
2323	1   6 
2323	2   9   5 
2325	2   4   8 
2324	1   6 
2325	1   9 
2326	1   9 
2325	1   6 
2325	1   5 
2327	2   9   4 
2329	1   4 
2329	2   8   9 
2331	2   8   4 
2331	1   9 
2333	1   8 
2333	1   4 
2334	2   9   4 
2336	2   8   9 
2338	1   9 
2339	1   9 
2340	1   9 
2338	2   4   8 
2340	1   4 
2340	1   8 
2341	1   4 
2342	2   4   0 
2344	2   1   4 
2346	1   4 
2344	1   0 
2346	2   1   0 
2348	1   0 
2349	2   4   0 
2348	1   1 
2351	2   1   4 
2353	1   4 
2353	2   0   1 
2355	1   0 
2355	1   1 
2354	1   4 
2355	2   4   8 
2357	2   9   4 
2359	2   8   9 
2361	1   9 
2359	1   4 
2359	2   0   1 
2361	2   8   4 
2363	1   4 
2364	2   9   4 
2363	1   8 
2366	2   8   9 
2368	1   9 
2369	1   9 
2368	2   4   8 
2370	1   4 
2370	1   8 
2370	2   9   5 
2372	2   6   9 
2374	1   9 
2374	2   5   6 
2376	1   6 
2376	2   5   9 
2378	1   9 
2379	2   6   9 
2378	1   5 
2381	2   5   6 
2383	1   6 
2383	2   9   5 
2385	2   4   8 
2384	1   6 
2385	1   9 
2386	1   9 
2385	1   5 
2385	1   6 
2387	2   9   4 
2389	1   4 
2389	2   8   9 
2391	1   9 
2391	2   8   4 
2393	1   8 
2393	1   4 
2394	2   9   4 
2396	2   8   9 
2398	1   9 
2399	1   9 
2400	1   9 
2398	2   4   8 
2400	1   8 
2400	1   4 
2401	1   4 
2402	2   4   0 
2404	2   1   4 
2406	1   4 
2404	1   0 
2406	2   1   0 
2408	1   1 
2408	1   0 
2409	2   4   0 
2411	2   1   4 
2413	2   0   1 
2415	1   0 
2413	1   4 
2415	1   1 
2414	1   4 
2415	2   4   8 
2417	2   9   4 
2419	2   8   9 
2419	1   4 
2421	1   9 
2421	2   8   4 
2423	1   4 
2423	1   8 
2424	2   9   4 
2426	2   8   9 
2428	1   9 
2428	2   4   8 
2430	1   4 
2430	1   8 
2429	1   9 
2430	2   9   5 
2432	6   4   0 
2432	2   6   9 
2438	2   5   6 
2434	1   9 
2440	1   6 
2440	2   5   9 
2442	1   5 
2442	1   9 
2442	2   0   1 
2443	2   6   9 
2445	2   5   6 
2447	2   9   5 
2449	2   4   8 
2449	1   5 
2449	1   9 
2447	1   6 
2450	1   9 
2448	1   6 
2451	2   9   4 
2453	2   8   9 
2449	1   6 
2455	1   9 
2453	1   4 
2455	2   8   4 
2457	1   8 
2457	1   4 
2458	2   9   4 
2460	2   8   9 
2462	1   9 
2463	1   9 
2464	1   9 
2462	2   4   8 
2464	1   4 
2465	1   4 
2464	1   8 
2466	2   4   0 
2468	2   1   4 
2468	1   0 
2470	1   4 
2470	2   1   0 
2472	1   1 
2472	1   0 
2473	2   4   0 
2475	2   1   4 
2477	1   4 
2477	2   0   1 
2479	1   0 
2479	1   1 
2478	1   4 
2479	2   4   8 
2481	2   9   4 
2483	2   8   9 
2483	2   0   1 
2483	1   4 
2485	1   9 
2485	2   8   4 
2487	1   8 
2487	1   4 
2488	2   9   4 
2490	2   8   9 
2492	1   9 
2492	2   4   8 
2494	1   4 
2494	1   8 
2493	1   9 
2494	2   9   5 
2496	2   6   9 
2498	1   9 
2498	2   5   6 
2500	1   6 
2500	2   5   9 
2502	1   5 
2502	1   9 
2503	2   6   9 
2505	2   5   6 
2507	2   9   5 
2509	1   5 
2507	1   6 
2509	1   9 
2508	1   6 
2509	1   6 
2510	1   9 
2509	2   4   8 
2511	2   9   4 
2513	1   4 
2513	2   8   9 
2515	1   9 
2515	2   8   4 
2517	1   4 
2518	2   9   4 
2517	1   8 
2520	2   8   9 
2522	2   4   8 
2524	1   8 
2522	1   9 
2523	1   9 
2524	1   9 
2524	1   4 
2525	1   4 
2526	2   4   0 
2528	1   0 
2528	2   1   4 
2530	2   1   0 
2532	1   1 
2532	1   0 
2530	1   4 
2533	2   4   0 
2535	2   1   4 
2537	1   4 
2538	1   4 
2537	2   0   1 
2539	2   4   8 
2539	1   1 
2539	1   0 
2541	2   9   4 
2543	1   4 
2543	2   8   9 
2545	1   9 
2543	2   0   1 
2545	2   8   4 
2547	1   8 
2547	1   4 
2548	2   9   4 
2550	2   8   9 
2552	6   8   4 
2558	2   8   4 
2560	1   8 
2552	1   9 
2560	1   4 
2553	1   9 
2561	2   5   4 
2563	2   6   5 
2565	2   4   6 
2567	1   6 
2567	1   5 
2568	2   4   5 
2570	1   5 
2571	2   6   5 
2570	1   4 
2573	2   4   6 
2575	2   5   4 
2575	1   6 
2577	1   4 
2577	1   5 
2578	2   9   5 
2576	1   6 
2577	1   6 
2580	2   6   9 
2582	2   5   6 
2584	1   6 
2582	1   9 
2584	2   5   9 
2586	1   9 
2586	1   5 
2587	2   6   9 
2589	2   5   6 
2591	1   6 
2591	2   9   5 
2593	2   4   8 
2592	1   6 
2593	1   6 
2593	1   5 
2593	1   9 
2594	1   9 
2595	2   9   4 
2597	2   8   9 
2599	1   9 
2597	1   4 
2599	2   8   4 
2601	1   8 
2601	1   4 
2602	2   9   4 
2604	2   8   9 
2606	2   4   8 
2608	1   4 
2608	1   8 
2609	1   4 
2606	1   9 
2607	1   9 
2608	1   9 
2610	2   4   0 
2612	2   1   4 
2614	1   4 
2612	1   0 
2614	2   1   0 
2616	1   1 
2616	1   0 
2617	2   4   0 
2619	2   1   4 
2621	2   0   1 
2623	1   1 
2623	1   0 
2621	1   4 
2622	1   4 
2623	2   4   8 
2625	2   9   4 
2627	2   0   1 
2627	1   4 
2627	2   8   9 
2629	1   9 
2629	2   8   4 
2631	1   4 
2631	1   8 
2632	2   9   4 
2634	2   8   9 
2636	2   4   8 
2636	1   9 
2638	1   8 
2638	1   4 
2637	1   9 
2638	2   9   5 
2640	2   6   9 
2642	1   9 
2642	2   5   6 
2644	1   6 
2644	2   5   9 
2646	1   5 
2646	1   9 
2647	2   6   9 
2649	2   5   6 
2651	2   9   5 
2653	1   5 
2653	1   9 
2654	1   9 
2653	2   4   8 
2651	1   6 
2655	2   9   4 
2657	2   8   9 
2657	1   4 
2659	1   9 
2652	1   6 
2659	2   8   4 
2661	1   8 
2661	1   4 
2653	1   6 
2662	2   9   4 
2664	2   8   9 
2666	1   9 
2667	1   9 
2668	1   9 
2666	2   4   8 
2668	1   8 
2668	1   4 
2669	1   4 
2670	2   4   0 
2672	1   0 
2672	2   1   4 
2674	2   1   0 
2676	1   0 
2676	1   1 
2674	1   4 
2677	2   4   0 
2679	2   1   4 
2681	2   0   1 
2683	1   1 
2683	1   0 
2681	1   4 
2682	1   4 
2683	2   4   8 
2685	2   9   4 
2687	1   4 
2687	2   8   9 
2689	1   9 
2689	2   8   4 
2691	1   4 
2691	1   8 
2692	2   9   4 
2694	2   8   9 
2696	6   8   4 
2702	2   8   4 
2704	1   4 
2704	1   8 
2696	1   9 
2697	1   9 
2694	6   6   1 
2705	2   5   4 
2707	2   1   5 
2709	2   4   1 
2711	1   1 
2709	1   5 
2711	2   4   5 
2713	1   4 
2713	1   5 
2714	2   1   5 
2716	2   4   1 
2718	1   1 
2719	1   1 
2718	2   5   4 
2720	6   2   0 
2720	1   5 
2720	6  10   9 
2726	2   5   2 
2726	1   4 
2726	1   1 
2728	2   1   5 
2730	2   8   4 
2730	1   5 
2730	2   2   1 
2732	2   2   5 
2734	1   2 
2732	1   1 
2734	1   5 
2735	2   1   5 
2737	2   2   1 
2737	6   9   8 
2743	2   5   2 
2745	1   2 
2745	1   5 
2739	1   1 
2740	1   1 
2741	1   1 
2746	2   5   6 
2748	2   1   5 
2750	1   5 
2750	2   6   1 
2752	1   1 
2752	2   6   5 
2754	1   6 
2754	1   5 
2755	2   1   5 
2757	2   6   1 
2759	1   1 
2760	1   1 
2761	1   1 
2759	2   5   6 
2761	1   5 
2762	1   5 
2761	1   6 
2762	2   2   6 
2764	2   5   2 
2766	1   2 
2766	2   6   5 
2768	2   6   2 
2768	1   5 
2770	1   6 
2770	1   2 
2771	2   5   2 
2773	2   6   5 
2775	2   2   6 
2777	1   6 
2777	1   2 
2775	1   5 
2776	1   5 
2778	2   2   5 
2780	2   1   2 
2782	1   2 
2782	2   5   1 
2784	1   1 
2784	2   5   2 
2786	1   5 
2786	1   2 
2787	2   1   2 
2789	2   5   1 
2791	1   1 
2792	1   1 
2791	2   2   5 
2793	1   2 
2793	1   1 
2794	1   2 
2793	2   6  10 
2793	1   5 
2795	2   2   6 
2797	1   6 
2798	2  10   2 
2800	2  10   6 
2802	1  10 
2802	1   6 
2800	1   2 
2803	2   2   6 
2805	2  10   2 
2807	2   6  10 
2807	1   2 
2809	1  10 
2808	1   2 
2809	1   6 
2809	1   2 
2810	1   6 
2811	2   6   9 
2813	2   4   6 
2813	1   9 
2815	1   6 
2815	2   4   9 
2817	1   4 
2817	1   9 
2818	2   6   9 
2820	2   4   6 
2822	1   6 
2822	2   9   4 
2823	1   6 
2824	2   6  10 
2824	1   4 
2826	2   2   6 
2828	2  10   2 
2830	1   2 
2830	1   6 
2830	1   9 
2831	2  10   6 
2833	1  10 
2833	2   9   4 
2833	1   6 
2834	2   2   6 
2836	2  10   2 
2838	2   6  10 
2840	1  10 
2838	1   2 
2840	1   6 
2839	1   2 
2840	2   2   5 
2842	2   1   2 
2844	1   2 
2844	2   5   1 
2846	2   5   2 
2846	1   1 
2848	1   2 
2848	1   5 
2849	2   1   2 
2851	2   5   1 
2853	2   2   5 
2855	1   2 
2855	1   5 
2853	1   1 
2854	1   1 
2856	1   5 
2855	1   1 
2856	1   2 
2855	2   6  10 
2857	2   2   6 
2859	2  10   2 
2861	1   2 
2861	1   6 
2862	2  10   6 
2864	1  10 
2864	1   6 
2865	2   2   6 
2867	2  10   2 
2869	1   2 
2870	1   2 
2871	1   2 
2869	2   6  10 
2871	1   6 
2872	1   6 
2871	1  10 
2873	2   6   9 
2875	1   9 
2875	2   4   6 
2877	1   6 
2877	2   4   9 
2879	1   4 
2879	1   9 
2880	2   6   9 
2882	2   4   6 
2884	2   9   4 
2886	1   9 
2884	1   6 
2885	1   6 
2886	1   4 
2886	2   6  10 
2888	2   9   4 
2888	2   2   6 
2890	2  10   2 
2892	1   2 
2892	1   6 
2893	2  10   6 
2895	1   6 
2895	1  10 
2896	2   2   6 
2898	2  10   2 
2900	1   2 
2901	1   2 
2900	2   6  10 
2902	1   6 
2903	2   2   6 
2902	1  10 
2905	2   5   2 
2907	2   6   5 
2909	1   5 
2907	1   2 
2909	2   6   2 
2911	1   2 
2911	1   6 
2912	2   5   2 
2914	2   6   5 
2916	2   2   6 
2918	1   6 
2918	1   2 
2916	1   5 
2917	1   5 
2919	2   2   5 
2921	2   1   2 
2923	1   2 
2923	2   5   1 
2925	1   1 
2925	2   5   2 
2927	1   2 
2928	2   1   2 
2927	1   5 
2930	2   5   1 
2932	1   1 
2932	2   2   5 
2933	1   1 
2934	1   5 
2934	1   2 
2934	2   6  10 
2934	1   1 
2935	1   2 
2936	2   2   6 
2938	2  10   2 
2940	1   6 
2941	2  10   6 
2940	1   2 
2943	1  10 
2943	1   6 
2944	2   2   6 
2946	2  10   2 
2948	2   6  10 
2948	1   2 
2950	1  10 
2949	1   2 
2950	1   6 
2951	1   6 
2950	1   2 
2952	2   6   9 
2954	1   9 
2954	2   4   6 
2956	1   6 
2956	2   4   9 
2958	1   4 
2958	1   9 
2959	2   6   9 
2961	2   4   6 
2963	1   6 
2963	2   9   4 
2964	1   6 
2965	1   9 
2965	2   6  10 
2965	1   4 
2967	2   9   4 
2967	2   2   6 
2969	1   6 
2970	2  10   2 
2972	1   2 
2972	2  10   6 
2974	1   6 
2974	1  10 
2975	2   2   6 
2977	2  10   2 
2979	1   2 
2980	1   2 
2979	2   6  10 
2981	2   2   5 
2983	2   1   2 
2981	1   6 
2985	1   2 
2985	2   5   1 
2987	1   1 
2987	2   5   2 
2989	1   5 
2989	1   2 
2990	2   1   2 
2981	1  10 
2992	2   5   1 
2994	2   2   5 
2994	1   1 
2996	1   5 
2995	1   1 
2996	2   6  10 
2996	1   1 
2996	1   2 
2997	1   2 
2998	2   2   6 
3000	1   6 
3001	2  10   2 
3003	2  10   6 
3003	1   2 
3005	6   9   1 
3005	1   6 
3011	2   2   6 
3011	1  10 
3013	2  10   2 
3015	2   6  10 
3017	1  10 
3015	1   2 
3016	1   2 
3017	1   2 
3017	1   6 
3018	1   6 
3019	2   6   1 
3021	2   4   6 
3021	1   1 
3023	1   6 
3023	2   4   1 
3025	1   1 
3026	2   6   1 
3025	1   4 
3028	2   4   6 
3030	2   1   4 
3030	1   6 
3032	1   1 
3032	1   4 
3031	1   6 
3032	2   6  10 
3033	6   4   0 
3034	2   2   6 
3036	2  10   2 
3038	1   2 
3038	1   6 
3039	2  10   6 
3041	1   6 
3041	1  10 
3042	2   2   6 
3044	2  10   2 
3046	1   2 
3047	1   2 
3046	2   6  10 
3048	6   6   1 
3054	1   1 
3048	1  10 
3054	2   5  10 
3056	2   9   5 
3058	1   5 
3058	2   0   2 
3058	2  10   9 
3060	1   9 
3060	2  10   5 
3062	1  10 
3062	1   5 
3063	2   9   5 
3065	2  10   9 
3067	2   5  10 
3069	1  10 
3069	1   5 
3067	1   9 
3068	1   9 
3069	1   9 
3069	2   1   6 
3070	1   5 
3071	2   5   1 
3073	1   1 
3073	2   6   5 
3075	1   5 
3075	2   6   1 
3077	1   6 
3077	1   1 
3078	2   5   1 
3080	2   6   5 
3082	1   5 
3083	1   5 
3084	1   5 
3082	2   1   6 
3084	1   6 
3084	1   1 
3085	1   1 
3086	2   1   0 
3088	1   0 
3088	2   2   1 
3090	2   2   0 
3092	1   0 
3092	1   1 
3092	1   2 
3093	2   1   0 
3095	2   2   1 
3097	1   1 
3098	1   1 
3099	2   1   6 
3101	2   5   1 
3103	1   1 
3103	2   6   5 
3105	1   5 
3105	2   6   1 
3107	1   6 
3107	1   1 
3108	2   5   1 
3110	2   6   5 
3112	2   0   2 
3114	1   2 
3112	1   5 
3114	1   0 
3113	1   5 
3114	2   5  10 
3116	2   9   5 
3118	1   5 
3118	2  10   9 
3120	1   9 
3118	2   0   2 
3120	2  10   5 
3122	1  10 
3122	1   5 
3122	2   1   6 
3124	1   1 
3124	1   6 
3124	2   9   5 
3126	2  10   9 
3128	2   5  10 
3130	1  10 
3130	1   5 
3131	1   5 
3128	1   9 
3129	1   9 
3130	1   9 
3130	2   1   6 
3132	2   5   1 
3134	1   1 
3134	2   6   5 
3136	1   5 
3136	2   6   1 
3138	1   1 
3139	2   5   1 
3138	1   6 
3141	2   6   5 
3143	1   5 
3144	1   5 
3145	1   5 
3143	2   1   6 
3145	1   6 
3145	1   1 
3146	1   1 
3147	2   1   0 
3149	1   0 
3149	2   2   1 
3151	2   2   0 
3153	1   1 
3153	1   2 
3153	1   0 
3154	2   1   0 
3156	2   2   1 
3158	1   1 
3159	1   1 
3160	2   1   6 
3162	2   5   1 
3164	1   1 
3164	2   6   5 
3166	1   5 
3166	2   6   1 
3168	1   6 
3168	1   1 
3169	2   5   1 
3171	2   6   5 
3173	2   0   2 
3175	1   0 
3173	1   5 
3175	1   2 
3174	1   5 
3175	2   5  10 
3177	2   9   5 
3179	1   5 
3179	2  10   9 
3181	2  10   5 
3183	1  10 
3183	1   5 
3181	1   9 
3183	2   1   6 
3185	1   6 
3185	1   1 
3185	2   9   5 
3187	2   0   1 
3187	2  10   9 
3189	2   5  10 
3191	1  10 
3191	2   2   6 
3191	1   5 
3192	1   5 
3193	2   5   2 
3195	2   6   5 
3189	1   9 
3195	1   2 
3197	2   6   2 
3199	1   6 
3199	1   2 
3190	1   9 
3197	1   5 
3191	1   9 
3200	2   5   2 
3202	2   6   5 
3204	1   5 
3205	1   5 
3206	1   5 
3204	2   2   6 
3206	1   6 
3206	1   2 
3207	1   2 
3208	2   2   0 
3210	1   0 
3210	2   1   2 
3212	2   1   0 
3214	1   0 
3212	1   2 
3214	1   1 
3215	2   2   0 
3217	2   1   2 
3219	1   2 
3219	2   0   1 
3220	1   2 
3221	1   0 
3221	1   1 
3221	2   2   6 
3223	2   5   2 
3225	1   2 
3225	2   6   5 
3227	2   6   2 
3227	1   5 
3229	1   6 
3229	1   2 
3230	2   5   2 
3232	2   6   5 
3234	2   2   6 
3236	1   2 
3236	1   6 
3234	1   5 
3235	1   5 
3236	2   5  10 
3238	2   9   5 
3240	2   2   6 
3242	2   0   1 
3240	1   5 
3242	2  10   9 
3244	1   9 
3244	2  10   5 
3246	1  10 
3246	1   5 
3247	2   9   5 
3249	2  10   9 
3251	2   5  10 
3253	1   5 
3254	1   5 
3251	1   9 
3255	2   5   2 
3253	1  10 
3257	2   6   5 
3257	1   2 
3259	1   5 
3259	2   6   2 
3252	1   9 
3253	1   9 
3261	1   6 
3261	1   2 
3262	2   5   2 
3264	2   6   5 
3266	2   2   6 
3266	1   5 
3268	1   2 
3267	1   5 
3268	1   5 
3268	1   6 
3269	1   2 
3270	2   2   0 
3272	1   0 
3272	2   1   2 
3274	1   2 
3274	2   1   0 
3276	1   0 
3276	1   1 
3277	2   2   0 
3279	2   1   2 
3281	1   2 
3282	1   2 
3281	2   0   1 
3283	2   2   6 
3283	1   0 
3285	2   5   2 
3287	1   2 
3287	2   6   5 
3289	1   5 
3283	1   1 
3289	2   6   2 
3291	1   2 
3292	2   5   2 
3291	1   6 
3294	2   6   5 
3296	2   2   6 
3298	1   6 
3296	1   5 
3297	1   5 
3298	1   2 
3298	2   5  10 
3300	2   9   5 
3302	2   2   1 
3302	1   5 
3302	2  10   9 
3304	2  10   5 
3306	1  10 
3304	1   9 
3306	1   5 
3307	2   9   5 
3309	6   2   0 
3309	2  10   9 
3315	2   5  10 
3317	1  10 
3311	1   9 
3317	2   2   6 
3317	1   5 
3312	1   9 
3318	1   5 
3319	2   5   2 
3321	2   6   5 
3321	1   2 
3323	1   5 
3313	1   9 
3323	2   6   2 
3325	1   2 
3326	2   5   2 
3325	1   6 
3328	2   6   5 
3330	2   2   6 
3332	1   2 
3333	1   2 
3334	2   2   0 
3336	2   1   2 
3336	1   6 
3338	1   2 
3330	1   5 
3331	1   5 
3332	1   5 
3336	1   0 
3338	2   1   0 
3340	1   1 
3340	1   0 
3341	2   2   0 
3343	2   1   2 
3345	1   2 
3346	1   2 
3345	2   0   1 
3347	1   1 
3347	1   0 
3347	2   2   6 
3349	2   5   2 
3351	1   2 
3351	2   6   5 
3353	2   6   2 
3355	1   2 
3353	1   5 
3355	1   6 
3356	2   5   2 
3358	2   6   5 
3360	1   5 
3361	1   5 
3360	2   2   6 
3362	1   6 
3362	2   5  10 
3362	1   2 
3364	2   9   5 
3366	2   0   1 
3366	1   5 
3366	2  10   9 
3368	1   9 
3368	2  10   5 
3370	1  10 
3370	1   5 
3371	2   9   5 
3373	2  10   9 
3375	1   9 
3375	2   5  10 
3376	1   9 
3377	1   5 
3377	1   9 
3377	2   2   6 
3378	1   5 
3377	1  10 
3379	2   5   2 
3381	1   2 
3381	2   6   5 
3383	1   5 
3383	2   6   2 
3385	1   2 
3385	1   6 
3386	2   5   2 
3388	2   6   5 
3390	1   5 
3390	2   2   6 
3391	1   5 
3392	1   6 
3392	1   5 
3392	1   2 
3393	1   2 
3394	2   2   0 
3396	2   1   2 
3396	1   0 
3398	1   2 
3398	2   1   0 
3400	1   1 
3400	1   0 
3401	2   2   0 
3403	2   1   2 
3405	2   0   1 
3407	1   1 
3407	1   0 
3405	1   2 
3406	1   2 
3407	2   2   6 
3409	2   5   2 
3411	2   6   5 
3413	1   5 
3411	1   2 
3413	2   6   2 
3415	1   6 
3415	2   0   1 
3415	1   2 
3417	2   5   2 
3419	2   6   5 
3421	1   5 
3422	1   5 
3421	2   2   6 
3423	1   2 
3423	1   6 
3423	6   1   0 
3424	2  10   6 
3426	2   9  10 
3428	1  10 
3428	2   6   9 
3430	1   9 
3430	2   6  10 
3429	6   4   0 
3432	1  10 
3433	2   9  10 
3432	1   6 
3435	2   6   9 
3437	1   9 
3437	2  10   6 
3438	1   9 
3439	1   9 
3439	1   6 
3439	1  10 
3440	2   5  10 
3442	2   9   5 
3444	2  10   9 
3446	1   9 
3444	1   5 
3446	2  10   5 
3448	1  10 
3448	1   5 
3449	2   9   5 
3451	2  10   9 
3453	1   9 
3454	1   9 
3455	1   9 
3453	2   5  10 
3455	2   6   2 
3455	1   5 
3455	1  10 
3456	1   5 
3457	2   5   6 
3459	2   2   5 
3461	1   5 
3459	1   6 
3461	2   2   6 
3463	1   6 
3464	2   5   6 
3463	1   2 
3466	2   2   5 
3468	1   5 
3469	1   5 
3470	1   5 
3468	2   6   2 
3470	1   6 
3471	1   6 
3470	1   2 
3472	2   6   1 
3474	1   1 
3474	2   4   6 
3476	1   6 
3476	2   4   1 
3478	1   4 
3478	1   1 
3479	2   6   1 
3481	2   4   6 
3483	1   6 
3483	2   1   4 
3485	1   4 
3485	1   1 
3484	1   6 
3485	2   6   2 
3487	2   5   6 
3489	2   2   5 
3491	2   1   4 
3489	1   6 
3491	1   5 
3493	2   2   6 
3495	1   2 
3495	1   6 
3496	2   5   6 
3498	2   2   5 
3500	1   5 
3500	2   6   2 
3502	1   6 
3502	1   2 
3501	1   5 
3502	2   5  10 
3504	2   9   5 
3506	1   5 
3506	2  10   9 
3508	1   9 
3508	2  10   5 
3510	1  10 
3510	1   5 
3511	2   9   5 
3513	2  10   9 
3515	1   9 
3515	2   5  10 
3517	1   5 
3516	1   9 
3517	2   6   2 
3517	1   9 
3518	1   5 
3517	1  10 
3519	2   5   6 
3521	2   2   5 
3523	1   5 
3521	1   6 
3523	2   2   6 
3525	6   5   2 
3531	1   5 
3525	1   6 
3531	2   2   6 
3533	2   5   2 
3535	1   2 
3536	1   2 
3537	1   2 
3535	2   6   5 
3537	1   5 
3537	1   6 
3538	1   6 
3539	2   6   1 
3541	1   1 
3541	2   4   6 
3543	1   6 
3543	2   4   1 
3545	1   4 
3545	1   1 
3546	2   6   1 
3548	2   4   6 
3550	1   6 
3551	1   6 
3552	2   6   5 
3554	2   2   6 
3556	2   1   4 
3558	1   1 
3556	1   6 
3558	2   5   2 
3558	1   4 
3560	1   2 
3560	2   5   6 
3562	1   5 
3562	1   6 
3563	2   2   6 
3565	2   5   2 
3567	2   6   5 
3567	1   2 
3568	1   2 
3569	6   6   1 
3575	1   1 
3576	2   2   1 
3569	1   5 
3569	6   8   4 
3578	2  10   5 
3580	2   9  10 
3582	1  10 
3582	2   5   9 
3584	2   5  10 
3586	1  10 
3584	1   9 
3587	2   9  10 
3586	1   5 
3586	6   2   1 
3592	2   5   9 
3594	2  10   5 
3596	1   5 
3596	1  10 
3594	1   9 
3597	2  10   6 
3595	1   9 
3596	1   9 
3599	2   9  10 
3601	2   6   9 
3601	1  10 
3603	1   9 
3603	2   6  10 
3605	1  10 
3606	2   9  10 
3605	1   6 
3608	2   6   9 
3610	2  10   6 
3612	1   6 
3612	1  10 
3610	1   9 
3611	1   9 
3612	1   9 
3613	6   6   5 
3619	2  10   8 
3621	2   9  10 
3623	1  10 
3623	2   8   9 
3625	2   8  10 
3627	1   8 
3627	1  10 
3627	1   9 
3628	2   9  10 
3630	2   8   9 
3632	6   9   1 
3638	6   9   5 
3638	1   1 
3639	1   1 
3640	1   1 
3644	2   1   5 
3646	2  10   8 
3646	1   5 
3648	1   8 
3648	1  10 
3646	2   2   1 
3648	1   1 
3648	2   2   5 
3650	1   2 
3650	1   5 
3651	2   1   5 
3653	2   9   8 
3653	2   2   1 
3655	1   1 
3655	2   5   2 
3657	1   2 
3657	1   5 
3657	2  10   6 
3658	1   5 
3656	1   1 
3657	1   1 
3659	2   5  10 
3661	1  10 
3661	2   6   5 
3663	1   5 
3663	2   6  10 
3665	1   6 
3665	1  10 
3666	2   5  10 
3668	2   6   5 
3670	1   5 
3671	1   5 
3672	1   5 
3670	2  10   6 
3672	1   6 
3672	1  10 
3673	1  10 
3674	2  10   9 
3676	1   9 
3677	2   8  10 
3679	2   8   9 
3681	1   9 
3679	1  10 
3681	1   8 
3682	2  10   9 
3684	2   8  10 
3686	2   9   8 
3688	1   8 
3686	1  10 
3688	1   9 
3687	1  10 
3688	2  10   6 
3690	2   5  10 
3692	2   6   5 
3694	1   5 
3692	1  10 
3694	2   6  10 
3696	1   6 
3696	1  10 
3697	2   5  10 
3699	2   6   5 
3701	1   5 
3701	2  10   6 
3702	1   5 
3703	1  10 
3703	2   5   2 
3703	1   6 
3705	2   1   5 
3707	2   9   8 
3707	1   5 
3707	2   2   1 
3709	1   1 
3709	2   2   5 
3711	1   2 
3711	1   5 
3712	2   1   5 
3714	2   2   1 
3716	1   1 
3717	1   1 
3718	1   1 
3716	2   5   2 
3718	2  10   6 
3718	1   2 
3718	1   5 
3719	1   5 
3720	2   5  10 
3722	1  10 
3722	2   6   5 
3724	2   6  10 
3724	1   5 
3726	1  10 
3726	1   6 
3727	2   5  10 
3729	2   6   5 
3731	1   5 
3731	2  10   6 
3733	1   6 
3732	1   5 
3733	1   5 
3733	1  10 
3734	1  10 
3735	2  10   9 
3737	1   9 
3738	2   8  10 
3740	1  10 
3740	2   8   9 
3742	1   8 
3742	1   9 
3743	2  10   9 
3745	2   8  10 
3747	2   9   8 
3749	1   8 
3749	1   9 
3747	1  10 
3748	1  10 
3749	2  10   6 
3751	2   5  10 
3753	1  10 
3753	2   6   5 
3755	2   6  10 
3757	1   6 
3757	1  10 
3755	1   5 
3758	2   5  10 
3760	2   6   5 
3762	6   9   5 
3768	6   8   0 
3774	1   9 
3768	2  10   6 
3770	1   6 
3771	2   2   6 
3774	2   1   2 
3776	1   2 
3776	2   6   1 
3778	2   6   2 
3780	1   6 
3778	1   1 
3780	1   2 
3781	2   1   2 
3783	2   6   1 
3785	1   1 
3785	2   2   6 
3787	1   6 
3787	1   2 
3786	1   1 
3787	1   1 
3788	2   2   5 
3790	2   1   2 
3792	2   5   1 
3794	1   1 
3792	1   2 
3794	2   5   2 
3796	1   5 
3796	1   2 
3797	2   1   2 
3799	2   5   1 
3801	1   1 
3801	2   2   5 
3803	1   5 
3802	1   1 
3803	1   1 
3803	1   2 
3804	2   2   0 
3806	2   1   2 
3808	2   0   1 
3808	1   2 
3810	2   0   2 
3812	1   1 
3812	2   6   5 
3812	1   0 
3812	1   2 
3814	2   1   2 
3816	2   0   1 
3818	2   2   0 
3820	6   6   4 
3826	1   0 
3820	1   1 
3821	1   1 
3822	1   1 
3826	2   1   4 
3828	2   5   1 
3830	1   1 
3828	1   4 
3830	2   5   4 
3832	1   5 
3832	1   4 
3833	2   1   4 
3835	2   5   1 
3837	1   1 
3838	1   1 
3839	1   1 
3837	2   4   5 
3839	1   5 
3839	1   4 
3840	2   4   0 
3842	2   1   4 
3844	1   4 
3844	2   0   1 
3846	1   1 
3846	2   0   4 
3848	1   0 
3848	1   4 
3849	2   1   4 
3851	2   0   1 
3853	2   4   0 
3853	1   1 
3855	1   0 
3854	1   1 
3855	1   1 
3856	2   5   0 
3858	2   1   5 
3860	1   5 
3860	2   0   1 
3862	1   1 
3862	2   0   5 
3864	1   5 
3865	2   1   5 
3864	1   0 
3867	2   0   1 
3869	2   5   0 
3869	1   1 
