   1	6  11   7 
   1	1   2 
   2	1   2 
   1	1   6 
   2	1   6 
   1	1   3 
   7	1  11 
   7	1   7 
   1	1   4 
   1	1   9 
   1	2   5   0 
   3	1   5 
   3	2   1   0 
   5	1   1 
   6	2   1   5 
   8	2   6   1 
  10	1   1 
  10	2   5   6 
  12	1   6 
  12	2   5   1 
  14	1   5 
  14	1   1 
  15	2   6   1 
  17	2   5   6 
  19	2   3   7 
  19	1   6 
  20	1   6 
  21	1   6 
  19	2   1   5 
  21	1   5 
  21	1   1 
  22	1   1 
  23	2   1   3 
  25	1   3 
  25	6   2   1 
  31	2   7   2 
  33	1   2 
  33	2   7   3 
  35	1   3 
  35	1   7 
  36	2   2   3 
  38	2   7   2 
  40	1   2 
  41	1   2 
  40	2   3   7 
  25	6   9   4 
  31	6   4   0 
  42	1   3 
  42	1   7 
  42	2   2   5 
  44	2   6   2 
  46	1   2 
  46	2   5   6 
  48	1   6 
  48	2   5   2 
  50	1   5 
  50	1   2 
  51	2   6   2 
  53	2   5   6 
  55	1   6 
  56	1   6 
  57	1   6 
  55	2   3   7 
  57	2   2   5 
  59	1   5 
  59	1   2 
  60	1   2 
  59	6   9   6 
  65	2   2   3 
  67	1   3 
  67	2   7   2 
  69	1   2 
  69	2   7   3 
  71	1   3 
  71	1   7 
  72	2   2   3 
  74	2   7   2 
  76	1   2 
  77	1   2 
  76	2   3   7 
  78	1   3 
  78	1   7 
  78	2   2   5 
  80	2   1   2 
  82	1   2 
  82	2   5   1 
  84	1   1 
  84	2   5   2 
  86	1   5 
  86	1   2 
  87	2   1   2 
  89	2   5   1 
  91	1   1 
  92	1   1 
  93	1   1 
  89	2   3   7 
  91	2   2   5 
  93	1   5 
  93	1   2 
  94	1   2 
  95	2   2   3 
  97	1   3 
  97	2   7   2 
  99	1   2 
  99	2   7   3 
 101	1   3 
 101	1   7 
 102	2   2   3 
 104	2   7   2 
 106	1   2 
 107	1   2 
 106	2   3   7 
 108	1   3 
 108	1   7 
 108	2   2   5 
 110	2   1   2 
 112	1   2 
 112	2   5   1 
 114	1   1 
 114	2   5   2 
 116	1   5 
 116	1   2 
 117	2   1   2 
 119	2   5   1 
 121	1   1 
 122	1   1 
 119	2   3   7 
 121	2   2   5 
 123	1   2 
 124	1   2 
 123	1   5 
 124	2   6   5 
 126	2   2   3 
 128	1   3 
 128	2   7   2 
 130	1   2 
 130	2   7   3 
 132	1   3 
 132	1   7 
 132	2   9   6 
 134	1   6 
 134	2   2   3 
 134	2   5   9 
 136	1   9 
 136	2   5   6 
 138	1   5 
 138	1   6 
 138	2   7   2 
 140	2   9   6 
 140	1   2 
 141	1   2 
 142	6   9   4 
 142	2   3   7 
 144	1   3 
 148	2   5   4 
 145	2  11   3 
 150	1   4 
 151	1   4 
 150	2   6   5 
 152	6  10   7 
 152	1   4 
 152	1   5 
 152	1   6 
 153	1   6 
 152	6   2   1 
 158	2   6  11 
 160	1  11 
 160	2   3   6 
 162	2   3  11 
 164	1   3 
 164	1  11 
 162	1   6 
 158	2   0   1 
 164	2  10   7 
 166	1   7 
 166	2   6  11 
 168	2   3   6 
 167	1   7 
 170	1   6 
 170	2  10   9 
 172	1  10 
 173	1  10 
 171	1   6 
 172	1   6 
 170	6   7   2 
 160	6   4   0 
 172	6   5   4 
 176	2  11   3 
 178	1   3 
 178	1  11 
 179	1  11 
 178	2   7  10 
 180	2  11   7 
 178	6   2   1 
 182	1   7 
 182	2  10  11 
 184	1  11 
 184	2  10   7 
 186	1   7 
 186	1  10 
 187	2  11   7 
 189	2  10  11 
 191	1  11 
 191	2   7  10 
 193	1   7 
 192	1  11 
 194	1   7 
 193	1  11 
 193	1  10 
 184	6   1   0 
 195	2   7   5 
 197	2   2   7 
 199	1   7 
 197	1   5 
 199	2   2   5 
 201	1   5 
 201	1   2 
 202	2   7   5 
 204	2   2   7 
 206	1   7 
 206	2   5   2 
 208	1   5 
 207	1   7 
 208	1   2 
 208	2   7  10 
 210	2   5   2 
 210	2  11   7 
 212	1   7 
 212	2  10  11 
 214	1  11 
 214	2  10   7 
 216	1   7 
 216	1  10 
 217	2  11   7 
 219	2  10  11 
 221	1  11 
 222	1  11 
 221	2   7  10 
 223	2  11   3 
 225	1   7 
 225	1  10 
 225	2   6  11 
 227	2   3   6 
 227	1  11 
 229	1   6 
 229	2   3  11 
 231	1   3 
 231	1  11 
 231	2   7  10 
 233	2   6  11 
 235	2   3   6 
 237	1   6 
 238	1   6 
 237	2  11   3 
 239	2   6   4 
 239	1   3 
 239	1  11 
 241	2   1   6 
 243	1   6 
 243	2  11   3 
 243	2   4   1 
 245	1   1 
 245	2   4   6 
 247	1   4 
 247	1   6 
 248	2   1   6 
 250	2   4   1 
 252	1   1 
 252	2   6   4 
 254	1   4 
 253	1   1 
 254	1   1 
 254	1   6 
 255	1   6 
 256	2   6  11 
 258	2   3   6 
 258	1  11 
 260	1   6 
 260	2   3  11 
 262	1  11 
 262	1   3 
 263	2   6  11 
 255	6   8   4 
 265	2   3   6 
 267	2  11   3 
 269	1   3 
 269	1  11 
 267	1   6 
 268	1   6 
 269	1   6 
 270	1  11 
 271	2  11   7 
 261	6  13   8 
 267	6  13   9 
 273	1   7 
 273	2  10  11 
 275	2  10   7 
 275	1  11 
 277	1   7 
 278	2  11   7 
 277	1  10 
 280	2  10  11 
 282	1  11 
 283	1  11 
 284	1  11 
 282	2   7  10 
 284	1   7 
 284	1  10 
 285	1   7 
 286	2   7   5 
 288	1   5 
 288	2   2   7 
 290	1   7 
 290	2   2   5 
 292	1   5 
 292	1   2 
 293	2   7   5 
 295	2   2   7 
 297	6   5   1 
 297	1   7 
 298	1   7 
 299	2   7  10 
 301	2  11   7 
 303	1   7 
 303	2   1   2 
 305	1   1 
 305	1   2 
 306	2   1   2 
 303	2  10  11 
 305	1  11 
 305	2  10   7 
 307	1  10 
 307	1   7 
 308	2  11   7 
 310	2  10  11 
 312	1  11 
 313	1  11 
 312	2   7  10 
 314	2  11   3 
 316	6  10   2 
 316	1   7 
 322	2   6  11 
 324	2   3   6 
 322	1   2 
 326	1   6 
 324	1  11 
 326	2   3  11 
 328	1   3 
 328	1  11 
 329	2   6  11 
 331	2   3   6 
 333	1   6 
 334	1   6 
 333	2  11   3 
 335	1  11 
 336	2  11   9 
 335	1   3 
 336	2   3   2 
 338	6  11   6 
 344	2   5   6 
 346	1   6 
 346	2   7  11 
 346	2   9   5 
 348	1   5 
 348	2   9   6 
 350	1   9 
 350	1   6 
 351	2   5   6 
 353	2   9   5 
 355	2   6   9 
 355	1   5 
 356	1   5 
 357	6   5   1 
 363	1   1 
 357	1   6 
 357	1   9 
 358	1   6 
 363	2   6   3 
 364	6   8   0 
 365	2   2   6 
 365	1   3 
 367	1   6 
 367	2   2   3 
 369	1   2 
 369	1   3 
 370	2   6   3 
 372	2   2   6 
 374	2   3   2 
 376	1   2 
 374	1   6 
 375	1   6 
 376	1   3 
 377	1   3 
 376	1   6 
 378	2   3   7 
 380	1   7 
 381	2  11   3 
 383	1   3 
 383	2  11   7 
 385	1   7 
 385	1  11 
 386	2   3   7 
 388	2  11   3 
 390	2   7  11 
 390	1   3 
 391	1   3 
 392	1   3 
 392	1  11 
 392	1   7 
 393	1   7 
 394	2   7   5 
 396	2  10   7 
 396	1   5 
 398	1   7 
 398	2  10   5 
 400	1  10 
 400	1   5 
 401	2   7   5 
 403	2  10   7 
 405	2   5  10 
 407	1   5 
 407	1  10 
 405	1   7 
 406	1   7 
 407	2   7  11 
 409	2   3   7 
 411	1   7 
 412	2  11   3 
 414	2  11   7 
 416	1  11 
 416	1   7 
 414	1   3 
 416	2   5  10 
 417	2   3   7 
 419	2  11   3 
 421	2   7  11 
 423	1   7 
 423	1  11 
 421	1   3 
 422	1   3 
 423	2   3   2 
 425	2   6   3 
 427	2   2   6 
 429	1   6 
 427	1   3 
 429	2   2   3 
 431	1   2 
 431	1   3 
 432	2   6   3 
 434	2   2   6 
 436	1   6 
 437	1   6 
 436	2   3   2 
 438	2   6   9 
 438	1   3 
 438	1   2 
 440	2   1   6 
 442	2   9   1 
 442	2   7  11 
 444	1   1 
 442	1   6 
 444	2   9   6 
 446	1   9 
 446	1   6 
 447	2   1   6 
 449	2   9   1 
 451	2   6   9 
 453	1   6 
 451	1   1 
 453	1   9 
 454	1   6 
 453	2   3   2 
 452	1   1 
 455	2   6   3 
 457	2   2   6 
 453	1   1 
 457	1   3 
 459	2   2   3 
 461	1   3 
 459	1   6 
 462	2   6   3 
 461	1   2 
 464	2   2   6 
 466	1   6 
 466	2   3   2 
 467	1   6 
 468	1   6 
 468	1   2 
 468	1   3 
 469	1   3 
 470	2   3   7 
 472	2  11   3 
 474	1   7 
 474	1   3 
 475	2  11   7 
 477	1  11 
 477	1   7 
 478	2   3   7 
 480	2  11   3 
 482	2   7  11 
 484	1   7 
 485	1   7 
 486	2   7   5 
 488	1   5 
 488	1   3 
 488	1  11 
 489	1   3 
 488	2  10   7 
 490	1   7 
 490	1   3 
 490	2  10   5 
 492	1   5 
 492	1  10 
 493	2   7   5 
 495	2  10   7 
 497	1   7 
 498	1   7 
 499	2   7  11 
 501	2   5  10 
 503	1   5 
 501	2   3   7 
 503	1   7 
 503	1  10 
 504	2   5   9 
 506	2   8   5 
 508	1   5 
 504	2  11   3 
 506	1   3 
 506	2  11   7 
 508	1   7 
 509	2   3   7 
 508	1  11 
 508	2   9   8 
 510	1   8 
 511	2  11   3 
 513	2   7  11 
 515	1  11 
 510	2   9   5 
 512	1   5 
 515	1   7 
 516	1   7 
 513	2   8   5 
 513	1   3 
 512	1   9 
 514	1   3 
 515	2   3   2 
 517	2   6   3 
 519	2   2   6 
 519	1   3 
 515	2   9   8 
 521	2   5   9 
 523	1   9 
 521	2   2   3 
 523	1   2 
 523	1   3 
 521	1   6 
 523	1   5 
 517	1   8 
 524	1   5 
 518	1   8 
 524	2   6   3 
 519	1   8 
 526	2   2   6 
 528	2   3   2 
 530	1   2 
 528	1   6 
 531	2   2  10 
 533	1   3 
 533	1   6 
 533	2   5   2 
 535	1   2 
 535	2  10   5 
 537	2  10   2 
 537	1   5 
 539	1  10 
 539	1   2 
 540	2   5   2 
 542	2  10   5 
 544	2   2  10 
 546	1   2 
 544	1   5 
 545	1   5 
 546	1  10 
 546	2   5   9 
 548	2   8   5 
 550	1   5 
 550	2   2  10 
 552	2   9   8 
 554	1   8 
 554	2   9   5 
 556	1   5 
 557	2   8   5 
 556	1   9 
 559	2   9   8 
 561	1   8 
 562	1   8 
 563	1   8 
 561	2   5   9 
 563	1   9 
 563	1   5 
 564	1   5 
 565	2   5   2 
 567	1   2 
 567	2  10   5 
 569	1   5 
 569	2  10   2 
 571	1  10 
 571	1   2 
 572	2   5   2 
 574	2  10   5 
 576	6  10   7 
 576	1   5 
 577	1   5 
 582	2   5   9 
 584	2  10   5 
 586	2   2   7 
 586	2   9  10 
 588	1   2 
 588	1  10 
 588	1   7 
 589	2  11   7 
 586	1   5 
 588	2   9   5 
 590	1   9 
 590	1   5 
 591	2  10   5 
 593	6   3   1 
 593	2   9  10 
 595	1  10 
 596	1  10 
 599	2   5   9 
 601	2   6   2 
 597	1  10 
 601	1   5 
 602	1   5 
 601	1   9 
 603	2   5   6 
 605	1   6 
 605	2   2   5 
 607	2   2   6 
 609	1   6 
 609	1   2 
 607	1   5 
 610	2   5   6 
 612	2   2   5 
 614	1   5 
 615	1   5 
 616	1   5 
 614	2   6   2 
 616	1   2 
 616	1   6 
 617	1   6 
 618	2   6  11 
 620	2   7   6 
 622	1   6 
 620	1  11 
 622	2   7  11 
 624	1  11 
 624	1   7 
 625	2   6  11 
 627	2   7   6 
 629	2  11   7 
 631	1  11 
 629	1   6 
 630	1   6 
 631	2   6   2 
 631	1   7 
 633	2   5   6 
 635	2  11   7 
 635	2   2   5 
 637	1   5 
 635	1   6 
 637	2   2   6 
 639	1   2 
 639	1   6 
 640	2   5   6 
 642	2   2   5 
 644	1   5 
 645	1   5 
 644	2   6   2 
 646	1   2 
 646	1   6 
 646	2   5   9 
 648	2  10   5 
 650	2   9  10 
 652	1  10 
 650	1   5 
 652	2   9   5 
 654	1   5 
 655	2  10   5 
 657	2   6   2 
 654	1   9 
 659	2   9  10 
 661	2   5   9 
 663	1   9 
 661	1  10 
 663	1   5 
 664	1   5 
 662	1  10 
 663	1  10 
 665	2   5   6 
 667	2   2   5 
 667	1   6 
 669	1   5 
 669	2   2   6 
 671	1   6 
 671	1   2 
 672	2   5   6 
 674	2   2   5 
 676	1   5 
 677	1   5 
 678	1   5 
 676	2   6   2 
 678	1   2 
 678	1   6 
 679	1   6 
 680	2   6  11 
 682	1  11 
 682	2   7   6 
 684	1   6 
 684	2   7  11 
 686	1   7 
 686	1  11 
 687	2   6  11 
 689	2   7   6 
 691	2  11   7 
 691	1   6 
 693	1  11 
 693	1   7 
 692	1   6 
 693	2   6   2 
 695	2   5   6 
 697	2   2   5 
 699	1   5 
 697	1   6 
 699	2   2   6 
 701	1   2 
 701	1   6 
 702	2   5   6 
 704	6   6   3 
 710	2   2   5 
 712	6   6   1 
 712	1   5 
 713	1   5 
 718	2   5   6 
 720	2   1   5 
 722	1   5 
 722	2   6   1 
 724	1   1 
 724	2   6   5 
 726	2   3   2 
 728	1   3 
 728	1   2 
 726	1   6 
 726	1   5 
 728	2   1   5 
 730	2   6   1 
 732	2   5   6 
 734	1   5 
 735	1   5 
 732	1   1 
 734	1   6 
 733	1   1 
 734	2   2   7 
 734	1   1 
 736	2   5   2 
 738	1   2 
 738	2   7   5 
 740	2   7   2 
 742	1   7 
 740	1   5 
 742	1   2 
 743	2   5   2 
 745	2   7   5 
 747	1   5 
 748	1   5 
 747	2   2   7 
 749	2   5   6 
 749	1   7 
 749	1   2 
 751	2   1   5 
 753	2   6   1 
 755	1   1 
 753	1   5 
 755	2   6   5 
 757	1   6 
 757	1   5 
 758	2   1   5 
 760	2   6   1 
 762	2   5   6 
 762	1   1 
 764	1   6 
 763	1   1 
 764	2   2   7 
 764	1   1 
 764	1   5 
 765	1   5 
 766	2   5   2 
 768	1   2 
 768	2   7   5 
 770	1   5 
 770	2   7   2 
 772	1   7 
 772	1   2 
 773	2   5   2 
 775	2   7   5 
 777	1   5 
 778	1   5 
 777	2   2   7 
 779	1   7 
 779	1   2 
 779	2   5   6 
 781	2  10   5 
 783	1   5 
 783	2   6  10 
 785	1  10 
 785	2   6   5 
 787	1   6 
 787	1   5 
 788	2  10   5 
 790	2   6  10 
 792	1  10 
 792	2   5   6 
 794	2   2   7 
 794	1   6 
 793	1  10 
 794	1  10 
 794	1   5 
 795	1   5 
 796	2   5   2 
 798	2   7   5 
 800	1   5 
 798	1   2 
 800	2   7   2 
 802	1   2 
 802	1   7 
 803	2   5   2 
 805	2   7   5 
 807	1   5 
 807	2   2   7 
 809	1   2 
 809	1   7 
 810	2   2   7 
 808	1   5 
 812	2   5   6 
 814	2  10   5 
 816	2   6  10 
 818	1  10 
 816	1   5 
 818	2   6   5 
 820	1   5 
 820	1   6 
 821	2  10   5 
 823	2   6  10 
 825	1  10 
 826	1  10 
 825	2   5   6 
 827	1   6 
 828	2   6   3 
 827	1   5 
 828	1   5 
 830	2   5   2 
 832	1   2 
 832	2   7   5 
 834	1   5 
 834	2   7   2 
 836	1   7 
 836	1   2 
 837	2   5   2 
 839	2   7   5 
 841	1   5 
 842	1   5 
 843	2   5   9 
 845	2   1   5 
 847	1   5 
 847	2   2   7 
 849	1   7 
 850	2  11   7 
 849	2   9   1 
 851	2   9   5 
 851	1   2 
 853	1   9 
 851	1   1 
 853	1   5 
 854	2  10   2 
 856	2   1   5 
 858	2   9   1 
 856	6   7   3 
 860	1   1 
 861	1   1 
 862	1   1 
 860	2   5   9 
 862	1   9 
 862	1   5 
 862	6  10   7 
 863	1   5 
 868	6  10   2 
 874	2   5   6 
 876	2   2   5 
 876	1   6 
 878	2   2   6 
 880	1   6 
 878	1   5 
 881	2   5   6 
 880	1   2 
 883	2   2   5 
 885	1   5 
 886	1   5 
 887	1   5 
 885	2   6   2 
 887	1   6 
 887	1   2 
 888	1   6 
 889	2   6   7 
 891	2  10   6 
 891	1   7 
 893	1   6 
 893	2  10   7 
 895	1  10 
 895	1   7 
 896	2   6   7 
 898	2  10   6 
 900	1   6 
 901	1   6 
 902	1   6 
 900	2   7  10 
 902	1  10 
 902	1   7 
 903	1   7 
 904	2   7  11 
 906	2   3   7 
 906	1  11 
 908	2   3  11 
 910	1   3 
 910	1   7 
 910	1  11 
 911	2   7  11 
 913	2   3   7 
 915	1   7 
 916	1   7 
 917	2   7  10 
 919	2   6   7 
 921	1   7 
 921	2  10   6 
 923	1   6 
 923	2  10   7 
 925	1  10 
 925	1   7 
 926	2   6   7 
 928	2  10   6 
 930	2  11   3 
 932	1   3 
 930	1   6 
 932	1  11 
 931	1   6 
 932	2   6   2 
 934	2   5   6 
 936	1   6 
 936	2   2   5 
 938	2   2   6 
 940	2   7  10 
 940	1   6 
 940	1   2 
 942	2  11   3 
 944	1   7 
 938	1   5 
 944	1  10 
 944	2   5   6 
 946	2   2   5 
 948	2   6   2 
 948	1   5 
 950	1   2 
 949	1   5 
 950	2   5   9 
 952	2   1   5 
 954	2   9   1 
 956	1   1 
 956	1   5 
 957	2   9   5 
 959	1   9 
 959	2   7  10 
 950	1   6 
 959	1   5 
 960	2   1   5 
 962	2   9   1 
 964	1   1 
 964	2   5   9 
 966	1   9 
 966	1   5 
 967	1   5 
 966	2   6   2 
 965	1   1 
 968	2   5   6 
 970	2   2   5 
 970	1   6 
 972	1   5 
 972	2   2   6 
 966	1   1 
 974	1   2 
 974	1   6 
 975	2   5   6 
 977	2   2   5 
 979	2   6   2 
 979	1   5 
 980	1   5 
 981	6   5   2 
 981	1   6 
 987	1   2 
 982	1   6 
 987	2   6   7 
 987	1   5 
 989	2  10   6 
 989	1   7 
 991	1   6 
 991	2  10   7 
 993	1  10 
 993	1   7 
 994	2   6   7 
 996	2  10   6 
 998	1   6 
 999	1   6 
1000	1   6 
 998	2   7  10 
1000	1   7 
1000	1  10 
1001	1   7 
1002	2   7  11 
1004	1  11 
1004	2   3   7 
1006	2   3  11 
1008	1   3 
1008	1  11 
1008	1   7 
1009	2   7  11 
1011	2   3   7 
1013	1   7 
1014	1   7 
1015	2  11   3 
1017	1  11 
1017	1   3 
1017	2   7  10 
1019	2   6   7 
1021	2  10   6 
1023	1   6 
1021	1   7 
1023	2  10   7 
1025	1   7 
1026	2   6   7 
1025	1  10 
1028	2  10   6 
1030	1   6 
1031	1   6 
1032	2   6   5 
1034	2   2   6 
1036	2   5   2 
1036	1   6 
1038	6   3   1 
1044	2   5   6 
1046	1   6 
1046	1   5 
1044	1   2 
1047	2   2   6 
1049	2   5   2 
1051	2   6   5 
1053	1   6 
1053	1   5 
1054	2   1   6 
1051	1   2 
1052	1   2 
1056	2   7  10 
1058	1  10 
1058	2   2   5 
1059	2  10  11 
1058	1   7 
1059	1   7 
1060	2   3   1 
1062	2   7  10 
1064	2   6   3 
1062	1   1 
1064	1  10 
1066	1   3 
1066	2   6   1 
1068	1   6 
1068	1   1 
1068	2  11   7 
1070	2   3   1 
1072	1   7 
1070	2  11  10 
1072	2   6   3 
1072	1  11 
1072	1  10 
1074	1   3 
1075	1   3 
1074	2   1   6 
1076	1   1 
1076	1   3 
1076	1   6 
1077	1   1 
1078	2   1   2 
1080	2   5   1 
1076	2   7  10 
1082	1   1 
1080	1   2 
1078	2  11   7 
1080	1   7 
1082	2   5   2 
1081	1   7 
1084	1   5 
1080	2  10  11 
1082	1  10 
1082	1  11 
1084	1   2 
1083	2  10  11 
1085	6  11   7 
1085	2   1   2 
1087	2   5   1 
1089	1   1 
1090	1   1 
1091	1   1 
1089	2   2   5 
1091	1   5 
1091	1   2 
1092	1   2 
1093	2   2  10 
1095	2   7   2 
1097	1   2 
1095	1  10 
1097	2   7  10 
1099	1   7 
1099	1  10 
1100	2   2  10 
1102	2   7   2 
1104	2  10   7 
1106	1  10 
1106	1   7 
1107	2  10   7 
1104	1   2 
1105	1   2 
1109	2   2   5 
1111	2   1   2 
1113	2   5   1 
1115	1   1 
1113	1   2 
1115	2   5   2 
1117	1   5 
1117	1   2 
1118	2   1   2 
1120	2   5   1 
1122	1   1 
1123	1   1 
1122	2   2   5 
1124	1   5 
1124	1   2 
1124	2   1   6 
1126	2   3   1 
1128	2   6   3 
1130	1   3 
1128	1   1 
1130	2   6   1 
1132	1   6 
1132	2   2   5 
1132	1   1 
1134	2   3   1 
1136	2   6   3 
1138	2   1   6 
1138	1   3 
1139	1   3 
1140	6   6   3 
1146	1   3 
1140	1   1 
1146	1   6 
1141	1   1 
1146	2   1   2 
1148	2   5   1 
1150	1   1 
1148	1   2 
1150	2   5   2 
1152	6  11   9 
1152	1   2 
1158	1   5 
1153	2   1   2 
1159	2   5   1 
1158	6  11   3 
1164	2   2   5 
1166	1   5 
1161	1   1 
1162	1   1 
1163	1   1 
1166	1   2 
1167	1   2 
1168	2   2  10 
1170	1  10 
1170	2   7   2 
1172	2   7  10 
1174	1   7 
1174	1  10 
1172	1   2 
1175	2   2  10 
1177	2   7   2 
1179	1   2 
1180	1   2 
1179	2  10   7 
1181	1  10 
1181	1   7 
1182	2   7  11 
1181	2   2   5 
1183	2   1   2 
1185	1   2 
1185	2   5   1 
1187	1   1 
1187	2   5   2 
1189	1   5 
1189	1   2 
1190	2   1   2 
1192	2   5   1 
1194	1   1 
1194	2   2   5 
1196	1   2 
1196	1   5 
1197	1   5 
1195	1   1 
1198	2   5   2 
1200	2   6   5 
1202	2   2   6 
1204	1   6 
1202	1   5 
1204	2   2   5 
1206	1   5 
1207	2   6   5 
1206	1   2 
1209	2   2   6 
1211	1   6 
1212	1   6 
1213	1   6 
1211	2   5   2 
1213	1   5 
1214	2   9   5 
1213	1   2 
1214	2   2   3 
1216	6   7   2 
1222	6  11   3 
1216	6   9   5 
1228	2   6   7 
1230	1   7 
1230	2  11   6 
1232	1   6 
1232	2  11   7 
1234	1   7 
1234	1  11 
1235	2   6   7 
1237	2  11   6 
1239	6   9   1 
1239	1   6 
1239	2   7  11 
1241	1  11 
1240	1   6 
1245	2  10   9 
1241	1   7 
1241	1   6 
1242	1   7 
1245	2   7   2 
1247	2   3   7 
1247	1   2 
1249	1   7 
1249	2   3   2 
1251	1   3 
1251	1   2 
1252	2   7   2 
1254	2   3   7 
1256	1   7 
1256	2   2   3 
1257	1   7 
1258	1   3 
1258	1   7 
1258	1   2 
1259	1   2 
1260	2   2   5 
1262	1   5 
1262	2   1   2 
1264	1   2 
1264	2   1   5 
1266	1   1 
1266	1   5 
1267	2   2   5 
1269	2   1   2 
1271	1   2 
1272	1   2 
1273	1   2 
1271	2   5   1 
1273	1   1 
1273	1   5 
1274	1   5 
1275	2   5  10 
1277	1  10 
1277	2   9   5 
1279	2   9  10 
1281	1   9 
1281	1  10 
1279	1   5 
1282	2   5  10 
1284	2   9   5 
1286	2  10   9 
1288	1   9 
1288	1  10 
1286	1   5 
1287	1   5 
1288	2   5   1 
1290	2   2   5 
1292	2  10   9 
1292	2   1   2 
1292	1   5 
1294	1   2 
1294	2   1   5 
1296	1   5 
1297	2   2   5 
1296	1   1 
1299	2   1   2 
1301	2   5   1 
1303	1   5 
1301	1   2 
1302	1   2 
1303	2   2   3 
1303	1   1 
1305	2   7   2 
1307	2   5   1 
1307	1   2 
1307	2   3   7 
1309	1   7 
1309	2   3   2 
1311	1   3 
1311	1   2 
1312	2   7   2 
1314	2   3   7 
1316	1   7 
1316	2   2   3 
1318	1   2 
1318	1   3 
1317	1   7 
1318	2   7  11 
1320	2   6   7 
1322	2  11   6 
1324	1   6 
1322	1   7 
1324	2  11   7 
1326	1  11 
1326	2   2   3 
1326	1   7 
1328	2   6   7 
1330	2  11   6 
1332	1   6 
1333	1   6 
1332	2   7  11 
1334	6   9   6 
1340	1   9 
1334	1   7 
1334	1  11 
1335	1  11 
1335	1   7 
1340	2   7   2 
1342	1   2 
1342	2   3   7 
1344	1   7 
1344	2   3   2 
1346	1   3 
1346	1   2 
1347	2   7   2 
1349	2   3   7 
1351	2   2   3 
1353	1   3 
1353	1   2 
1351	1   7 
1354	1   2 
1352	1   7 
1353	1   7 
1355	2   2   5 
1357	1   5 
1357	2   1   2 
1359	2   1   5 
1361	1   5 
1361	1   1 
1359	1   2 
1362	2   2   5 
1364	2   1   2 
1366	1   2 
1367	1   2 
1368	1   2 
1366	2   5   1 
1368	1   1 
1368	1   5 
1369	1   5 
1370	2   5  10 
1372	1  10 
1372	2   6   5 
1374	1   5 
1374	2   6  10 
1376	1   6 
1376	1  10 
1377	2   5  10 
1379	2   6   5 
1381	1   5 
1382	1   5 
1383	2   5   1 
1385	2   2   5 
1387	1   5 
1387	2   1   2 
1389	1   2 
1389	2   1   5 
1391	1   5 
1391	1   1 
1392	2   2   5 
1394	2   1   2 
1396	6   5   1 
1396	1   2 
1397	1   2 
1402	2   2   3 
1404	2   7   2 
1406	2  10   6 
1406	1   2 
1408	2   1   5 
1408	1   6 
1410	1   5 
1408	1  10 
1409	1  10 
1411	2   5  10 
1413	2   9   5 
1408	2   3   7 
1410	1   7 
1410	2   3   2 
1412	1   2 
1410	1   1 
1411	1   1 
1413	2   7   2 
1415	2  10   9 
1417	1   9 
1415	1   5 
1412	1   3 
1415	2   3   7 
1417	1   7 
1418	1   7 
1419	2   7  11 
1421	2  10   5 
1423	1  10 
1423	1   5 
1424	2   9   5 
1421	2   2   3 
1423	1   3 
1423	1   2 
1426	6  10   9 
1432	2   9  10 
1434	2   3   6 
1434	1  10 
1435	1  10 
1436	6   2   1 
1436	1  10 
1437	2  10   7 
1439	2  11  10 
1439	1   7 
1442	2   5   9 
1441	1  10 
1444	1   5 
1444	1   9 
1441	2  11   7 
1443	1  11 
1443	1   7 
1444	2  10   7 
1446	2  11  10 
1448	2   7  11 
1450	1   7 
1448	1  10 
1450	1  11 
1451	1   7 
1449	1  10 
1450	1  10 
1452	2   7   3 
1454	1   3 
1454	2   6   7 
1456	1   7 
1456	2   6   3 
1458	1   6 
1458	1   3 
1459	2   7   3 
1461	2   6   7 
1463	1   7 
1464	1   7 
1465	2   7  11 
1467	2  10   7 
1469	1   7 
1469	2   3   6 
1471	2  11  10 
1473	2  11   7 
1475	1   7 
1471	1   6 
1473	1  10 
1475	1  11 
1471	1   3 
1475	2   3   6 
1477	2  10   7 
1479	2  11  10 
1481	6  10   2 
1487	6   5   1 
1487	1   2 
1488	1   2 
1487	2   7  11 
1489	1  11 
1489	1   2 
1489	1   7 
1490	1   7 
1491	2   7   3 
1493	1   3 
1493	2   6   7 
1495	2   6   3 
1497	1   6 
1497	1   3 
1495	1   7 
1498	2   7   3 
1500	2   6   7 
1502	1   7 
1502	2   3   6 
1504	1   3 
1504	1   6 
1503	1   7 
1504	2   7  11 
1506	2  10   7 
1508	1   7 
1508	2  11  10 
1510	1  10 
1510	2  11   7 
1512	1  11 
1512	2   3   6 
1512	1   7 
1514	2  10   7 
1516	2  11  10 
1518	1  10 
1519	1  10 
1520	1  10 
1518	2   7  11 
1520	1  11 
1520	1   7 
1521	1   7 
1522	2   7   3 
1524	1   3 
1524	2   6   7 
1526	1   7 
1526	2   6   3 
1528	1   3 
1529	2   7   3 
1528	1   6 
1531	2   6   7 
1533	1   7 
1533	2   3   6 
1535	1   3 
1534	1   7 
1535	1   6 
1536	2   3   6 
1538	2   7  11 
1540	2  10   7 
1542	1   7 
1542	2  11  10 
1544	1  10 
1544	2  11   7 
1546	1  11 
1546	1   7 
1547	2  10   7 
1549	2  11  10 
1551	1  10 
1552	1  10 
1551	2   7  11 
1553	6  11   9 
1538	6   2   1 
1559	6   6   3 
1559	1   9 
1565	2   5   9 
1567	2   1   5 
1569	1   5 
1567	2  10  11 
1559	1   7 
1560	1   7 
1569	2   7   6 
1571	1   6 
1571	2   9   1 
1573	1   1 
1571	2   3   7 
1573	2   3   6 
1573	1   7 
1575	6  11   3 
1581	1  11 
1575	2   9   5 
1577	1   9 
1577	1   5 
1578	2   1   5 
1575	1   6 
1581	2   7   6 
1583	2   9   1 
1585	1   1 
1586	1   1 
1587	1   1 
1583	2  11   7 
1585	1   7 
1585	2   6  11 
1587	1   6 
1586	1   7 
1587	1  11 
1588	1  11 
1587	2   5   9 
1589	1   9 
1589	2   2   6 
1591	2   7  11 
1589	1   5 
1590	1   5 
1591	2   5   2 
1593	2   6   5 
1595	1   5 
1593	1   2 
1595	2   6   2 
1597	1   6 
1597	1   2 
1598	2   5   2 
1600	2   6   5 
1602	2   2   6 
1604	1   6 
1604	1   2 
1602	1   5 
1603	1   5 
1605	1   2 
1604	1   5 
1604	6  10   7 
1610	2   2   7 
1612	1   7 
1612	2   3   2 
1614	2   3   7 
1616	1   7 
1614	1   2 
1617	2   2   7 
1616	1   3 
1619	2   3   2 
1621	1   2 
1622	1   2 
1623	1   2 
1621	2   7   3 
1623	1   3 
1623	1   7 
1624	1   7 
1625	2   7  10 
1627	2  11   7 
1627	1  10 
1629	1   7 
1629	2  11  10 
1631	1  10 
1631	1  11 
1632	2   7  10 
1634	2  11   7 
1636	2  10  11 
1638	1  11 
1638	1  10 
1636	1   7 
1637	1   7 
1638	2   7   3 
1640	2   2   7 
1642	1   7 
1642	2  10  11 
1642	2   3   2 
1644	1   2 
1644	2   3   7 
1646	1   7 
1646	1   3 
1647	2   2   7 
1649	2   3   2 
1651	1   2 
1652	1   2 
1651	2   7   3 
1653	2   2   6 
1655	2   5   2 
1657	1   2 
1657	2   6   5 
1659	1   5 
1653	1   3 
1659	2   6   2 
1661	1   2 
1661	1   6 
1662	2   5   2 
1653	1   7 
1664	2   6   5 
1666	1   5 
1667	1   5 
1666	2   7   3 
1668	2   5   9 
1670	2   1   5 
1672	1   5 
1673	2   9   1 
1675	2   9   5 
1677	2   2   6 
1677	1   5 
1677	1   9 
1675	1   1 
1679	2   1   5 
1679	1   2 
1681	2   9   1 
1679	1   6 
1683	1   1 
1683	2   5   9 
1685	1   5 
1685	1   9 
1685	2   2   6 
1686	1   5 
1684	1   1 
1685	1   1 
1687	2   5   2 
1689	2   6   5 
1691	1   5 
1689	1   2 
1691	2   6   2 
1693	1   6 
1693	1   2 
1694	2   5   2 
1696	2   6   5 
1698	2   2   6 
1700	1   6 
1700	1   2 
1701	1   2 
1702	2   2   7 
1704	1   7 
1698	1   5 
1699	1   5 
1700	1   5 
1704	2   3   2 
1706	1   2 
1706	2   3   7 
1708	1   7 
1708	1   3 
1709	2   2   7 
1711	2   3   2 
1713	1   2 
1714	1   2 
1715	1   2 
1713	2   7   3 
1715	1   7 
1715	1   3 
1716	1   7 
1717	2   7  10 
1719	1  10 
1719	2  11   7 
1721	1   7 
1721	2  11  10 
1723	1  10 
1724	2   7  10 
1723	1  11 
1726	2  11   7 
1728	1   7 
1728	2  10  11 
1729	1   7 
1730	2   7   3 
1730	1  10 
1730	1  11 
1731	2  10   9 
1732	2   2   7 
1734	1   7 
1734	2   8  10 
1736	1  10 
1734	2   3   2 
1736	1   2 
1736	2   3   7 
1738	1   3 
1738	1   7 
1739	2   2   7 
1736	2   9   8 
1738	1   8 
1738	2   9  10 
1740	1   9 
1740	1  10 
1741	2   3   2 
1741	2   8  10 
1743	1   2 
1744	1   2 
1745	2   2   6 
1743	2   9   8 
1747	2   7   3 
1747	2  10   9 
1749	1   7 
1749	1   9 
1745	1   8 
1749	2   5   2 
1751	1   2 
1746	1   8 
1749	1   3 
1751	2   6   5 
1753	2   3  11 
1747	1   8 
1755	1  10 
1756	1  10 
1753	1   5 
1755	2   6   2 
1757	1   6 
1757	1   2 
1757	6  10   7 
1763	2   7   3 
1765	2   5   2 
1765	2  11   7 
1767	1   7 
1765	1   3 
1768	2  11   3 
1770	1   3 
1770	1  11 
1770	2   6   5 
1772	1   5 
1773	1   5 
1772	2   7   3 
1774	6  11   7 
1780	2   7  11 
1767	6  13   8 
1773	6  14  13 
1782	2  10   5 
1782	2   3   7 
1782	1  11 
1783	1  11 
1784	6   5   2 
1784	1   3 
1790	2  11   9 
1792	1   7 
1792	2  14  11 
1794	1  11 
1792	2   5   6 
1794	1   5 
1794	1   6 
1794	2   9  14 
1796	1  14 
1796	2   9  11 
1798	1  11 
1798	1   9 
1799	2  14  11 
1801	2   9  14 
1801	2   3   7 
1803	1  14 
1803	2  11   9 
1805	1  11 
1805	1   9 
1806	2   5   9 
1808	2   1   5 
1804	1  14 
1805	1  14 
1810	1   5 
1806	1  11 
1807	2  11   3 
1809	1   3 
1811	2   9   1 
1813	1   1 
1809	2   7  11 
1811	1  11 
1811	2   7   3 
1813	1   3 
1813	1   7 
1813	2   9   5 
1815	1   5 
1815	1   9 
1816	2   1   5 
1814	2  11   3 
1816	2   7  11 
1818	1  11 
1819	1  11 
1818	2   9   1 
1818	2   3   7 
1820	6   3   1 
1826	2   5   9 
1826	1   1 
1828	2   6   1 
1828	1   5 
1829	1   5 
1828	1   9 
1830	2   5   6 
1832	2   1   5 
1834	1   5 
1826	1   7 
1826	1   3 
1827	1   3 
1828	1   3 
1832	1   6 
1832	2  11   7 
1834	2   1   6 
1836	1   1 
1836	1   6 
1837	2   5   6 
1839	2   1   5 
1841	1   5 
1842	1   5 
1843	1   5 
1841	2   6   1 
1843	1   1 
1843	1   6 
1844	1   6 
1845	2   6  10 
1847	1  10 
1847	2   2   6 
1849	2   2  10 
1851	1  10 
1851	1   6 
1852	2   6  10 
1851	1   2 
1854	2   2   6 
1856	2  10   2 
1858	1   2 
1858	1   6 
1859	1   6 
1860	1   6 
1858	1  10 
1859	1  10 
1860	2  10  11 
1862	2   7  10 
1862	1  11 
1864	1  10 
1864	2   7  11 
1866	1  11 
1867	2  10  11 
1866	1   7 
1869	2   7  10 
1871	2  11   7 
1873	1   7 
1871	1  10 
1872	1  10 
1873	2  10   2 
1875	2   6  10 
1877	2   2   6 
1877	1  10 
1879	2   2  10 
1881	1  10 
1881	1   2 
1881	1  11 
1881	1   6 
1882	2   6  10 
1884	2   2   6 
1886	1   6 
1887	1   6 
1888	2   6   1 
1890	2   5   6 
1892	2   1   5 
1894	1   5 
1892	1   6 
1894	2   1   6 
1896	1   1 
1896	1   6 
1897	2   5   6 
1899	2   1   5 
1901	2  10   2 
1901	1   5 
1902	1   5 
1903	6   3   1 
1903	1  10 
1909	1   2 
1909	2   5   9 
1909	2  11   7 
1911	6   7   3 
1911	2   1   5 
1913	1   5 
1914	2   9   1 
1916	1   1 
1916	2   9   5 
1918	1   9 
1918	1   5 
1919	2   1   5 
1918	6  10   7 
1924	2   9   1 
1926	1   1 
1927	1   1 
1928	1   1 
1926	2   6  10 
1928	1   6 
1928	1  10 
1928	2   7   2 
1928	2   5   9 
1930	1   9 
1930	2   6  10 
1930	1   5 
1931	1   5 
1932	2   5   6 
1934	1   6 
1934	2  10   5 
1936	1   5 
1936	2  10   6 
1938	1   6 
1938	1  10 
1939	2   5   6 
1941	2  10   5 
1943	2   6  10 
1945	1  10 
1945	1   6 
1946	1   6 
1943	1   5 
1944	1   5 
1947	2   6   7 
1949	1   7 
1945	1   5 
1949	2   2   6 
1951	1   6 
1951	2   2   7 
1953	1   7 
1954	2   6   7 
1953	1   2 
1956	2   2   6 
1958	2   7   2 
1960	1   2 
1958	1   6 
1959	1   6 
1960	1   6 
1960	1   7 
1961	1   7 
1962	2   7  11 
1964	1  11 
1964	2   3   7 
1966	2   3  11 
1968	1   3 
1968	1   7 
1968	1  11 
1969	2   7  11 
1971	2   3   7 
1973	1   7 
1974	2  11   3 
1976	1   3 
1976	1   7 
1976	1  11 
1977	2   7   2 
1979	2   6   7 
1981	2  11   9 
1983	2   2   6 
1985	1   6 
1983	1   7 
1985	2   2   7 
1987	1   7 
1987	1   2 
1988	2   6   7 
1990	2   2   6 
1992	1   6 
1993	1   6 
1992	2   7   2 
1994	6  11   7 
1994	1   2 
2000	1  11 
2000	2   6  10 
2001	1  11 
2002	6   9   6 
2008	2  11   7 
2010	1   7 
2010	2   2   3 
2008	2   5   9 
2010	1   9 
2010	2  10   5 
2012	1   5 
2012	2   6  11 
2014	1  11 
2014	2  10   9 
2014	6   3   1 
2016	1  10 
2016	1   9 
2020	2   6   7 
2022	1   6 
2022	2   5   9 
2022	1   7 
2023	2  11   7 
2025	2   6  11 
2027	1  11 
2027	2  10   5 
2028	1  11 
2029	1  11 
2029	2   9  10 
2031	1   9 
2029	1   5 
2031	1  10 
2031	2   7   6 
2033	1   6 
2033	1   7 
2034	1   7 
2030	1   5 
2033	2   5  10 
2035	2   7   5 
2037	1   5 
2037	2  10   7 
2039	1   7 
2039	2  10   5 
2041	1   5 
2041	1  10 
2042	2   7   5 
2044	2  10   7 
2046	1   7 
2047	1   7 
2048	1   7 
2046	2   5  10 
2048	1  10 
2048	1   5 
2049	1   5 
2050	2   5   2 
2052	2   1   5 
2052	1   2 
2054	2   1   2 
2054	1   5 
2056	1   2 
2056	1   1 
2057	2   5   2 
2059	2   1   5 
2061	2   2   1 
2063	1   1 
2063	1   2 
2061	1   5 
2062	1   5 
2063	2   5  10 
2065	2   7   5 
2067	2   2   1 
2067	1   5 
2067	2  10   7 
2069	1   7 
2069	2  10   5 
2071	1   5 
2072	2   7   5 
2071	1  10 
2074	2  10   7 
2076	2   5  10 
2078	1   5 
2078	1  10 
2076	1   7 
2077	1   7 
2078	2   7   6 
2080	2  11   7 
2082	1   7 
2082	2   6  11 
2084	1  11 
2084	2   6   7 
2086	1   6 
2086	1   7 
2087	2  11   7 
2089	2   6  11 
2091	1  11 
2092	1  11 
2091	2   7   6 
2093	1   7 
2093	1   6 
2094	1   7 
2093	2   5  10 
2095	2   7   5 
2097	1   5 
2097	2  10   7 
2099	1   7 
2099	2  10   5 
2101	1   5 
2102	2   7   5 
2101	1  10 
2104	2  10   7 
2106	1   7 
2107	1   7 
2108	1   7 
2106	2   5  10 
2108	1  10 
2108	1   5 
2109	1   5 
2110	2   5   2 
2112	2   1   5 
2114	1   5 
2112	1   2 
2114	2   1   2 
2116	1   1 
2116	1   2 
2117	2   5   2 
2119	2   1   5 
2121	1   5 
2121	2   2   1 
2123	1   1 
2122	1   5 
2123	1   2 
2123	2   5  10 
2125	6   9   1 
2131	2   7   5 
2133	2   2   1 
2133	2  10   7 
2135	1   7 
2133	1   5 
2135	2  10   5 
2137	1  10 
2137	1   5 
2138	2   7   5 
2140	2  10   7 
2142	6  10   5 
2142	1   7 
2143	1   7 
2148	2   7   6 
2150	2   3   7 
2152	1   7 
2152	2   6   3 
2154	1   3 
2154	2   6   7 
2156	1   6 
2156	1   7 
2157	2   3   7 
2159	2   6   3 
2161	6   3   1 
2167	1   1 
2168	1   1 
2167	2   7   6 
2169	6  11   6 
2169	1   7 
2169	1   1 
2175	1  11 
2170	1   7 
2175	2   7   2 
2177	2   3   7 
2177	1   2 
2177	2  10   5 
2179	1   5 
2179	2   3   2 
2180	2   5   9 
2181	1   3 
2179	1  10 
2181	1   2 
2179	1   7 
2182	2   7   2 
2184	2   3   7 
2186	1   7 
2186	2   2   3 
2187	1   7 
2188	1   3 
2188	1   2 
2189	1   2 
2188	2   6  10 
2190	2   2   6 
2192	1   6 
2188	1   7 
2193	2  10   2 
2195	2  10   6 
2195	1   2 
2197	1  10 
2197	1   6 
2198	2   2   6 
2200	2  10   2 
2202	2   6  10 
2202	1   2 
2204	1   6 
2205	1   6 
2204	1  10 
2203	1   2 
2204	1   2 
2206	2   6   5 
2208	1   5 
2208	2   9   6 
2210	1   6 
2210	2   9   5 
2212	1   9 
2212	1   5 
2213	2   6   5 
2215	2   9   6 
2217	1   6 
2217	2   5   9 
2218	1   6 
2219	2   6  10 
2219	1   5 
2221	2   2   6 
2223	1   6 
2224	2  10   2 
2226	1   2 
2226	2  10   6 
2228	1  10 
2228	1   6 
2229	2   2   6 
2231	2  10   2 
2233	1   9 
2233	1   2 
2233	2   6  10 
2235	1   6 
2235	2   5   9 
2235	1  10 
2234	1   2 
2235	2   2   3 
2237	2   7   2 
2239	1   2 
2239	2   3   7 
2239	6   5   1 
2241	1   7 
2245	2   3   2 
2245	6  10   5 
2247	1   2 
2247	1   3 
2251	2   7   2 
2253	6   9   1 
2253	2   3   7 
2255	1   7 
2256	1   7 
2257	2   7  11 
2259	2  10   7 
2261	2  11  10 
2261	1   7 
2261	2   2   3 
2263	1   3 
2263	2  11   7 
2263	1  10 
2265	1  11 
2265	1   7 
2266	2  10   7 
2263	1   2 
2268	2  11  10 
2270	1  10 
2268	2   2   3 
2270	2   7  11 
2271	1  10 
2272	2   6   5 
2272	1  10 
2272	1  11 
2272	1   7 
2273	1   7 
2274	2   7   2 
2276	2   3   7 
2276	1   2 
2278	2   3   2 
2278	1   7 
2280	1   3 
2280	1   2 
2281	2   7   2 
2283	2   3   7 
2285	1   7 
2285	2   2   3 
2287	1   2 
2286	1   7 
2287	1   3 
2287	1   7 
2288	1   2 
2289	2   2   6 
2291	2   5   2 
2291	1   6 
2293	2   5   6 
2293	1   2 
2295	1   6 
2296	2   2   6 
2295	1   5 
2298	2   5   2 
2300	2   6   5 
2300	1   2 
2301	1   2 
2302	1   2 
2302	1   5 
2302	1   6 
2303	1   6 
2304	2   6   9 
2306	2   1   6 
2308	1   6 
2306	1   9 
2308	2   1   9 
2310	1   9 
2310	1   1 
2311	2   6   9 
2313	2   1   6 
2315	1   6 
2315	2   9   1 
2317	1   9 
2316	1   6 
2317	1   1 
2317	2   6   5 
2319	2   2   6 
2321	2   5   2 
2321	1   6 
2323	1   2 
2323	2   5   6 
2325	1   5 
2325	1   6 
2326	2   2   6 
2328	2   5   2 
2330	2   6   5 
2332	1   5 
2333	1   5 
2330	1   2 
2331	1   2 
2332	2   2   3 
2334	2   7   2 
2336	1   2 
2336	2   3   7 
2338	2   3   2 
2340	1   3 
2338	1   7 
2340	1   2 
2341	2   7   2 
2343	2   3   7 
2345	1   7 
2345	2   2   3 
2347	2   7   6 
2347	1   3 
2349	1   6 
2349	1   7 
2350	2   7  11 
2352	2  10   7 
2354	1   7 
2347	1   2 
2349	2   2   1 
2354	2  11  10 
2356	1  10 
2356	2  11   7 
2351	6   5   1 
2358	1   7 
2358	1  11 
2359	2  10   7 
2357	6   2   1 
2363	2   3   2 
2361	2  11  10 
2363	1  10 
2364	1  10 
2365	6   9   1 
2371	1  10 
2365	2   7  11 
2367	1  11 
2367	1   7 
2368	1   7 
2369	2   7   3 
2371	1   3 
2371	2   2   7 
2373	1   7 
2373	2   2   3 
2375	1   2 
2375	1   3 
2376	2   7   3 
2378	2   2   7 
2380	1   7 
2381	1   7 
2380	2   3   2 
2382	2   6   1 
2382	1   3 
2382	1   7 
2383	1   3 
2382	1   2 
2384	2   3   6 
2386	1   6 
2386	2   1   3 
2388	1   3 
2388	2   1   6 
2390	1   1 
2390	1   6 
2391	2   3   6 
2393	2   1   3 
2395	1   3 
2396	1   3 
2397	1   3 
2395	2   6   1 
2397	1   6 
2397	1   1 
2398	1   6 
2399	2   6   9 
2401	1   9 
2401	2   5   6 
2403	1   6 
2403	2   5   9 
2405	1   5 
2405	1   9 
2406	2   6   9 
2408	2   5   6 
2410	1   6 
2410	2   9   5 
2411	1   6 
2412	1   9 
2412	1   5 
2412	2   6   1 
2414	2   3   6 
2416	1   6 
2416	2   1   3 
2418	1   3 
2418	2   1   6 
2420	1   6 
2420	1   1 
2421	2   3   6 
2423	2   1   3 
2425	2   6   1 
2427	1   1 
2427	1   6 
2425	1   3 
2426	1   3 
2427	2   3   2 
2429	2   7   3 
2427	2   9   5 
2431	1   3 
2431	2   2   7 
2433	2   2   3 
2435	1   3 
2435	1   2 
2433	1   7 
2435	2   6   1 
2437	2   7   3 
2439	2   2   7 
2441	1   7 
2442	1   7 
2441	2   3   2 
2443	1   3 
2443	2   7  11 
2443	1   2 
2445	2  10   7 
2447	1   7 
2447	2   3   2 
2447	2  11  10 
2449	2  11   7 
2451	1  11 
2451	1   7 
2449	1  10 
2452	2  10   7 
2454	2  11  10 
2456	1  10 
2456	2   7  11 
2457	1  10 
2458	1  10 
2458	1   7 
2459	1   7 
2460	2   7   3 
2462	2   2   7 
2464	1   7 
2462	1   3 
2464	2   2   3 
2466	1   3 
2467	2   7   3 
2466	1   2 
2469	2   2   7 
2471	2   3   2 
2473	1   2 
2473	1   3 
2471	1   7 
2472	1   7 
2474	1   3 
2473	1   7 
2475	2   3   6 
2477	1   6 
2477	2   1   3 
2479	1   3 
2479	2   1   6 
2481	1   1 
2481	1   6 
2482	2   3   6 
2484	2   1   3 
2486	1   3 
2487	1   3 
2488	1   3 
2486	2   6   1 
2488	1   6 
2488	1   1 
2489	1   6 
2490	2   6   9 
2492	1   9 
2492	2   5   6 
2494	1   6 
2494	2   5   9 
2496	1   5 
2496	1   9 
2497	2   6   9 
2499	2   5   6 
2501	1   6 
2501	2   9   5 
2503	1   9 
2503	1   5 
2502	1   6 
2503	2   6   1 
2505	2   3   6 
2507	6  10   9 
2507	1   6 
2507	2   1   3 
2509	1   3 
2513	2   1   6 
2515	1   1 
2515	1   6 
2516	2   3   6 
2518	2   1   3 
2520	2   6   1 
2522	1   1 
2520	1   3 
2521	1   3 
2522	2   3   2 
2524	2   7   3 
2526	2   2   7 
2526	1   3 
2528	2   2   3 
2528	1   7 
2530	1   2 
2530	1   3 
2528	6  11  10 
2534	2   7   3 
2536	2   2   7 
2538	1   7 
2539	1   7 
2538	2   3   2 
2540	1   3 
2540	2   2   6 
2542	1   2 
2542	1   6 
2541	1   3 
2534	6  15  14 
2542	6   7   3 
2543	1   6 
2542	6  10   9 
2548	2   2   1 
2548	2   7  11 
2550	2   6   7 
2552	1   7 
2552	2  11   6 
2554	1   6 
2554	2  11   7 
2556	1  11 
2556	1   7 
2557	2   6   7 
2559	2  11   6 
2561	2   7  11 
2563	1   7 
2561	1   6 
2563	1  11 
2564	2   7  11 
2566	2  15   7 
2568	1   7 
2568	2  11  15 
2570	2  11   7 
2572	1  11 
2570	1  15 
2572	1   7 
2573	2  15   7 
2575	2  11  15 
2577	1  15 
2578	1  15 
2579	1  15 
2577	2   7  11 
2579	1   7 
2579	1  11 
2579	6   6   3 
2585	2   7   6 
2587	2  10   7 
2589	2   6  10 
2591	1  10 
2589	1   7 
2591	2   6   7 
2593	1   7 
2593	1   6 
2594	2  10   7 
2596	2   6  10 
2598	6  11   3 
2604	1  10 
2604	2   7   6 
2606	1   6 
2606	1   7 
2607	2   5   7 
2605	1  10 
2606	1  10 
2609	2  10   5 
2611	1   5 
2611	2   7  10 
2613	2   7   5 
2613	1  10 
2615	2   3   6 
2615	1   5 
2615	1   7 
2617	2  10   5 
2619	2   7  10 
2621	2   5   7 
2621	1  10 
2623	1   7 
2623	1   5 
2624	1   5 
2622	1  10 
2623	1  10 
2623	6   6   3 
2629	2   5   2 
2623	6  15  11 
2631	1   2 
2631	2   1   5 
2633	1   5 
2633	2   1   2 
2635	1   2 
2635	1   1 
2636	2   5   2 
2638	2   1   5 
2640	1   5 
2641	1   5 
2642	1   5 
2640	2   2   1 
2642	1   1 
2642	1   2 
2643	1   2 
2644	2   2   6 
2646	2   3   2 
2648	1   2 
2646	1   6 
2648	2   3   6 
2650	1   3 
2650	1   6 
2651	2   2   6 
2653	2   3   2 
2655	2   6   3 
2657	1   6 
2655	1   2 
2656	1   2 
2657	2   2   1 
2659	2   5   2 
2661	1   2 
2657	1   3 
2661	2   1   5 
2663	1   5 
2663	2   6   3 
2665	2   1   2 
2667	1   1 
2667	1   2 
2668	2   5   2 
2670	2   1   5 
2672	2   2   1 
2672	1   5 
2674	1   2 
2673	1   5 
2674	2   5   7 
2676	1   1 
2676	2  10   5 
2678	2   2   1 
2678	1   5 
2678	2   7  10 
2680	1  10 
2680	2   7   5 
2682	1   7 
2682	1   5 
2683	2  10   5 
2685	2   7  10 
2687	2   5   7 
2689	1   7 
2687	1  10 
2689	1   5 
2688	1  10 
2690	1   5 
2691	2   5   2 
2689	1  10 
2693	1   2 
2693	2   1   5 
2695	1   5 
2695	2   1   2 
2697	1   1 
2697	1   2 
2698	2   5   2 
2700	2   1   5 
2702	2   2   1 
2702	1   5 
2704	1   2 
2703	1   5 
2704	1   1 
2705	1   2 
2704	1   5 
2706	2   2   6 
2708	1   6 
2708	2   3   2 
2710	2   3   6 
2712	1   3 
2710	1   2 
2712	1   6 
2713	2   2   6 
2715	2   3   2 
2717	2   6   3 
2719	1   3 
2719	1   6 
2717	1   2 
2718	1   2 
2719	2   2   1 
2721	2   5   2 
2723	1   2 
2723	2   1   5 
2725	1   5 
2725	2   1   2 
2727	1   2 
2727	1   1 
2728	2   5   2 
2730	2   1   5 
2732	1   5 
2733	1   5 
2734	2   5   7 
2736	2  10   5 
2738	2   2   1 
2738	1   5 
2738	2   7  10 
2740	2   7   5 
2740	1   2 
2742	1   5 
2742	1   1 
2740	1  10 
2742	1   7 
2743	2  10   5 
2745	2   7  10 
2747	1  10 
2748	1  10 
2747	2   5   7 
2749	1   5 
2749	1  10 
2749	1   7 
2749	2   1   6 
2750	1   5 
2751	2   5   1 
2753	2   6   5 
2755	1   5 
2753	1   1 
2755	2   6   1 
2757	1   6 
2757	1   1 
2758	2   5   1 
2760	2   6   5 
2762	1   5 
2762	2   1   6 
2763	1   5 
2764	2   5   7 
2766	1   1 
2766	2  10   5 
2768	2   7  10 
2768	1   5 
2770	1  10 
2770	2   7   5 
2772	1   7 
2772	1   5 
2772	1   6 
2773	2  10   5 
2775	2   7  10 
2777	2   5   7 
2779	1   5 
2780	1   5 
2777	1  10 
2779	2   1   6 
2781	2   5   1 
2779	1   7 
2780	1   7 
2778	1  10 
2783	1   1 
2779	1  10 
2783	2   6   5 
2785	2   6   1 
2785	1   5 
2787	1   6 
2787	1   1 
2788	2   5   1 
2790	2   6   5 
2792	1   5 
2793	1   5 
2792	2   1   6 
2794	1   6 
2794	1   1 
2795	1   6 
2796	2   7   6 
2798	2   2   1 
2798	2  11   7 
2800	2   6  11 
2800	1   7 
2802	2   6   7 
2802	1  11 
2804	1   7 
2804	1   6 
2805	2  11   7 
2807	2   6  11 
2809	2   7   6 
2811	1   6 
2811	1   7 
2809	1  11 
2812	2   5   7 
2814	2  10   5 
2816	1   5 
2816	2   7  10 
2818	1  10 
2818	2   7   5 
2820	1   7 
2820	1   5 
2821	2  10   5 
2823	2   7  10 
2825	2   5   7 
2825	1  10 
2827	1   5 
2828	1   5 
2827	1   7 
2827	2   6   3 
2829	2   5   2 
2831	1   2 
2826	1  10 
2827	1  10 
2831	2   1   5 
2833	1   5 
2833	2   1   2 
2835	1   2 
2835	1   1 
2836	2   5   2 
2838	2   1   5 
2840	2   2   1 
2840	1   5 
2841	1   5 
2842	1   5 
2842	1   1 
2842	1   2 
2843	1   2 
2844	2   2   6 
2846	1   6 
2846	2   3   2 
2848	2   3   6 
2850	1   3 
2848	1   2 
2850	1   6 
2851	2   2   6 
2853	2   3   2 
2855	1   2 
2856	1   2 
2855	2   6   3 
2857	2   2   1 
2857	1   6 
2857	1   3 
2859	2   5   2 
2861	1   2 
2861	2   1   5 
2863	1   5 
2863	2   1   2 
2865	2   6   3 
2865	1   1 
2865	1   2 
2867	2   5   2 
2869	2   1   5 
2871	1   5 
2871	2   2   1 
2873	1   2 
2872	1   5 
2873	2   5   7 
2875	1   1 
2875	2  10   5 
2877	2   7  10 
2877	1   5 
2877	2   2   1 
2879	1  10 
2879	2   7   5 
2881	1   5 
2882	2  10   5 
2881	1   7 
2884	2   7  10 
2886	1  10 
2886	2   5   7 
2887	1  10 
2888	1   5 
2889	1   5 
2888	1  10 
2890	2   5   2 
2888	1   7 
2892	2   1   5 
2892	1   2 
2894	2   1   2 
2894	1   5 
2896	1   2 
2896	1   1 
2897	2   5   2 
2899	2   1   5 
2901	2   2   1 
2901	1   5 
2903	1   1 
2902	1   5 
2903	1   2 
2904	1   2 
2903	1   5 
2905	2   2   6 
2907	2   3   2 
2909	1   2 
2907	1   6 
2909	2   3   6 
2911	1   3 
2911	1   6 
2912	2   2   6 
2914	2   3   2 
2916	1   2 
2916	2   6   3 
2918	1   6 
2917	1   2 
2918	2   2   1 
2918	1   3 
2920	2   5   2 
2922	1   2 
2922	2   1   5 
2924	2   1   2 
2926	1   2 
2926	1   1 
2924	1   5 
2927	2   5   2 
2929	2   1   5 
2931	2   6   3 
2931	1   5 
2932	1   5 
2933	2   5   7 
2935	2   2   1 
2937	1   2 
2937	1   1 
2938	1   2 
2937	2  10   5 
2939	2   7  10 
2941	1  10 
2939	1   5 
2941	2   7   5 
2943	1   5 
2944	2  10   5 
2943	1   7 
2943	6   3   2 
2949	2   7  10 
2951	2   5   7 
2951	1  10 
2952	1  10 
2953	1  10 
2953	1   7 
2953	1   5 
2954	1   5 
2955	2   5   6 
2957	1   6 
2957	2   2   5 
2959	1   5 
2959	2   2   6 
2961	1   6 
2962	2   5   6 
2961	1   2 
2964	2   2   5 
2966	2   6   2 
2966	1   5 
2968	1   2 
2967	1   5 
2968	2   5   7 
2970	2  10   5 
2972	1   5 
2972	2   7  10 
2970	1   6 
2974	1  10 
2974	2   6   2 
2976	2   7   5 
2978	1   7 
2978	1   5 
2979	2  10   5 
2981	2   7  10 
2983	2   5   7 
2985	1   5 
2985	1   7 
2986	1   7 
2983	1  10 
2984	1  10 
2985	1  10 
2986	1   5 
2987	2   5   6 
2989	2   2   5 
2991	1   5 
2989	1   6 
2991	2   2   6 
2993	6   3   1 
2999	1   2 
2993	1   6 
2999	2   5   6 
3001	2   2   5 
3003	2   6   2 
3005	1   2 
3003	1   5 
3004	1   5 
3005	2   5   7 
3007	2  10   5 
3009	2   2   1 
3009	2   7  10 
3011	1  10 
3009	1   5 
3007	1   6 
3011	2   7   5 
3013	1   5 
3013	1   7 
3014	2  10   5 
3016	2   7  10 
3018	1  10 
3018	2   5   7 
3020	2   3   6 
3019	1  10 
3020	1  10 
3020	1   5 
3020	1   7 
3021	1   5 
3022	2   5   2 
3024	1   2 
3024	2   1   5 
3026	1   5 
3026	2   1   2 
3028	1   1 
3028	1   2 
3029	2   5   2 
3031	2   1   5 
3033	1   5 
3034	1   5 
3035	1   5 
3033	2   2   1 
3035	1   2 
3036	1   2 
3035	1   1 
3037	2   2   3 
3039	2   6   2 
3039	1   3 
3041	2   6   3 
3043	1   6 
3043	1   3 
3041	1   2 
3044	2   2   3 
3046	2   6   2 
3048	1   2 
3049	1   2 
3048	2   3   6 
3050	1   6 
3050	1   3 
3050	2   2   1 
3052	2   5   2 
3054	1   2 
3054	2   1   5 
3056	1   5 
3056	2   1   2 
3058	1   1 
3058	2   3   6 
3058	1   2 
3060	2   5   2 
3062	2   1   5 
3064	1   5 
3064	2   2   1 
3065	1   5 
3066	1   2 
3066	2   5   7 
3068	1   1 
3068	2  10   5 
3070	2   7  10 
3070	1   5 
3072	1  10 
3072	2   7   5 
3074	1   7 
3074	1   5 
3075	2  10   5 
3077	2   7  10 
3079	1  10 
3077	2   2   1 
3079	2   5   7 
3081	1   5 
3082	1   5 
3083	2   5   2 
3085	2   1   5 
3085	1   2 
3087	1   5 
3087	2   1   2 
3089	1   2 
3089	1   1 
3090	2   5   2 
3092	2   1   5 
3094	1   5 
3095	1   5 
3096	1   5 
3094	2   2   1 
3096	1   1 
3096	1   2 
3097	1   2 
3098	2   2   3 
3100	1   3 
3100	2   6   2 
3102	1   2 
3102	2   6   3 
3104	1   6 
3104	1   3 
3105	2   2   3 
3107	2   6   2 
3109	1   2 
3110	1   2 
3109	2   3   6 
3111	2   2   1 
3113	2   5   2 
3115	1   2 
3115	2   1   5 
3117	2   1   2 
3119	1   1 
3117	1   5 
3119	1   2 
3120	2   5   2 
3122	2   1   5 
3124	2   2   1 
3124	1   5 
