   1	1   0 
   1	1   5 
   1	1   8 
   1	1   2 
   1	1  10 
   1	1  13 
   1	1   4 
   1	1   9 
   1	1   1 
   1	1  11 
   1	1   7 
   1	1   6 
   1	1   3 
   2	1   8 
   2	1  13 
   2	1  11 
   2	1   7 
   2	1   3 
   2	2   5   0 
   3	1  11 
   3	1   7 
   3	1   3 
   4	2   8   5 
   6	1   5 
   6	2   0   8 
   8	1   8 
   8	2   0   5 
  10	1   5 
  10	1   0 
  10	2   2  10 
  11	6   4   0 
  12	6  13   9 
  18	2   8   5 
  20	2   4   8 
  22	1   8 
  22	2   5   4 
  23	1   8 
  24	1   5 
  24	1   4 
  24	1   8 
  25	1   5 
  25	6   8   0 
  31	2   5   2 
  33	1   2 
  33	2  10   5 
  35	1   5 
  35	2  10   2 
  37	1   2 
  37	1  10 
  37	6   6   1 
  43	2   5   2 
  45	2  10   5 
  47	1   5 
  47	2   2  10 
  48	1   5 
  49	1   2 
  49	1  10 
  49	2   5   4 
  51	2   0   5 
  53	1   5 
  53	2   4   0 
  53	2   2  10 
  55	1   0 
  55	2   4   5 
  57	1   5 
  57	1   4 
  58	2   0   5 
  60	2   4   0 
  62	1   0 
  62	2   5   4 
  63	1   0 
  64	1   5 
  64	1   4 
  64	1   0 
  65	1   5 
  66	2   5   2 
  68	1   2 
  68	2  10   5 
  70	1   5 
  70	2  10   2 
  72	1   2 
  72	1  10 
  73	2   5   2 
  75	2  10   5 
  77	1   5 
  77	2   2  10 
  78	1   5 
  79	1   2 
  79	1  10 
  79	2   5   4 
  81	2   9   5 
  83	1   5 
  83	2   4   9 
  85	1   9 
  85	2   4   5 
  87	1   5 
  87	1   4 
  87	2   2  10 
  89	2   9   5 
  91	2   4   9 
  93	1   9 
  93	2   5   4 
  94	1   9 
  95	1   5 
  95	1   4 
  95	1   9 
  96	1   5 
  97	2   5   2 
  99	1   2 
  99	2  10   5 
 101	1   5 
 101	2  10   2 
 103	1   2 
 103	1  10 
 104	2   5   2 
 106	2  10   5 
 108	1   5 
 108	2   2  10 
 109	1   5 
 110	1   2 
 110	1  10 
 110	2   5   4 
 112	2   9   5 
 114	1   5 
 114	2   4   9 
 116	1   9 
 116	2   4   5 
 118	1   5 
 118	1   4 
 118	2   2  10 
 120	2   9   5 
 122	2   4   9 
 124	1   9 
 124	2   5   4 
 125	1   9 
 126	1   4 
 126	1   5 
 126	1   9 
 127	1   5 
 127	1   9 
 127	2   8   4 
 129	2   5   2 
 131	1   2 
 131	2   0   8 
 133	1   8 
 133	2  10   5 
 135	1   5 
 135	2   4   0 
 135	2  10   2 
 137	1   2 
 137	1   0 
 137	1  10 
 137	2   4   8 
 139	1   8 
 139	1   4 
 139	2   5   2 
 141	2   0   8 
 143	2  10   5 
 145	1   5 
 145	2   4   0 
 145	2   2  10 
 146	1   5 
 147	1  10 
 147	1   0 
 147	1   2 
 147	2   8   4 
 148	1   0 
 148	2  13  10 
 149	1   8 
 149	1   4 
 149	1   0 
 150	1   8 
 150	2   6   5 
 151	2   8  13 
 153	1  13 
 153	2  10   8 
 155	1   8 
 155	2  10  13 
 157	1  13 
 157	1  10 
 157	6   9   6 
 163	2   8  13 
 163	6   2   1 
 165	2  10   8 
 167	1   8 
 167	2  13  10 
 168	1   8 
 169	1  13 
 169	1  10 
 169	1   8 
 170	1  13 
 171	2  13   9 
 173	1   9 
 174	2   5  13 
 176	1  13 
 176	2   5   9 
 178	1   9 
 178	1   5 
 179	2  13   9 
 181	2   5  13 
 183	1  13 
 183	2   9   5 
 184	1  13 
 185	1   9 
 185	1   5 
 185	2  13  10 
 187	2   8  13 
 189	1  13 
 189	2  10   8 
 191	1   8 
 191	2  10  13 
 193	1  13 
 193	1  10 
 193	2   9   5 
 195	2   8  13 
 197	2  10   8 
 199	1   8 
 199	2  13  10 
 200	1   8 
 201	1  13 
 201	1  10 
 201	2   8   4 
 202	2  13  10 
 204	2   0   8 
 206	1   8 
 206	2   4   0 
 208	1   0 
 208	2   4   8 
 210	1   8 
 210	1   4 
 211	2   0   8 
 213	2   4   0 
 215	1   0 
 215	2   8   4 
 216	1   0 
 217	1   8 
 217	1   4 
 217	1   0 
 218	1   8 
 218	6   4   1 
 224	2   8  13 
 224	6   6   1 
 226	1  13 
 230	2  10   8 
 230	6   1   0 
 232	1   8 
 232	2  10  13 
 234	1  13 
 234	1  10 
 235	2   8  13 
 236	6   2   1 
 237	2  10   8 
 239	1   8 
 239	2  13  10 
 240	1   8 
 241	1  13 
 241	1  10 
 241	1   8 
 242	1  13 
 242	6   1   0 
 243	2  13   9 
 245	1   9 
 248	2   5  13 
 250	1  13 
 250	2   5   9 
 252	1   9 
 252	1   5 
 253	2  13   9 
 255	2   5  13 
 257	1  13 
 257	2   9   5 
 258	1  13 
 259	1   9 
 259	1   5 
 259	2  13  10 
 260	6   5   1 
 261	2   8  13 
 263	1  13 
 266	2  10   8 
 268	1   8 
 268	2  10  13 
 270	1  13 
 270	1  10 
 271	2   8  13 
 273	2  10   8 
 275	1   8 
 275	2  13  10 
 276	1   8 
 277	1  10 
 277	1  13 
 277	2   8   4 
 278	2   6  10 
 280	2   2   6 
 282	1   6 
 282	6   9   1 
 288	2  10   2 
 288	6   8   4 
 290	1   2 
 290	2  10   6 
 292	1   6 
 292	1  10 
 293	2   2   6 
 294	6   8   0 
 300	2  10   2 
 302	1   2 
 302	2   6  10 
 303	1   2 
 304	1   6 
 304	1  10 
 304	1   2 
 305	2   6  10 
 307	2   5   6 
 309	1   6 
 309	2  10   5 
 311	1   5 
 311	2  10   6 
 313	1   6 
 313	1  10 
 314	2   5   6 
 316	2  10   5 
 318	1   5 
 318	2   6  10 
 319	1   5 
 320	1   6 
 320	1  10 
 320	1   5 
 321	2   6  10 
 323	2  11   6 
 325	1   6 
 325	2  10  11 
 327	1  11 
 327	2  10   6 
 329	1   6 
 329	1  10 
 330	2  11   6 
 332	2  10  11 
 334	1  11 
 334	2   6  10 
 335	1  11 
 336	1   6 
 336	1  10 
 336	1  11 
 337	2   6  10 
 339	2   7   6 
 341	1   6 
 341	2  10   7 
 343	1   7 
 343	2  10   6 
 345	1   6 
 345	1  10 
 346	2   7   6 
 348	2  10   7 
 350	1   7 
 350	2   6  10 
 351	1   7 
 352	1   6 
 352	1  10 
 352	1   7 
 353	2   1   6 
 355	2   2   1 
 355	2  10   9 
 357	1   1 
 357	2   6   2 
 359	1   2 
 359	2   6   1 
 361	1   1 
 361	1   6 
 361	6  10   5 
 367	2   2   1 
 367	6  10   7 
 373	2   6   2 
 375	1   2 
 375	2   1   6 
 376	1   2 
 377	1   1 
 377	1   6 
 377	1   2 
 378	1   1 
 379	2   1   4 
 381	1   4 
 381	2   0   1 
 383	1   1 
 383	2   0   4 
 385	1   4 
 385	1   0 
 386	2   1   4 
 388	2   0   1 
 390	1   1 
 390	2   4   0 
 391	1   1 
 392	1   4 
 392	1   0 
 392	1   1 
 393	1   4 
 394	2   4   5 
 396	1   5 
 396	2   9   4 
 398	1   4 
 398	2   9   5 
 400	1   5 
 400	1   9 
 401	2   4   5 
 403	2   9   4 
 405	1   4 
 405	2   5   9 
 406	1   4 
 407	1   5 
 407	1   9 
 407	2   4   0 
 409	2   1   4 
 411	1   4 
 411	2   0   1 
 413	1   1 
 413	2   0   4 
 415	1   4 
 415	1   0 
 415	2   5   9 
 417	2   1   4 
 419	2   0   1 
 421	1   1 
 421	2   4   0 
 422	1   1 
 423	1   0 
 423	1   4 
 423	2   1   6 
 425	2   2   1 
 427	1   1 
 427	2   6   2 
 427	2   4   0 
 429	1   2 
 429	2   6   1 
 431	1   1 
 431	1   6 
 432	2   2   1 
 434	2   6   2 
 436	1   2 
 436	2   1   6 
 437	1   2 
 438	1   1 
 438	1   6 
 438	1   2 
 439	1   1 
 440	2   1   4 
 442	1   4 
 442	2   0   1 
 444	1   1 
 444	2   0   4 
 446	1   4 
 446	1   0 
 447	2   1   4 
 449	2   0   1 
 451	1   1 
 451	2   4   0 
 452	1   1 
 453	1   4 
 453	1   0 
 453	1   1 
 454	1   4 
 455	2   4   5 
 457	1   5 
 457	2   9   4 
 459	1   4 
 459	2   9   5 
 461	1   5 
 461	1   9 
 462	2   4   5 
 464	2   9   4 
 466	1   4 
 466	2   5   9 
 467	1   4 
 468	1   9 
 468	1   5 
 468	2   4   0 
 469	6  10   9 
 470	2   1   4 
 472	1   4 
 472	2   0   1 
 474	1   1 
 474	2   0   4 
 438	6   7   3 
 475	6  10   7 
 476	1   4 
 476	1   0 
 477	2   1   4 
 479	2   0   1 
 481	1   1 
 481	2   4   0 
 482	1   1 
 483	1   4 
 483	1   0 
 483	2   1   6 
 484	2   8   4 
 486	2   9   8 
 488	1   8 
 488	2   4   9 
 490	1   9 
 490	2   4   8 
 492	1   8 
 492	1   4 
 492	6  10   5 
 498	2   9   8 
 498	6   7   6 
 500	2   4   9 
 502	1   9 
 502	2   8   4 
 503	1   9 
 504	1   8 
 504	1   4 
 504	1   9 
 505	2   8   4 
 504	6  10   6 
 510	2   5   8 
 510	6  11   3 
 512	1   8 
 512	2   4   5 
 514	1   5 
 514	2   4   8 
 516	1   8 
 516	1   4 
 516	6  11   6 
 522	2   5   8 
 524	2   4   5 
 526	1   5 
 526	2   8   4 
 527	1   5 
 528	1   8 
 528	1   4 
 528	1   5 
 528	6   9   6 
 529	2   0   4 
 534	2  10   8 
 536	2   9  10 
 534	6   2   1 
 538	1  10 
 538	2   8   9 
 540	1   9 
 540	6   4   1 
 540	6  11   3 
 546	2   8  10 
 548	1  10 
 548	1   8 
 548	6   5   0 
 554	2   9  10 
 556	2   8   9 
 558	1   9 
 559	1   9 
 560	1   9 
 561	2  10   8 
 563	1  10 
 563	1   8 
 564	1  10 
 565	2  10   2 
 567	1   2 
 567	2   7  10 
 569	1  10 
 569	2   7   2 
 571	1   2 
 571	1   7 
 572	2  10   2 
 574	2   7  10 
 576	1  10 
 576	2   2   7 
 577	1  10 
 578	1   2 
 578	1   7 
 578	1  10 
 579	1   2 
 580	2   2   5 
 582	1   5 
 582	2   1   2 
 584	1   2 
 584	2   1   5 
 586	1   5 
 586	1   1 
 587	2   2   5 
 589	2   1   2 
 591	1   2 
 591	2   5   1 
 592	1   2 
 593	1   5 
 593	1   1 
 593	2   2   7 
 595	2  10   2 
 597	1   2 
 597	2   7  10 
 597	2   5   1 
 599	1  10 
 599	2   7   2 
 601	1   2 
 601	1   7 
 602	2  10   2 
 604	2   7  10 
 606	1  10 
 606	2   2   7 
 607	1  10 
 608	1   7 
 608	1   2 
 608	2  10   8 
 610	2   9  10 
 610	2   2   7 
 612	1  10 
 612	2   8   9 
 614	1   9 
 615	2   8  10 
 617	1  10 
 617	1   8 
 618	2   9  10 
 620	2   8   9 
 622	1   9 
 623	1   9 
 624	1   9 
 625	2  10   8 
 627	1  10 
 627	1   8 
 628	1  10 
 629	2  10   2 
 631	1   2 
 631	2   7  10 
 633	1  10 
 633	2   7   2 
 635	1   2 
 635	1   7 
 636	2  10   2 
 638	2   7  10 
 640	1  10 
 640	2   2   7 
 641	1  10 
 642	1   2 
 642	1   7 
 642	1  10 
 643	1   2 
 644	2   2   5 
 646	1   5 
 646	2   1   2 
 648	1   2 
 648	2   1   5 
 650	1   5 
 650	1   1 
 651	2   2   5 
 653	2   1   2 
 655	1   2 
 655	2   5   1 
 656	1   2 
 657	1   5 
 657	1   1 
 657	2   2   7 
 659	2  10   2 
 661	1   2 
 661	2   7  10 
 663	1  10 
 663	2   7   2 
 665	1   2 
 665	1   7 
 666	2  10   2 
 668	2   7  10 
 670	1  10 
 670	2   2   7 
 671	1  10 
 672	1   2 
 672	1   7 
 672	2  10   8 
 673	1   7 
 674	2   9  10 
 674	2   1   3 
 676	1  10 
 676	2   8   9 
 678	1   9 
 678	2   2   5 
 680	2   8  10 
 682	1  10 
 682	1   8 
 683	2   9  10 
 685	2   8   9 
 687	1   9 
 688	1   9 
 689	1   9 
 690	2  10   8 
 692	1  10 
 692	1   8 
 693	1  10 
 694	2  10   2 
 696	1   2 
 696	2   5  10 
 698	1  10 
 698	2   5   2 
 700	1   2 
 700	1   5 
 701	2  10   2 
 703	2   5  10 
 705	1  10 
 705	2   2   5 
 706	1  10 
 707	1   2 
 707	1   5 
 707	1  10 
 708	1   2 
 709	2   2   1 
 711	1   1 
 711	2   3   2 
 713	1   2 
 714	2   3   1 
 716	1   1 
 716	1   3 
 717	2   2   1 
 719	2   3   2 
 721	1   2 
 722	1   2 
 723	2   2   5 
 725	2  10   2 
 727	1   2 
 727	2   5  10 
 729	1  10 
 729	2   5   2 
 731	1   2 
 731	1   5 
 732	2  10   2 
 734	2   5  10 
 736	1  10 
 736	2   2   5 
 737	1  10 
 738	1   5 
 738	1   2 
 738	2  10   8 
 739	2   1   3 
 740	2   9  10 
 741	1   1 
 741	1   3 
 742	1  10 
 742	2   8   9 
 742	2   1   3 
 744	1   9 
 744	2   2   5 
 746	2   8  10 
 748	1  10 
 748	1   8 
 749	2   9  10 
 751	2   8   9 
 753	1   9 
 754	1   9 
 755	1   9 
 756	2  10   8 
 758	1  10 
 758	1   8 
 758	6   9   6 
 759	1  10 
 764	2  10   2 
 766	1   2 
 766	2   5  10 
 768	1  10 
 768	2   5   2 
 768	6  11   7 
 770	1   2 
 770	1   5 
 774	2  10   2 
 776	2   5  10 
 778	1  10 
 778	2   2   5 
 779	1  10 
 780	1   2 
 780	1   5 
 780	1  10 
 781	1   2 
 781	6   7   5 
 787	2   2   1 
 787	6   9   4 
 789	1   1 
 789	2   3   2 
 791	1   2 
 793	2   3   1 
 795	1   1 
 795	1   3 
 795	6  11   9 
 796	2   2   1 
 798	2   3   2 
 800	1   2 
 801	1   2 
 801	6   6   3 
 801	6  15  13 
 807	2   2   7 
 809	2  10   2 
 811	1   2 
 811	2   7  10 
 813	1  10 
 813	2   7   2 
 815	1   2 
 815	1   7 
 815	2   1   6 
 817	1   6 
 817	1   1 
 818	2  10   2 
 820	2   7  10 
 822	1  10 
 822	2   2   7 
 823	1  10 
 824	1   7 
 824	1   2 
 825	2   7   2 
 827	2   3   7 
 829	1   7 
 829	2   2   3 
 831	1   3 
 831	2   2   7 
 833	1   7 
 833	1   2 
 834	2   3   7 
 836	2   2   3 
 838	1   3 
 838	2   7   2 
 839	1   3 
 840	1   7 
 840	1   2 
 840	1   3 
 841	2   7   2 
 843	2   5   7 
 845	1   7 
 845	2   2   5 
 847	1   5 
 847	2   2   7 
 849	1   7 
 849	1   2 
 850	2   5   7 
 852	2   2   5 
 854	1   5 
 854	2   7   2 
 855	1   5 
 856	1   7 
 856	1   2 
 856	1   5 
 857	2   6   7 
 859	2  11   6 
 861	1   6 
 861	2   7  11 
 863	1  11 
 863	2   7   6 
 865	1   6 
 865	1   7 
 866	2  11   6 
 868	2   7  11 
 870	1  11 
 870	2   6   7 
 871	1  11 
 872	1   6 
 872	1   7 
 872	1  11 
 873	1   6 
 874	2   2  10 
 876	2   6   2 
 878	1   2 
 878	2  10   6 
 880	1   6 
 881	2  10   2 
 883	1   2 
 883	1  10 
 884	2   6   2 
 886	2  10   6 
 888	1   6 
 889	1   6 
 890	2   6   7 
 892	2  11   6 
 894	1   6 
 894	2   7  11 
 896	1  11 
 896	2   7   6 
 898	1   6 
 898	1   7 
 899	2  11   6 
 901	2   7  11 
 903	1  11 
 903	2   6   7 
 904	1  11 
 905	1   6 
 905	1  11 
 905	1   7 
 906	1   6 
 906	6   7   3 
 912	2   2  10 
 914	1   2 
 914	1  10 
 914	6  15   7 
 920	2   2  10 
 922	2   6   2 
 924	1   2 
 924	2  10   6 
 926	1   6 
 927	2  10   2 
 929	1   2 
 929	1  10 
 930	2   6   2 
 932	2  10   6 
 934	1   6 
 935	1   6 
 936	2   2  10 
 938	1  10 
 938	1   2 
 938	2   6   9 
 940	2   7  10 
 942	2  11   7 
 944	1   7 
 944	2  10  11 
 944	6   3   2 
 946	1  11 
 950	2  10   7 
 952	1   7 
 952	1  10 
 952	6  11   6 
 958	2   6   7 
 960	2  10   6 
 962	1   6 
 962	2   7  10 
 963	1   6 
 964	1   7 
 964	1  10 
 964	1   6 
 965	2   7  10 
 967	2  15   7 
 969	1   7 
 969	2  10  15 
 971	1  15 
 971	2  10   7 
 973	1   7 
 973	1  10 
 974	2  15   7 
 976	2  10  15 
 978	1  15 
 978	2   7  10 
 979	1  15 
 980	1  10 
 980	1   7 
 980	1  15 
 981	2  10   2 
 983	2   6  10 
 985	1  10 
 985	2   2   6 
 987	1   6 
 987	2   7   3 
 989	2   2  10 
 991	1  10 
 991	1   2 
 992	2   6  10 
 994	2   2   6 
 996	1   6 
 996	6  10   7 
 997	1   6 
 998	1   6 
1002	2   7   2 
1004	1   7 
1004	1   2 
1004	6   6   3 
1005	1   7 
1002	6   9   8 
1010	2   7  10 
1012	1  10 
1012	2   6   7 
1014	1   7 
1014	2   6  10 
1016	1  10 
1016	1   6 
1017	2   7  10 
1019	2   6   7 
1021	1   7 
1021	2  10   6 
1022	1   7 
1023	1  10 
1023	1   6 
1023	2   7   2 
1023	6   9   5 
1025	2   3   7 
1027	1   7 
1027	2   2   3 
1027	6  15  11 
1029	1   3 
1033	2   2   7 
1035	1   7 
1035	1   2 
1035	2  10   6 
1037	2   3   7 
1039	2   2   3 
1041	1   3 
1041	2   7   2 
1042	1   3 
1043	1   7 
1043	1   3 
1043	1   2 
1044	1   7 
1045	2   7  10 
1047	1  10 
1047	2   6   7 
1049	1   7 
1049	2   6  10 
1051	1  10 
1051	1   6 
1052	2   7  10 
1054	2   6   7 
1056	1   7 
1056	2  10   6 
1057	1   7 
1058	1   6 
1058	1  10 
1059	1  10 
1059	2   7   5 
1061	2  11   7 
1063	1   7 
1063	2   1   6 
1065	6   7   5 
1071	2   7  11 
1073	1  11 
1073	6  10   5 
1079	2   7  10 
1081	1  10 
1081	1   7 
1081	6  15  13 
1079	6   5   1 
1087	2  11  10 
1089	2   7  11 
1089	6  13   5 
1091	1  11 
1092	1  11 
1093	1  11 
1095	2  10   7 
1097	1  10 
1097	1   7 
1097	6   9   6 
1098	1  10 
1103	2  10   5 
1105	1   5 
1105	2   8  10 
1107	1  10 
1107	2   8   5 
1109	1   5 
1109	1   8 
1109	6   4   1 
1115	2  10   5 
1117	2   8  10 
1119	1  10 
1119	2   5   8 
1120	1  10 
1121	1   5 
1121	1   8 
1121	1  10 
1122	1   5 
1123	2   5  13 
1125	1  13 
1125	2   9   5 
1127	1   5 
1127	2   9  13 
1129	1  13 
1129	1   9 
1130	2   5  13 
1132	2   9   5 
1134	1   5 
1134	2  13   9 
1135	1   5 
1136	1  13 
1136	1   9 
1136	2   5   8 
1138	2  10   5 
1140	1   5 
1140	2   8  10 
1142	1  10 
1142	2   8   5 
1144	1   5 
1144	1   8 
1144	2  13   9 
1146	2  10   5 
1148	2   8  10 
1150	1  10 
1150	2   5   8 
1151	1  10 
1152	1   8 
1152	1   5 
1152	2  10   7 
1153	6  12   4 
1154	2  11  10 
1156	1  10 
1156	2   7  11 
1158	1  11 
1158	2   7  10 
1160	1  10 
1160	1   7 
1160	2   5   8 
1161	2  11  10 
1163	2   7  11 
1165	1  11 
1165	2  10   7 
1166	1  11 
1167	1  10 
1167	1   7 
1167	1  11 
1168	1  10 
1169	2  10   5 
1171	1   5 
1171	2   8  10 
1173	1  10 
1173	2   8   5 
1174	6  11   3 
1175	1   5 
1175	1   8 
1180	2  10   5 
1182	2   8  10 
1182	6   2   1 
1184	1  10 
1185	1  10 
1186	1  10 
1188	2   5   8 
1190	1   5 
1190	1   8 
1191	1   5 
1192	2   5  13 
1194	1  13 
1194	2   9   5 
1196	1   5 
1196	2   9  13 
1198	1  13 
1198	1   9 
1199	2   5  13 
1201	2   9   5 
1203	1   5 
1203	2  13   9 
1204	1   5 
1205	1  13 
1205	1   9 
1205	2   5   8 
1207	2  10   5 
1209	1   5 
1209	2   8  10 
1211	1  10 
1211	2   8   5 
1213	1   5 
1213	1   8 
1214	2  10   5 
1216	2   8  10 
1218	1  10 
1218	2   5   8 
1219	1  10 
1220	1   8 
1220	1   5 
1220	2  10   7 
1221	2   5   1 
1222	2   8  13 
1223	2   6  10 
1225	1  10 
1225	2   7   6 
1227	1   6 
1227	2   7  10 
1229	1  10 
1229	1   7 
1230	2   6  10 
1232	2   7   6 
1234	1   6 
1234	2  10   7 
1235	1   6 
1236	1  10 
1236	1   7 
1236	1   6 
1237	1  10 
1238	2  10   8 
1240	1   8 
1240	2  13  10 
1242	1  10 
1242	2  13   8 
1244	1   8 
1244	1  13 
1245	2  10   8 
1247	2  13  10 
1249	1  10 
1249	2   8  13 
1250	1  10 
1251	1   8 
1251	1  13 
1251	2  10   7 
1253	2   6  10 
1253	2   8  13 
1255	1  10 
1255	2   7   6 
1257	1   6 
1257	2   7  10 
1259	1  10 
1259	1   7 
1260	2   6  10 
1262	2   7   6 
1264	1   6 
1264	2  10   7 
1265	1   6 
1266	1  10 
1266	1   7 
1266	1   6 
1267	1  10 
1268	2  10   8 
1270	1   8 
1270	2  13  10 
1272	1  10 
1272	2  13   8 
1274	1   8 
1274	1  13 
1275	2  10   8 
1277	2  13  10 
1279	1  10 
1279	2   8  13 
1280	1  10 
1281	1   8 
1281	1  13 
1281	2  10   7 
1282	2  12  13 
1283	2  11  10 
1284	6  12   4 
1285	1  10 
1285	2   7  11 
1287	1  11 
1287	2   7  10 
1289	1  10 
1289	1   7 
1290	2  11  10 
1290	6  13   8 
1292	2   7  11 
1294	1  11 
1295	1  11 
1296	1  11 
1296	2  10   7 
1298	1  10 
1298	1   7 
1298	2   9  13 
1299	1  10 
1300	2  10   9 
1302	1   9 
1302	2  13  10 
1304	1  10 
1304	2  13   9 
1306	1   9 
1306	1  13 
1307	2  10   9 
1309	2  13  10 
1311	1  10 
1311	2   9  13 
1312	1  10 
1313	1   9 
1313	1  13 
1313	1  10 
1314	1   9 
1315	2   9   5 
1317	1   5 
1318	2   1   9 
1320	1   9 
1320	2   1   5 
1322	1   5 
1322	1   1 
1323	2   9   5 
1325	2   1   9 
1327	1   9 
1327	2   5   1 
1328	1   9 
1329	1   5 
1329	1   1 
1329	1   9 
1330	1   5 
1331	2   5   4 
1333	1   4 
1333	2   8   5 
1335	1   5 
1335	2   8   4 
1337	1   4 
1337	1   8 
1338	2   5   4 
1340	2   8   5 
1342	1   5 
1342	2   4   8 
1343	1   5 
1344	1   4 
1344	1   8 
1344	2   5   1 
1346	2   9   5 
1348	1   5 
1348	2   4   8 
1350	2   1   9 
1352	1   9 
1352	2   1   5 
1354	1   5 
1354	1   1 
1355	2   9   5 
1357	2   1   9 
1359	1   9 
1359	2   5   1 
1360	1   9 
1361	1   1 
1361	1   5 
1361	2   9  13 
1363	2  10   9 
1365	1   9 
1365	2  13  10 
1365	2   5   1 
1367	1  10 
1367	2  13   9 
1369	1   9 
1369	1  13 
1370	2  10   9 
1372	2  13  10 
1374	1  10 
1374	2   9  13 
1375	1  10 
1376	1  13 
1376	1   9 
1376	2  10   7 
1378	2  11  10 
1380	1  10 
1380	2   7  11 
1380	2   9  13 
1382	1  11 
1382	2   7  10 
1384	1  10 
1384	1   7 
1385	2  11  10 
1387	2   7  11 
1389	1  11 
1389	2  10   7 
1390	1  11 
1391	1  10 
1391	1   7 
1391	1  11 
1392	1  10 
1393	2  10   9 
1395	1   9 
1395	2  13  10 
1397	1  10 
1397	2  13   9 
1399	1   9 
1399	1  13 
1400	2  10   9 
1402	2  13  10 
1404	1  10 
1404	2   9  13 
1405	1  10 
1406	1   9 
1406	1  13 
1406	1  10 
1407	1   9 
1408	2   9   5 
1410	1   5 
1411	2   1   9 
1413	1   9 
1413	2   1   5 
1415	1   5 
1415	1   1 
1416	2   9   5 
1418	2   1   9 
1420	1   9 
1420	2   5   1 
1421	1   9 
1422	1   5 
1422	1   1 
1422	1   9 
1423	1   5 
1424	2   5   4 
1426	1   4 
1426	2   8   5 
1428	1   5 
1428	2   8   4 
1430	1   4 
1430	1   8 
1431	2   5   4 
1433	2   8   5 
1435	1   5 
1435	2   4   8 
1436	1   5 
1437	1   4 
1437	1   8 
1437	2   5   1 
1439	2   9   5 
1441	1   5 
1441	6   4   1 
1447	2   4   9 
1449	1   9 
1449	2   4   5 
1451	1   5 
1451	1   4 
1452	2   9   5 
1454	2   4   9 
1456	1   9 
1456	2   5   4 
1457	1   9 
1458	1   5 
1458	1   4 
1458	2   9  13 
1459	2   4   1 
1460	2  10   9 
1462	1   9 
1462	2  13  10 
1464	1  10 
1464	2  13   9 
1466	1   9 
1466	1  13 
1467	2  10   9 
1469	2  13  10 
1471	1  10 
1471	2   9  13 
1472	1  10 
1473	1  13 
1473	1   9 
1473	2  10   7 
1475	2  11  10 
1477	1  10 
1477	2   7  11 
1477	2   5  13 
1479	1  11 
1479	2   7  10 
1481	1  10 
1481	1   7 
1481	2   8   9 
1483	2  11  10 
1485	2   7  11 
1487	1  11 
1487	2  10   7 
1488	1  11 
1489	1  10 
1489	1   7 
1489	1  11 
1490	1  10 
1491	2  10   5 
1493	1   5 
1493	2  13  10 
1495	1  10 
1495	2  13   5 
1497	1   5 
1497	1  13 
1498	2  10   5 
1500	2  13  10 
1502	1  10 
1502	2   5  13 
1503	1  10 
1504	1   5 
1504	1  13 
1504	1  10 
1505	1   5 
1506	2   5   4 
1508	1   4 
1508	2   1   5 
1510	1   5 
1510	2   1   4 
1512	1   4 
1512	1   1 
1513	2   5   4 
1515	2   1   5 
1517	1   5 
1517	2   4   1 
1518	1   5 
1519	1   4 
1519	1   1 
1519	1   5 
1520	1   4 
1521	2   4   8 
1523	1   8 
1523	2   9   4 
1525	1   4 
1525	2   9   8 
1527	1   8 
1527	1   9 
1528	2   4   8 
1530	2   9   4 
1532	1   4 
1532	2   8   9 
1533	1   4 
1534	1   8 
1534	1   9 
1534	2   4   1 
1536	2   5   4 
1538	1   4 
1538	2   1   5 
1540	1   5 
1540	2   1   4 
1542	1   4 
1542	1   1 
1542	2   8   9 
1544	2   5   4 
1546	2   1   5 
1548	1   5 
1548	2   4   1 
1549	1   5 
1550	1   4 
1550	1   1 
1551	2   5  13 
1553	2  10   5 
1555	1   5 
1555	2  13  10 
1555	2   4   1 
1557	1  10 
1557	2  13   5 
1559	1   5 
1559	1  13 
1560	2  10   5 
1562	2  13  10 
1564	1  10 
1564	2   5  13 
1565	1  10 
1566	1  13 
1566	1   5 
1566	2  10   7 
1568	2  11  10 
1570	1  10 
1570	2   7  11 
1570	2   5  13 
1572	1  11 
1572	2   7  10 
1574	1  10 
1574	1   7 
1575	2  11  10 
1577	2   7  11 
1579	1  11 
1579	2  10   7 
1580	1  11 
1581	1  10 
1581	1   7 
1581	1  11 
1582	1  10 
1582	6   7   6 
1588	2  10   5 
1590	1   5 
1590	2  13  10 
1592	1  10 
1592	2  13   5 
1594	1   5 
1594	1  13 
1595	2  10   5 
1597	2  13  10 
1599	1  10 
1599	2   5  13 
1600	1  10 
1601	1   5 
1601	1  13 
1601	1  10 
1602	1   5 
1603	2   5   4 
1605	1   4 
1605	2   1   5 
1607	1   5 
1607	2   1   4 
1609	1   4 
1609	1   1 
1610	2   5   4 
1612	2   1   5 
1614	1   5 
1614	2   4   1 
1615	1   5 
1616	1   4 
1616	1   1 
1616	1   5 
1617	1   4 
1618	2   4   8 
1620	1   8 
1620	2   9   4 
1622	1   4 
1622	2   9   8 
1624	1   8 
1624	1   9 
1625	2   4   8 
1627	2   9   4 
1629	1   4 
1629	2   8   9 
1630	1   4 
1631	1   9 
1631	1   8 
1631	2   4   1 
1633	2   9   6 
1635	2   5   4 
1637	1   4 
1637	2  11   9 
1639	1   9 
1639	2   1   5 
1641	1   5 
1641	2   6  11 
1643	1  11 
1643	2   1   4 
1645	1   4 
1645	1   1 
1645	2   6   9 
1647	1   9 
1647	1   6 
1647	2   5   4 
1649	2  11   9 
1651	2   1   5 
1653	1   5 
1653	2   6  11 
1654	1   5 
1655	1  11 
1655	2   4   1 
1656	1  11 
1657	1   4 
1657	1   1 
1657	1  11 
1657	2   9   6 
1659	1   9 
1659	1   6 
1659	2   1   4 
1660	1   9 
1661	2   5  13 
1663	2  10   5 
1665	1   5 
1665	2  13  10 
1667	1  10 
1667	2  13   5 
1669	1   5 
1669	1  13 
1670	2   9   1 
1672	1   1 
1672	2   4   9 
1674	1   9 
1674	2   4   1 
1676	1   1 
1676	1   4 
1676	2  10   5 
1678	2   9   1 
1680	2  13  10 
1682	1  10 
1682	2   4   9 
1683	1  10 
1684	1  10 
1684	1   9 
1684	2   1   4 
1685	1   9 
1686	1   1 
1686	1   4 
1686	1   9 
1686	6  13   8 
1687	1   1 
1692	2   5   8 
1694	1   8 
1694	1   5 
1694	6   4   1 
1694	6  13   9 
1700	2   8   9 
1702	2   4   8 
1704	1   8 
1704	2   9   4 
1706	1   4 
1706	2   9   8 
1708	1   8 
1708	1   9 
1708	2   5  10 
1708	6  13  12 
1710	6   1   0 
1716	2   4   8 
1718	2   9   4 
1720	1   4 
1720	2   8   9 
1721	1   4 
1722	1   8 
1722	1   9 
1722	1   4 
1723	1   8 
1724	2   8   5 
1726	1   5 
1726	2  10   8 
1728	1   8 
1728	2  10   5 
1730	1   5 
1730	1  10 
1731	2   8   5 
1733	2  10   8 
1735	1   8 
1735	2   5  10 
1736	1   8 
1737	1   5 
1737	1  10 
1737	2   8   9 
1739	2   4   8 
1741	1   8 
1741	2   9   4 
1743	1   4 
1743	2   9   8 
1745	1   8 
1745	1   9 
1745	2   5  10 
1747	2   4   8 
1749	2   9   4 
1751	1   4 
1751	2   8   9 
1752	1   4 
1753	1   8 
1753	1   9 
1753	2   4   0 
1754	6  12   9 
1755	6   1   0 
1760	2   8  12 
1762	2   9   4 
1764	1   4 
1764	2   1   9 
1766	1   9 
1766	2   1   4 
1768	1   4 
1768	1   1 
1769	2   9   4 
1771	2   1   9 
1773	1   9 
1773	2   4   1 
1774	1   9 
1775	1   1 
1775	1   4 
1775	2   9   6 
1777	2  11   9 
1779	1   9 
1779	2   6  11 
1781	1  11 
1781	2   6   9 
1783	1   9 
1783	1   6 
1783	2   4   1 
1785	2  11   9 
1787	2   6  11 
1789	1  11 
1789	2   9   6 
1790	1  11 
1791	1   9 
1791	1   6 
1791	1  11 
1792	1   9 
1792	6  11   7 
1793	2   9   4 
1795	1   4 
1795	2   1   9 
1797	1   9 
1797	2   1   4 
1799	1   4 
1799	1   1 
1800	2   9   4 
1802	2   1   9 
1804	1   9 
1804	2   4   1 
1805	1   9 
1806	1   4 
1806	1   1 
1806	1   9 
1807	1   4 
1807	6   9   1 
1813	2   4   8 
1815	1   8 
1816	2  12   4 
1818	1   4 
1818	2  12   8 
1820	1   8 
1820	1  12 
1821	2   4   8 
1823	2  12   4 
1825	1   4 
1825	2   8  12 
1826	1   4 
1827	1   8 
1827	1  12 
1827	1   4 
1828	1   8 
1829	2   8   5 
1831	1   5 
1831	2  10   8 
1833	1   8 
1833	2  10   5 
1835	1   5 
1835	1  10 
1836	2   8   5 
1838	2  10   8 
1840	1   8 
1840	2   5  10 
1841	1   8 
1842	1  10 
1842	1   5 
1842	2   8  12 
1843	2   5   6 
1845	2   4   8 
1847	1   8 
1847	2   7   5 
1849	1   5 
1849	2   6   7 
1850	2  12   4 
1851	1   7 
1852	1   4 
1852	2  12   8 
1852	2   6   5 
1854	1   8 
1854	1  12 
1854	1   5 
1854	1   6 
1855	2   4   8 
1857	2  12   4 
1859	1   4 
1859	2   8  12 
1860	1   4 
1859	6  10   5 
1861	1   8 
1861	1  12 
1854	6   3   2 
1865	2   4   9 
1867	2   1   4 
1867	2   7  10 
1869	1   4 
1869	2   9   1 
1871	1   1 
1871	2   9   4 
1871	2   6   7 
1873	1   4 
1873	1   9 
1873	1   7 
1873	2  10   6 
1874	1   7 
1874	2   1   4 
1875	1  10 
1875	1   6 
1875	1   7 
1876	1  10 
1876	6   2   0 
1882	2   9   1 
1884	1   1 
1884	2   4   9 
1885	1   1 
1886	1   4 
1886	1   9 
1886	6  10   6 
1892	2   4   5 
1894	2   0   4 
1894	2   9  12 
1896	1   4 
1896	2   5   0 
1898	1   0 
1898	2   5   4 
1900	1   4 
1900	1   5 
1900	6   9   6 
1901	2   0   4 
1906	2   5   0 
1908	1   0 
1908	2   4   5 
1909	1   0 
1910	1   4 
1910	1   5 
1910	1   0 
1911	2   4   8 
1913	2   9   4 
1915	1   4 
1915	2   8   9 
1917	1   9 
1917	2   8   4 
1919	1   4 
1919	1   8 
1919	2   1   5 
1921	2   9   4 
1923	2   8   9 
1925	1   9 
1925	2   4   8 
1926	1   9 
1927	1   4 
1927	1   8 
1927	1   9 
1927	6   6   5 
1928	1   4 
1928	6  12   8 
1933	6  11   7 
1934	2   4   5 
1936	1   5 
1936	2   8   4 
1938	1   4 
1938	2   8   5 
1940	1   5 
1940	1   8 
1940	6   2   0 
1946	2   4   5 
1948	2   8   4 
1950	1   4 
1950	2   5   8 
1951	1   4 
1952	1   5 
1952	1   8 
1952	1   4 
1953	1   5 
1954	2   5   1 
1956	1   1 
1956	2   6   5 
1958	1   5 
1958	2   6   1 
1960	1   1 
1960	1   6 
1961	2   5   1 
1963	2   6   5 
1965	1   5 
1965	2   1   6 
1966	1   5 
1967	1   1 
1967	1   6 
1967	2   5   8 
1969	2   4   5 
1971	1   5 
1971	2   8   4 
1971	2   1   6 
1973	1   4 
1973	2   8   5 
1975	1   5 
1975	1   8 
1976	2   4   5 
1978	2   8   4 
1980	1   4 
1980	2   5   8 
1981	1   4 
1982	1   5 
1982	1   8 
1983	2   4  12 
1985	2   9   4 
1987	1   4 
1987	2  12   9 
1989	1   9 
1989	2  12   4 
1991	1   4 
1991	1  12 
1991	2   5   8 
1993	2   9   4 
1995	2  12   9 
1997	1   9 
1997	2   4  12 
1998	1   9 
1999	1  12 
1999	1   4 
1999	2   9  10 
2001	2  11   9 
2003	1   9 
2003	2  10  11 
2003	2   4  12 
2005	1  11 
2005	2  10   9 
2007	1   9 
2007	1  10 
2008	2  11   9 
2010	2  10  11 
2012	1  11 
2012	2   9  10 
2013	1  11 
2014	1   9 
2014	1  10 
2014	1  11 
2015	1   9 
2016	2   9   4 
2018	1   4 
2018	2  12   9 
2020	1   9 
2020	2  12   4 
2022	1   4 
2022	1  12 
2023	2   9   4 
2025	2  12   9 
2027	1   9 
2027	2   4  12 
2028	1   9 
2029	1   4 
2029	1  12 
2029	1   9 
2030	1   4 
2031	2   4   5 
2033	1   5 
2033	2   8   4 
2035	1   4 
2035	2   8   5 
2037	1   5 
2037	1   8 
2038	2   4   5 
2040	2   8   4 
2042	1   4 
2042	2   5   8 
2043	1   4 
2044	1   5 
2044	1   8 
2044	1   4 
2045	1   5 
2046	2   5   1 
2048	1   1 
2048	2   6   5 
2050	1   5 
2050	2   6   1 
2052	1   1 
2052	1   6 
2053	2   5   1 
2055	2   6   5 
2057	1   5 
2057	2   1   6 
2058	1   5 
2059	1   6 
2059	1   1 
2059	2   5   8 
2061	2   4   5 
2063	1   5 
2063	2   8   4 
2063	2   6  10 
2065	1   4 
2065	2   8   5 
2067	1   5 
2067	1   8 
2067	2   2   6 
2069	1   6 
2069	2   4   5 
2071	2   8   4 
2071	2  10   2 
2073	1   4 
2073	1   2 
2073	2  10   6 
2074	1   4 
2075	1   6 
2075	1  10 
2075	2   4  12 
2076	2   2   6 
2077	2   9   4 
2079	1   4 
2079	2  12   9 
2081	1   9 
2081	2  12   4 
2082	2  10   2 
2083	1   4 
2083	1  12 
2084	1   2 
2084	2   9   4 
2085	1   2 
2086	1   2 
2086	2  12   9 
2088	1   9 
2088	2   5   8 
2089	1   9 
2090	1   8 
2090	1   9 
2090	1   5 
2090	2   6  10 
2091	2   4  12 
2092	1   6 
2092	1  10 
2093	1   6 
2093	1  12 
2093	1   4 
2093	2   8   9 
2095	2   4   5 
2097	6   6   4 
2103	2   4   8 
2103	6  10   6 
2105	1   8 
2109	2   9   4 
2109	6   2   1 
2111	1   4 
2111	2   9   8 
2113	1   8 
2113	1   9 
2114	2   4   8 
2113	6  10   7 
2119	2   9   4 
2121	1   4 
2121	2   8   9 
2122	1   4 
2123	1   8 
2123	1   9 
2123	6  10   5 
2119	6   7   3 
2123	6  13  12 
2129	2   4   6 
2131	2   1   4 
2131	6  10   7 
2133	1   4 
2137	2   6   1 
2137	2   8   9 
2139	1   1 
2139	2   6   4 
2141	1   4 
2141	1   6 
2141	6   7   2 
2147	2   1   4 
2149	2   6   1 
2151	1   1 
2151	2   4   6 
2152	1   1 
2153	1   4 
2153	1   6 
2153	1   1 
2154	1   4 
2155	2   4   8 
2157	1   8 
2157	2   9   4 
2159	1   4 
2159	2   9   8 
2161	1   8 
2161	1   9 
2162	2   4   8 
2164	2   9   4 
2166	1   4 
2166	2   8   9 
2167	1   4 
2168	1   8 
2168	1   9 
2169	2   4   6 
2171	2   5   4 
2173	1   4 
2173	2   6   5 
2175	1   5 
2175	2   8   9 
2177	2   6   4 
2179	1   4 
2179	1   6 
2180	2   5   4 
2182	2   6   5 
2184	1   5 
2185	1   5 
2186	1   5 
2187	2   4   6 
2189	1   4 
2189	1   6 
2190	1   4 
2191	2   4   8 
2193	1   8 
2193	2   9   4 
2195	1   4 
2195	2   9   8 
2197	1   8 
2197	1   9 
2198	2   4   8 
2200	2   9   4 
2202	1   4 
2202	2   8   9 
2203	1   4 
2204	1   8 
2204	1   9 
2205	2   4   6 
2207	2   5   4 
2209	1   4 
2209	2   6   5 
2211	1   5 
2211	2   8   9 
2213	2   6   4 
2215	1   4 
2215	1   6 
2216	2   5   4 
2218	2   6   5 
2220	1   5 
2221	1   5 
2222	1   5 
2223	2   4   6 
2225	1   4 
2225	1   6 
2226	1   4 
2226	2   7   6 
2227	2   4   8 
2228	2  11   7 
2229	1   8 
2229	2   9   4 
2230	1   7 
2231	1   4 
2231	2   9   8 
2231	2   6  11 
2233	1   8 
2233	1   9 
2233	1  11 
2233	2   6   7 
2234	2   4   8 
2235	1   7 
2235	1   6 
2236	2   9   4 
2236	2  11   7 
2238	1   4 
2238	2   8   9 
2238	2   6  11 
2239	1   4 
2240	1   9 
2240	1   8 
2240	1  11 
2240	2   7   6 
2241	1  11 
2241	2  13   9 
2242	1   7 
2242	1   6 
2242	1  11 
2243	1   7 
2243	2  10  13 
2243	2   8   4 
2245	1  13 
2245	2   9  10 
2247	1  10 
2247	2   9  13 
2247	6   7   6 
2249	1  13 
2249	1   9 
2253	2  10  13 
2255	2   9  10 
2257	1  10 
2257	2  13   9 
2259	1  13 
2259	1   9 
2259	6  10   6 
2260	1  13 
2265	2   9  13 
2265	6   6   3 
2271	2  10   9 
2271	6   2   1 
2273	1   9 
2273	2  13  10 
2275	1  10 
2275	2  13   9 
2277	1   9 
2277	1  13 
2277	6   6   4 
2283	2  10   9 
2285	2  13  10 
2287	1  10 
2287	2   9  13 
2288	1  10 
2289	1   9 
2289	1  13 
2289	1  10 
2289	6   8   5 
2290	1   9 
2295	2   9   4 
2297	1   4 
2297	2   1   9 
2299	1   9 
2299	2   1   4 
2301	1   4 
2301	1   1 
2302	2   9   4 
2304	2   1   9 
2306	1   9 
2306	2   4   1 
2307	1   9 
2308	1   4 
2308	1   1 
2308	1   9 
2309	1   4 
2310	2   4   5 
2312	1   5 
2313	2   6   4 
2315	1   4 
2315	2   6   5 
2317	1   5 
2317	1   6 
2318	2   4   5 
2320	2   6   4 
2322	1   4 
2322	2   5   6 
2323	1   4 
2324	1   5 
2324	1   6 
2324	2   4   1 
2326	2   9   4 
2328	1   4 
2328	2   1   9 
2330	1   9 
2330	2   1   4 
2332	1   4 
2332	1   1 
2332	2   5   6 
2334	2   9   4 
2336	2   1   9 
2338	1   9 
2338	2   4   1 
2339	1   9 
2340	1   1 
2340	1   4 
2340	2   9  13 
2341	2   4   1 
2342	2  10   9 
2344	1   9 
2344	2  13  10 
2346	1  10 
2346	2  13   9 
2348	1   9 
2348	1  13 
2349	2  10   9 
2351	2  13  10 
2353	1  10 
2353	2   9  13 
2354	1  10 
2355	1  13 
2355	1   9 
2355	2  10   7 
2357	2  11  10 
2359	1  10 
2359	2   7  11 
2359	2   9  13 
2361	1  11 
2361	2   7  10 
2363	1  10 
2363	1   7 
2364	2  11  10 
2366	2   7  11 
2368	1  11 
2368	2  10   7 
2369	1  11 
2370	1  10 
2370	1   7 
2370	1  11 
2371	1  10 
2371	6   7   2 
2372	2  10   9 
2374	1   9 
2377	2  13  10 
2377	6   2   0 
2379	1  10 
2379	2  13   9 
2381	1   9 
2381	1  13 
2382	2  10   9 
2384	2  13  10 
2386	1  10 
2386	2   9  13 
2387	1  10 
2386	6  11   7 
2388	1   9 
2388	1  13 
2388	1  10 
2389	1   9 
2390	2   9   4 
2392	1   4 
2392	2   1   9 
2394	1   9 
2394	2   1   4 
2396	1   4 
2396	1   1 
2396	6   7   2 
2397	2   9   4 
2402	2   1   9 
2404	1   9 
2404	2   4   1 
2405	1   9 
2406	1   4 
2406	1   1 
2406	1   9 
2407	1   4 
2408	2   4   5 
2410	1   5 
2411	2   6   4 
2413	1   4 
2413	2   6   5 
2415	1   5 
2415	1   6 
2416	2   4   5 
2418	2   6   4 
2420	1   4 
2420	2   5   6 
2421	1   4 
2422	1   5 
2422	1   6 
2422	2   4   1 
2424	2   9   4 
2426	1   4 
2426	2   1   9 
2428	1   9 
2428	2   1   4 
2430	1   4 
2430	1   1 
2430	6   5   2 
2436	2   9   4 
2438	2   1   9 
2440	1   9 
2440	2   4   1 
2441	1   9 
2442	1   4 
2442	1   1 
2442	2   9  13 
2443	2   4   0 
2444	2  10   9 
2445	2   1   2 
2446	1   9 
2446	2  13  10 
2447	2   5   4 
2448	1  10 
2449	1   4 
2449	2   0   5 
2451	1   5 
2451	2   0   4 
2451	2  13   9 
2453	1   4 
2453	1   0 
2453	1   9 
2453	1  13 
2454	2   5   4 
2456	2   0   5 
2458	1   5 
2458	2   4   0 
2458	2  10   9 
2459	1   5 
2460	1   4 
2460	1   0 
2460	1   5 
2460	2  13  10 
2461	1   4 
2462	1  10 
2462	2   4   1 
2462	2   9  13 
2463	1  10 
2464	1   1 
2464	1  13 
2464	1   9 
2464	2  10   6 
2465	6   4   1 
2466	2  13   9 
2471	2   2   1 
2473	1   1 
2473	6   5   2 
2468	6  13  12 
2474	6  12   8 
2480	2   5   4 
2482	1   4 
2482	1   5 
2483	2   1   4 
2485	2   5   1 
2487	1   1 
2487	2   4   5 
2488	1   1 
2489	1   4 
2489	1   5 
2489	1   1 
2490	1   4 
2490	6   8   5 
2496	2   4   5 
2498	1   5 
2498	2   9   4 
2500	1   4 
2500	2   9   5 
2502	1   5 
2502	1   9 
2503	2   4   5 
2505	2   9   4 
2507	1   4 
2507	2   5   9 
2508	1   4 
2509	1   5 
2509	1   9 
2509	1   4 
2510	1   5 
2509	6   1   0 
2466	6  11   7 
2515	2   5  10 
2517	1  10 
2517	2   6   5 
2519	1   5 
2519	2   6  10 
2521	1  10 
2521	1   6 
2522	2   5  10 
2524	2   6   5 
2526	1   5 
2526	2  10   6 
2527	1   5 
2528	1  10 
2528	1   6 
2528	2   5   9 
2530	2   4   5 
2532	1   5 
2532	2   9   4 
2534	1   4 
2534	2   9   5 
2536	1   5 
2536	1   9 
2536	2  10   6 
2538	2   4   5 
2540	2   9   4 
2542	1   4 
2542	2   5   9 
2543	1   4 
2544	1   5 
2544	1   9 
2544	2   4   8 
2546	2   0   4 
2548	1   4 
2548	2   5   9 
2550	2   8   0 
2552	1   0 
2552	2   8   4 
2554	1   4 
2554	1   8 
2555	2   0   4 
2557	2   8   0 
2559	1   0 
2559	2   4   8 
2560	1   0 
2561	1   4 
2561	1   8 
2561	2   0   1 
2563	2   2   0 
2565	1   0 
2565	2   1   2 
2565	2   4   8 
2567	1   2 
2567	2   1   0 
2569	1   0 
2569	1   1 
2570	2   2   0 
2572	2   1   2 
2574	1   2 
2574	2   0   1 
2575	1   2 
2576	1   0 
2576	1   2 
2576	1   1 
2577	1   0 
2578	2   0   4 
2580	1   4 
2581	2   8   0 
2583	1   0 
2583	2   8   4 
2585	1   4 
2585	1   8 
2586	2   0   4 
2588	2   8   0 
2590	1   0 
2590	2   4   8 
2591	1   0 
2592	1   4 
2592	1   8 
2592	1   0 
2593	1   4 
2594	2   4   5 
2596	1   5 
2596	2   9   4 
2598	1   4 
2598	2   9   5 
2600	1   5 
2600	1   9 
2601	2   4   5 
2603	2   9   4 
2605	1   4 
2605	2   5   9 
2606	1   4 
2607	1   5 
2607	1   9 
2607	1   4 
2608	1   5 
2609	2   5  10 
2611	1  10 
2611	2   6   5 
2613	1   5 
2613	2   6  10 
2615	1  10 
2615	1   6 
2616	2   5  10 
2618	2   6   5 
2620	1   5 
2620	2  10   6 
2621	1   5 
2622	1   6 
2622	1  10 
2622	2   5   9 
2623	1  10 
2624	2   4   5 
2626	1   5 
2626	2   9   4 
2628	1   4 
2628	2   9   5 
2630	1   5 
2630	1   9 
2631	2   4   5 
2633	2   9   4 
2635	1   4 
2635	2   5   9 
2636	1   4 
2637	1   5 
2637	1   9 
2637	2   4   8 
2638	1   9 
2639	2   6   5 
2641	2   2   6 
2641	2   0   4 
2643	1   6 
2643	1   4 
2643	2   5   2 
2645	1   2 
2645	2   5   6 
2647	1   6 
2647	1   5 
2647	2   9  10 
2649	2   2   6 
2649	2   8   0 
2651	1   0 
2651	2   5   2 
2653	1   2 
2653	2   6   5 
2654	1   2 
2655	1   6 
2655	1   5 
2655	1   2 
2655	2   8   4 
2656	1   6 
2657	1   4 
2657	1   8 
2657	2   6   9 
2658	2   0   4 
2659	1   9 
2659	2  10   6 
2660	2   8   0 
2661	1   6 
2662	1   0 
2662	2  10   9 
2663	1   0 
2664	1   9 
2664	1  10 
2664	2   4   8 
2666	1   8 
2666	1   4 
2666	2   6   9 
2668	2  10   6 
2668	2   8   0 
2670	1   6 
2670	2   9  10 
2671	1   6 
2672	1   9 
2672	1  10 
2672	2   6   5 
2674	2   2   6 
2674	6   8   4 
2676	1   6 
2680	2   5   2 
2682	1   2 
2682	2   5   6 
2684	1   6 
2684	1   5 
2684	2   9  10 
2684	6   1   0 
2690	2   2   6 
2692	2   5   2 
2694	1   2 
2694	2   6   5 
2695	1   2 
2696	1   6 
2696	1   5 
2696	1   2 
2697	1   6 
2698	2   6   9 
2700	1   9 
2700	2  10   6 
2702	1   6 
2702	2  10   9 
2704	1   9 
2704	1  10 
2705	2   6   9 
2707	2  10   6 
2709	1   6 
2709	2   9  10 
2710	1   6 
2711	1   9 
2711	1  10 
2711	2   6   5 
2713	2   7   6 
2715	1   6 
2715	2   9  10 
2717	2   5   7 
2719	1   7 
2719	2   5   6 
2721	1   6 
2721	1   5 
2722	2   7   6 
2724	2   5   7 
2726	1   7 
2726	2   6   5 
2727	1   7 
2728	1   6 
2728	1   5 
2728	1   7 
2729	1   6 
2730	2   6   9 
2732	1   9 
2732	2  10   6 
2734	1   6 
2734	2  10   9 
2736	1   9 
2736	1  10 
2737	2   6   9 
2739	2  10   6 
2741	1   6 
2741	2   9  10 
2742	1   6 
2743	1   9 
2743	1  10 
2743	2   6   5 
2745	2   7   6 
2747	1   6 
2747	2   9  10 
2749	2   5   7 
2751	1   7 
2751	2   5   6 
2753	1   6 
2753	1   5 
2754	2   7   6 
2756	2   5   7 
2758	1   7 
2758	2   6   5 
2759	1   7 
2760	1   6 
2760	1   5 
2760	1   7 
2761	1   6 
2762	2   6   9 
2764	1   9 
2764	2  10   6 
2766	1   6 
2766	2  10   9 
2768	1   9 
2768	1  10 
2769	2   6   9 
2771	2  10   6 
2773	1   6 
2773	2   9  10 
2774	1   6 
2775	1   9 
2775	1  10 
2775	2   6   5 
2777	2   2   6 
2779	1   6 
2779	2   5   2 
2781	1   2 
2781	2   5   6 
2783	1   6 
2783	1   5 
2783	2   9  10 
2785	2   2   6 
2787	2   5   2 
2789	1   2 
2789	2   6   5 
2790	1   2 
2791	1   6 
2791	1   5 
2791	1   2 
2792	1   6 
2792	6  10   5 
2798	2   6   4 
2800	1   4 
2800	2   1   6 
2802	1   6 
2802	2   1   4 
2804	1   4 
2804	1   1 
2805	2   6   4 
2807	2   1   6 
2809	1   6 
2809	2   4   1 
2810	1   6 
2811	1   4 
2811	1   1 
2811	1   6 
2812	1   4 
2813	2   4   9 
2815	1   9 
2815	2   5   4 
2817	1   4 
2817	2   5   9 
2819	1   9 
2819	1   5 
2820	2   4   9 
2822	2   5   4 
2824	1   4 
2824	2   9   5 
2825	1   4 
2826	1   9 
2826	1   5 
2826	2   4   1 
2828	2   6   4 
2830	1   4 
2830	2   1   6 
2832	1   6 
2832	2   1   4 
2834	1   4 
2834	1   1 
2834	2   9   5 
2836	2   6   4 
2838	2   1   6 
2840	1   6 
2840	2   4   1 
2841	1   6 
2842	1   1 
2842	1   4 
2842	2   6  10 
2843	2   4   1 
2845	2   2   6 
2847	1   6 
2848	2  10   2 
2850	1   2 
2850	2  10   6 
2852	1   6 
2852	1  10 
2853	2   2   6 
2855	2  10   2 
2857	1   2 
2857	2   6  10 
2858	1   2 
2859	1   6 
2859	1   2 
2859	1  10 
2860	1   6 
2861	2   6   4 
2863	1   4 
2863	2   1   6 
2865	1   6 
2865	2   1   4 
2867	1   4 
2867	1   1 
2868	2   6   4 
2870	2   1   6 
2872	1   6 
2872	2   4   1 
2873	1   6 
2874	1   4 
2874	1   1 
2874	1   6 
2875	1   4 
2876	2   4   9 
2878	1   9 
2878	2   5   4 
2880	1   4 
2880	2   5   9 
2882	1   9 
2882	1   5 
2882	6   2   0 
2888	2   4   9 
2890	2   5   4 
2892	1   4 
2892	2   9   5 
2893	1   4 
2894	1   9 
2894	1   5 
2894	2   4   1 
2895	1   9 
2896	2   6   4 
2898	1   4 
2898	2   1   6 
2900	1   6 
2900	2   1   4 
2902	1   4 
2902	1   1 
2902	2   9   5 
2904	2   6   4 
2906	2   1   6 
2908	1   6 
2908	2   4   1 
2909	1   6 
2910	1   1 
2910	1   4 
2910	2   6   2 
2911	6   8   0 
2912	2   7   6 
2914	1   6 
2914	2   2   7 
2916	1   7 
2916	2   2   6 
2918	1   6 
2918	1   2 
2918	2   1   4 
2919	2   7   6 
2921	2   2   7 
2923	1   7 
2923	2   6   2 
2924	1   7 
2925	1   6 
2925	1   2 
2925	1   7 
2926	1   6 
2927	2   6   1 
2929	1   1 
2929	2   4   6 
2931	1   6 
2931	2   4   1 
2933	1   1 
2933	1   4 
2934	2   6   1 
2936	2   4   6 
2938	1   6 
2938	2   1   4 
2939	1   6 
2940	1   1 
2940	1   4 
2940	1   6 
2941	1   1 
2941	6  10   8 
2947	2   1   9 
2949	1   9 
2949	2   5   1 
2951	1   1 
2951	2   5   9 
2953	1   9 
2953	1   5 
2954	2   1   9 
2956	2   5   1 
2958	1   1 
2958	2   9   5 
2959	1   1 
2960	1   9 
2960	1   5 
2960	2   1   4 
2962	2   6   1 
2964	1   1 
2964	2   4   6 
2966	1   6 
2966	2   4   1 
2968	1   1 
2968	1   4 
2968	2   9   5 
2970	2   6   1 
2972	2   4   6 
2974	1   6 
2974	2   1   4 
2975	1   6 
2976	1   1 
2976	1   4 
2976	2   6   2 
2978	2   7   6 
2978	2   1   4 
2980	1   6 
2980	2   2   7 
2982	1   7 
2982	2   2   6 
2984	1   6 
2984	1   2 
2985	2   7   6 
2987	2   2   7 
2989	1   7 
2989	2   6   2 
2991	1   6 
2991	1   2 
2992	1   6 
2993	2   6   1 
2995	1   1 
2995	2   4   6 
2997	1   6 
2997	2   4   1 
2999	1   1 
2999	1   4 
3000	2   6   1 
3002	2   4   6 
3004	1   6 
3004	2   1   4 
3005	1   6 
3006	1   1 
3006	1   4 
3006	1   6 
3007	1   1 
3008	2   1   9 
3010	1   9 
3010	2   5   1 
3012	1   1 
3012	2   5   9 
3014	1   9 
3014	1   5 
3015	2   1   9 
3017	2   5   1 
3019	1   1 
3019	2   9   5 
3020	1   1 
3021	1   9 
3021	1   5 
3021	2   1   4 
3023	2   6   1 
3025	1   1 
3025	2   4   6 
3027	1   6 
3027	2   4   1 
3029	1   1 
3029	1   4 
3029	2   9   5 
3031	2   6   1 
3033	2   4   6 
3035	1   6 
3035	2   1   4 
3036	1   6 
3037	1   1 
3037	1   4 
3037	2   6   2 
3038	2   8   4 
3039	2  10   6 
3040	2   0   1 
3041	1   6 
3042	2   2  10 
3044	1  10 
3044	2   2   6 
3042	6   4   0 
3046	1   6 
3046	1   2 
3047	2  10   6 
3049	2   2  10 
3051	1  10 
3051	2   6   2 
3052	1  10 
3053	1   6 
3053	1   2 
3053	1  10 
3053	6   8   5 
3054	1   6 
3059	2   6   4 
3061	1   4 
3061	2   1   6 
3063	1   6 
3063	2   1   4 
3065	1   4 
3065	1   1 
3066	2   6   4 
3068	2   1   6 
3070	1   6 
3070	2   4   1 
3071	1   6 
3072	1   4 
3072	1   1 
3072	1   6 
3073	1   4 
3074	2   4   5 
3076	1   5 
3076	2   0   4 
3078	1   4 
3078	2   0   5 
3080	1   5 
3080	1   0 
3081	2   4   5 
3083	2   0   4 
3085	1   4 
3085	2   5   0 
3086	1   4 
3087	1   5 
3087	1   0 
3087	1   4 
3088	1   5 
3089	2   5   9 
3091	1   9 
3091	2   8   5 
3093	1   5 
3093	2   8   9 
3095	1   9 
3095	1   8 
3096	2   5   9 
3098	2   8   5 
3100	1   5 
3100	2   9   8 
3101	1   5 
3102	1   9 
3102	1   8 
3102	2   5   0 
3104	2   4   5 
3106	1   5 
3106	2   0   4 
3108	1   4 
3108	2   0   5 
3110	1   5 
3110	1   0 
3110	2   9   8 
3112	2   4   5 
3114	2   0   4 
3116	1   4 
3116	2   5   0 
3117	1   4 
3118	1   5 
3118	1   0 
3118	2   4   1 
3120	2   6   4 
3122	1   4 
3122	2   1   6 
3124	1   6 
3124	2   1   4 
3126	1   4 
3126	1   1 
3126	2   5   0 
3128	2   6   4 
3130	2   1   6 
3132	1   6 
3132	2   4   1 
3133	1   6 
3134	1   4 
3134	1   1 
3134	2   6   2 
3136	2  10   6 
3136	2   4   1 
3138	1   6 
3139	2   2  10 
3141	1  10 
3141	2   2   6 
3143	1   6 
3143	1   2 
3144	2  10   6 
3146	2   2  10 
3148	1  10 
3148	2   6   2 
3149	1  10 
3150	1   6 
3150	1  10 
3150	1   2 
3151	1   6 
3152	2   6   4 
3154	1   4 
3154	2   1   6 
3156	1   6 
3156	2   1   4 
3158	1   4 
3158	1   1 
3159	2   6   4 
3161	2   1   6 
3163	1   6 
3163	2   4   1 
3164	1   6 
3165	1   4 
3165	1   1 
3165	1   6 
3166	1   4 
3167	2   4   5 
3169	1   5 
3169	2   0   4 
3171	1   4 
3171	2   0   5 
3173	1   5 
3173	1   0 
3174	2   4   5 
3176	2   0   4 
3178	1   4 
3178	2   5   0 
3179	1   4 
3180	1   5 
3180	1   0 
3180	1   4 
3181	1   5 
3182	2   5   9 
3184	1   9 
3184	2   8   5 
3186	1   5 
3186	2   8   9 
3188	1   9 
3188	1   8 
3189	2   5   9 
3191	2   8   5 
3193	1   5 
3193	2   9   8 
3194	1   5 
3195	1   8 
3195	1   9 
3195	2   5   0 
3197	2   4   5 
3199	1   5 
3199	2   0   4 
3201	1   4 
3201	2   0   5 
3203	1   5 
3203	1   0 
3204	2   4   5 
3206	2   0   4 
3208	1   4 
3208	2   5   0 
3209	1   4 
3210	1   5 
3210	1   0 
3210	2   4   1 
3212	2   6   4 
3214	1   4 
3214	2   1   6 
3216	1   6 
3216	2   1   4 
3218	1   4 
3218	1   1 
3219	2   6   4 
3221	2   1   6 
3223	1   6 
3223	2   4   1 
3224	1   6 
3225	1   4 
3225	1   1 
3225	2   6   5 
3226	1   4 
3227	2   4   8 
3227	2  10   6 
3229	1   6 
3229	2  12   4 
3231	1   4 
3231	2   8  12 
3231	2   5  10 
3233	1  12 
3233	1  10 
3233	2   8   4 
3235	1   4 
3235	1   8 
3235	2   5   6 
3237	1   6 
3237	1   5 
3238	2  12   4 
3238	2  10   6 
3240	2   8  12 
3240	2   5  10 
3242	1  10 
3242	1  12 
3242	2   4   8 
3243	1  10 
3244	1   4 
3244	1   8 
3244	1  10 
3244	2   6   5 
3246	1   6 
3246	1   5 
3246	2   8   4 
3247	1   6 
3248	2   1   9 
3250	6   6   4 
3256	2   4   8 
3258	1   8 
3258	6   9   6 
3258	6   1   0 
3264	2   9   4 
3266	1   4 
3266	2   9   8 
3268	1   8 
3268	1   9 
3268	6   6   5 
3274	2   4   8 
3276	2   9   4 
3278	1   4 
3278	2   8   9 
3279	1   4 
3280	1   8 
3280	1   9 
3280	1   4 
3281	1   8 
3281	6   9   4 
3287	2   8   0 
3289	1   0 
3289	2   5   8 
3291	1   8 
3291	2   5   0 
3293	1   0 
3293	1   5 
3294	2   8   0 
3296	2   5   8 
3298	1   8 
3298	2   0   5 
3299	1   8 
3300	1   0 
3300	1   5 
3300	2   8   4 
3302	2   9   8 
3304	1   8 
3304	2   4   9 
3306	1   9 
3306	2   4   8 
3308	1   8 
3308	1   4 
3308	2   0   5 
3310	2   9   8 
3312	2   4   9 
3314	1   9 
3314	2   8   4 
3315	1   9 
3316	1   4 
3316	1   8 
3316	2   9   6 
3318	2  10   9 
3320	1   9 
3320	2   6  10 
3320	2   8   4 
3322	1  10 
3322	2   6   9 
3324	1   9 
3324	1   6 
3325	2  10   9 
3327	2   6  10 
3329	1  10 
3329	2   9   6 
3330	1  10 
3331	1   9 
3331	1   6 
3331	1  10 
3332	1   9 
3333	2   9   8 
3335	1   8 
3335	2   4   9 
3337	1   9 
3337	2   4   8 
3339	1   8 
3339	1   4 
3340	2   9   8 
3342	2   4   9 
3344	1   9 
3344	2   8   4 
3345	1   9 
3346	1   8 
3346	1   4 
3346	1   9 
3347	1   8 
3348	2   8   0 
3350	1   0 
3350	2   5   8 
3352	1   8 
3352	2   5   0 
3354	1   0 
3354	1   5 
3355	2   8   0 
3357	2   5   8 
3359	1   8 
3359	2   0   5 
3360	1   8 
3361	1   0 
3361	1   5 
3361	2   8   4 
3363	2   9   8 
3365	1   8 
3365	2   4   9 
3367	1   9 
3367	2   4   8 
3369	1   8 
3369	1   4 
3369	2   1   5 
3371	2   9   8 
3373	2   4   9 
3375	1   9 
3375	2   8   4 
3376	1   9 
3377	1   4 
3377	1   8 
3377	2   9   6 
3378	2   4   0 
3379	2  10   9 
3381	1   9 
3381	2   6  10 
3382	6   8   0 
3383	1  10 
3388	2   6   9 
3390	1   9 
3390	1   6 
3390	6   5   2 
3396	2  10   9 
3398	2   6  10 
3400	1  10 
3400	2   9   6 
3401	1  10 
3402	1   9 
3402	1   6 
3402	1  10 
3403	1   9 
3404	2   9   4 
3406	1   4 
3406	2   8   9 
3408	1   9 
3408	2   8   4 
3410	1   4 
3410	1   8 
3411	2   9   4 
3413	2   8   9 
3415	1   9 
3415	2   4   8 
3416	1   9 
3417	1   4 
3417	1   8 
3417	2   9   6 
3419	2  10   9 
3421	1   9 
3421	2   6  10 
3421	2   4   8 
3423	1  10 
3423	2   6   9 
3425	1   9 
3425	1   6 
3426	2  10   9 
3428	2   6  10 
3430	1  10 
3430	2   9   6 
3431	1  10 
3432	1   9 
3432	1  10 
3432	1   6 
3433	1   9 
3434	2   9   4 
3436	1   4 
3436	2   8   9 
3438	1   9 
3438	2   8   4 
3440	1   4 
3440	1   8 
3441	2   9   4 
3443	2   8   9 
3445	1   9 
3445	2   4   8 
3446	1   9 
3447	1   4 
3447	1   8 
3447	2   9   5 
3449	2  10   9 
3449	2   0   4 
3451	1   9 
3451	2   5  10 
3453	1  10 
3453	2   5   9 
3455	1   9 
3455	1   5 
3455	6   4   0 
3456	2  10   9 
3458	6  10   6 
3461	6   1   0 
3464	2  10   8 
3466	6  10   8 
3472	2   5   6 
3474	1   6 
3474	2   9   5 
3475	1   6 
3476	1   9 
3476	1   5 
3476	1   6 
3477	1   9 
3477	6  10   5 
3483	2   9   4 
3483	6   6   2 
3485	1   4 
3489	2   1   9 
3491	1   9 
3491	2   1   4 
3491	6  10   6 
3493	1   4 
3493	1   1 
3497	2   9   4 
3499	2   1   9 
3501	1   9 
3501	2   4   1 
3502	1   9 
3503	1   4 
3503	1   1 
3503	1   9 
3504	1   4 
3504	6  10   9 
3510	2   4   8 
3512	1   8 
3512	2   5   4 
3514	1   4 
3514	2   5   8 
3516	1   8 
3516	1   5 
3516	6   9   4 
3522	2   9   8 
3522	6   6   1 
3528	2   5   9 
3530	1   9 
3530	2   8   5 
3531	1   9 
3532	1   8 
3532	1   5 
3532	1   9 
3532	6   2   1 
3533	1   8 
3538	2   8   0 
3540	1   0 
3540	2   4   8 
3542	1   8 
3542	2   4   0 
3544	1   0 
3544	1   4 
3545	2   8   0 
3547	2   4   8 
3549	1   8 
3549	2   0   4 
3550	1   8 
3551	1   0 
3551	1   4 
3551	2   8   5 
3553	2   9   8 
3555	1   8 
3555	2   5   9 
3557	1   9 
3557	2   5   8 
3559	1   8 
3559	1   5 
3559	2   0   4 
3561	2   9   8 
3563	2   5   9 
3565	1   9 
3565	2   8   5 
3566	1   9 
3567	1   8 
3567	1   5 
3567	2   9   6 
3569	2  10   9 
3571	1   9 
3571	2   6  10 
3573	1  10 
3573	2   6   9 
3575	1   9 
3575	1   6 
3575	2   8   5 
3577	2  10   9 
3579	2   6  10 
3581	1  10 
3581	2   9   6 
3582	1  10 
3583	1   6 
3583	1   9 
3583	6  10   5 
3589	2   5   2 
3589	6  11   7 
3591	2   1   5 
3593	1   5 
3593	2   2   1 
3595	1   1 
3595	2   2   5 
3597	1   5 
3597	1   2 
3597	2   9   6 
3599	2   1   5 
3599	6   7   3 
3605	2   2   1 
3607	1   1 
3607	2   5   2 
3609	1   5 
3609	1   2 
3610	1   5 
3610	1   2 
3611	2   5   9 
3613	1   9 
3613	2   6   5 
3615	1   5 
3615	2   6   9 
3617	1   9 
3617	1   6 
3617	6   3   1 
3623	2   5   9 
3625	2   6   5 
3627	1   5 
3627	2   9   6 
3628	1   5 
3629	1   9 
3629	1   6 
3629	1   5 
3630	1   9 
3631	2   9   8 
3633	1   8 
3633	2  10   9 
3635	1   9 
3636	2  10   8 
3638	1   8 
3638	1  10 
3639	2   9   8 
3641	2  10   9 
3643	1   9 
3644	1   9 
3645	1   9 
3646	2   8  10 
3648	1   8 
3648	1  10 
3649	1   8 
3650	2   8   0 
3652	1   0 
3652	2   4   8 
3654	1   8 
3654	2   4   0 
3656	1   0 
3656	1   4 
3657	2   8   0 
3659	2   4   8 
3661	1   8 
3661	2   0   4 
3662	1   8 
3663	1   0 
3663	2   8  10 
3664	1   0 
3665	2   9   8 
3665	2   2   0 
3667	1   8 
3667	2  10   9 
3667	2   1   2 
3669	1   9 
3669	1   2 
3669	2   0   1 
3670	2  10   8 
3671	1   1 
3672	1   8 
3672	1  10 
3672	2   0   2 
3673	2   9   8 
3674	1   2 
3674	1   0 
3675	2  10   9 
3675	2   1   2 
3677	1   9 
3677	2   0   1 
3678	1   9 
3679	1   1 
3679	2   9   6 
3681	2   5   9 
3683	1   9 
3683	2   6   5 
3685	1   5 
3685	2   6   9 
3687	1   9 
3687	1   6 
3688	2   5   9 
3690	2   6   5 
3692	1   5 
3692	2   2   0 
3694	2   8  10 
3696	2   9   6 
