   1	3   4  44  12 
   4	2  44  12 
   4	6  16   5 
   6	2  12   0 
   6	6  41  32 
  12	3  13   4   0 
  12	6  53  50 
  15	2   4   1 
  17	3  13  12   0 
  18	6  53  42 
  20	2  13  10 
  22	3   2   0   1 
  25	2   0  11 
  27	3   4   2   1 
  30	2   2  22 
  32	3   4  44  15 
  35	2  44  14 
  37	2   4  14 
  37	2  44  21 
  39	3  13  14  10 
  42	2  14  10 
  44	2  10  22 
  44	6  14   4 
  46	6  41  11 
  35	6  57  37 
  39	6  73  54 
  41	6  38  27 
  45	6  54  34 
  41	6  66  46 
  47	6  46  26 
  52	3  13  14   3 
  53	6  26   6 
  55	2  13   3 
  59	3   2  15  22 
  62	3  13  15  23 
  65	2  13  23 
  67	3   2  10  22 
  70	2   2  20 
  72	2  13  20 
  74	2  22  30 
  76	3  14  44  21 
  79	2  14  21 
  81	2  21  25 
  83	3   2  23  20 
  86	3  13   2  20 
  89	2   2   5 
  91	2  23   5 
  93	2  20  43 
  95	3  13  44  25 
  98	3  13  21  25 
 101	3  33   1  30 
 104	3   2  25   5 
 107	3  33  22  30 
 110	1  30 
 110	3   2  23   5 
 113	1  23 
 113	2   5  36 
 115	2   2  32 
 117	2  21  32 
 119	3  33   3  43 
 122	3  33  20  43 
 125	1  43 
 126	3   2  15  32 
 129	3  33  14  36 
 132	3   2  21  32 
 132	6  26  15 
 135	2  32  42 
 138	3  33   5  36 
 141	1  36 
 141	3  33  14  42 
 142	6  36  27 
 144	2  14  11 
 146	3  13  21  11 
 148	6  37  35 
 149	3  33  32  42 
 152	1  42 
  47	6  49  29 
  59	6  29   8 
 141	6   8   7 
 147	6   7   5 
 149	6  10   1 
 154	6  24   6 
 160	3  13  14  11 
 163	3  14  44  35 
 166	2  14  35 
 168	2  35  36 
 168	6  23   2 
 153	6  19  18 
 160	6  18  17 
 166	6  17   6 
 166	6  53  43 
 170	6  38  37 
 174	3  23  11  34 
 176	6  37  17 
 177	2  23  34 
 179	2  23  24 
 181	6  33  25 
 177	6  41  21 
 177	6  56  54 
 182	6  37  27 
 183	6  56  45 
 183	6  12   3 
 188	6  27   7 
 189	6  22  21 
 195	3  13  26  36 
 198	3  13  35  36 
 201	2  36  24 
 203	2  13   5 
 205	2  35  15 
 207	3  23   1  24 
 210	1   1 
 210	3  13   3   5 
 213	2   3   5 
 215	3  23  36  24 
 218	2  23   6 
 220	2   5   6 
 220	2  24  34 
 222	3  23  26   6 
 225	2  26  43 
 227	3  23   5   6 
 230	2   6  17 
 230	3  25  34  24 
 232	6   7   5 
 233	1  24 
 230	6  31   2 
 236	6  43  12 
 242	3  25  14  17 
 245	3  13   4  15 
 248	2   4  16 
 250	3  13  35  15 
 253	3  14  23  22 
 253	6  35  26 
 245	6  47  38 
 250	6  18   7 
 253	6  47  46 
 259	3  13  14  16 
 259	6  46  44 
 262	2  14   5 
 264	3  13   4  16 
 265	6  44  34 
 267	1  16 
 267	3  13   3   5 
 270	3  13  14   5 
 273	2   5   2 
 275	3  23   0  22 
 278	3  23  16  15 
 281	3  23  15  16 
 284	2  16  45 
 284	3  23  11   2 
 287	3  13   4  12 
 290	3  13  35  12 
 293	3  23   5   2 
 296	3  23  12  34 
 296	6   7   5 
 299	2  34   2 
 278	6  41  40 
 301	2  23  41 
 301	6  35  26 
 303	3  13   4   5 
 306	2  13   5 
 302	6   8   7 
 303	6  41  32 
 308	3  25   6  17 
 308	6  13   4 
 311	1  17 
 309	6  32  22 
 314	3   4  26   7 
 293	6  57  56 
 301	6  56  54 
 307	6  54  44 
 317	2   5  22 
 317	6  44  35 
 319	6  15   7 
 242	6  73  62 
 303	6  62  52 
 317	6  47  37 
 319	6  50  41 
 319	6  13   3 
 313	6  53  52 
 309	6  71  61 
 319	6  62  61 
 323	6  55  43 
 325	2  26  15 
 325	6  62  51 
 327	6  24   4 
 329	6  66  54 
 333	3  23  40  22 
 336	2  40  41 
 336	6  33  13 
 338	6  41  21 
 325	6  29   7 
 344	3  23   5  22 
 347	2  23  35 
 347	6  40  31 
 349	2  15  35 
 331	6  38  27 
 325	6  82  70 
 331	6  82  73 
 337	6  73  66 
 343	6  66  38 
 344	6  62  52 
 347	6  11   0 
 350	6  52  42 
 353	3  23  26  35 
 356	3  25  32  45 
 356	6   7   6 
 359	2  22  32 
 359	6  63  44 
 362	6  13   6 
 359	6  56  36 
 356	6  38  28 
 368	3  25  16  45 
 371	1  45 
 371	6  28  17 
 372	3  23  15  35 
 375	2  23  53 
 377	2  35  37 
 379	3  25   2  34 
 382	1  34 
 383	3  25  32  22 
 386	1  22 
 386	3  25  14  37 
 389	3  24  14  21 
 392	2  14  13 
 394	3  24  31  21 
 397	2  21  42 
 397	3  25  35  37 
 400	1  37 
 400	3  23  33  53 
 403	2  23  43 
 405	2  33  53 
 407	2  33  51 
 409	2  12  43 
 411	2  43  54 
 413	3  24  26  13 
 416	3  24  14  13 
 419	3  23  11  42 
 422	3  24  46  36 
 425	2  46  36 
 425	3  23  21  42 
 428	2  23  44 
 430	2  36  44 
 432	3  23  13  44 
 435	3  24  26  27 
 438	2  27  17 
 438	6  25  23 
 403	6  82  74 
 409	6  76  74 
 415	6  76  67 
 421	6  67  58 
 427	6  58  48 
 428	6  51  30 
 434	6  30  10 
 438	6  48  46 
 440	6  21  10 
 444	3  25  36  44 
 446	6  22  11 
 447	2  44  42 
 447	3  25  26  17 
 450	3  25  27  17 
 435	6  74  63 
 444	6  13   3 
 449	6  63  41 
 453	2  17  46 
 455	3  25  22  21 
 455	6  72  62 
 458	3  25  33  21 
 455	6  60  50 
 461	2  33  41 
 461	6  36  17 
 463	3  23  53  54 
 466	3  23  43  54 
 461	6  71  61 
 463	6  50  40 
 469	1  54 
 469	3  24  13  41 
 472	3  24  33  41 
 475	2  33  61 
 477	3  23  42  44 
 477	6  40  30 
 480	1  44 
 480	3  23  14  46 
 480	6  61  52 
 483	2  13  30 
 485	3  23  36  46 
 469	6  74  64 
 475	6  83  74 
 481	6  64  63 
 486	6  51  30 
 488	1  46 
 487	6  63  53 
 488	6  34  25 
 481	6  82  72 
 488	6  11  10 
 492	6  51  42 
 488	6  67  55 
 488	6  23  13 
 493	6  72  63 
 494	6  22  11 
 494	6  44  34 
 499	6  74  51 
 500	6  34  22 
 494	6  46  26 
 500	6  56  46 
 505	6  83  64 
 505	6  70  61 
 506	6  32  12 
 506	6  58  35 
 512	3  24  31  52 
 515	2  31  51 
 515	6  25   3 
 517	6  51  32 
 511	6  86  75 
 517	6  75  54 
 512	6  38  37 
 518	6  46  37 
 523	3  24  33  52 
 526	2  52  63 
 526	6  46  14 
 511	6  81  70 
 526	6  70  50 
 526	6  30  21 
 528	6  62  43 
 523	6  76  75 
 529	6  75  74 
 534	3  44  41  43 
 537	2  41  43 
 537	6  22  13 
 537	6  65  36 
 515	6  10   0 
 532	6  11  10 
 539	6  50  41 
 543	3  44  34  63 
 543	6  21  11 
 546	3  44  52  63 
 543	6  68  66 
 549	1  52 
 549	3  44  56  64 
 549	6  41  22 
 552	2  64  74 
 554	6  74  72 
 555	2  43  30 
 557	3  41  30  43 
 549	6  86  76 
 560	1  43 
 560	3  41  63  72 
 560	6  76  75 
 563	2  44  61 
 565	3  24  53  42 
 566	6  75  74 
 568	1  53 
 569	3  24  23  42 
 572	2  42  61 
 572	6  74  63 
 574	3  24  33  32 
 577	3  24  31  32 
 543	6  39  37 
 565	6  46  45 
 571	6  46  37 
 578	6  64  62 
 580	6  43  41 
 549	6  59  58 
 555	6  58  57 
 561	6  69  58 
 577	6  58  47 
 583	6  47  26 
 586	2  31  54 
 588	3  43  62  72 
 578	6  85  76 
 588	6  76  65 
 591	1  72 
 591	2  32  36 
 593	2  43  63 
 595	2  23  55 
 597	2  62  40 
 599	3  44  51  61 
 602	3  44  42  61 
 605	3  44  25  35 
 608	2  35  46 
 608	3  43  61  63 
 611	2  61  63 
 613	1  63 
 613	3  44  33  36 
 616	3  44  32  36 
 619	3  44  53  21 
 622	3  43  45  46 
 625	2  45  57 
 627	3  24  56  54 
 630	3  44  21  53 
 633	2  53  66 
 635	3  24  31  54 
 638	2  24  14 
 638	6  65  43 
 635	6  78  48 
 641	6  48  47 
 644	3  24  31  14 
 644	6  66  65 
 647	2  31  14 
 649	3  24  31  22 
 641	6  79  68 
 467	6  18   8 
 641	6  27  18 
 647	6  68  48 
 652	2  24  22 
 641	6  87  86 
 647	6  86  84 
 652	6  16   5 
 654	3  44  67  57 
 657	3  45  44  57 
 653	6  84  74 
 660	2  44  26 
 662	2  14  26 
 662	6  74  42 
 664	6  16  14 
 662	6  56  46 
 652	6   2   1 
 658	6  12   2 
 664	6  48  37 
 668	6  55  35 
 660	6  77  67 
 674	3  44  54  26 
 677	3  44  16  26 
 680	2  44  43 
 680	2  26  57 
 682	2  22  43 
 682	3  66  55  56 
 684	3  24  33  35 
 685	1  56 
 686	6  67  64 
 687	3  24  23  35 
 690	6  42  34 
 605	6  91  80 
 611	6  92  91 
 668	6  94  92 
 690	6  13  12 
 692	6  94  76 
 692	6  64  54 
 668	6  71  61 
 692	6  69  48 
 696	6  35  13 
 698	6  76  67 
 698	6  48  28 
 702	6  25  23 
 696	6  42  31 
 704	6  28  17 
 708	3  44  46  43 
 710	6  17  15 
 711	3  44  22  43 
 714	6  42  23 
 716	3  66  36  65 
 674	6  70  50 
 680	6  50  40 
 702	6  40  30 
 714	6  30  21 
 720	2  43  47 
 722	3  66  53  65 
 722	6  21   4 
 725	1  65 
 716	6  19   7 
 722	6  38   9 
 725	6  61  53 
 728	6   7   3 
 728	6  46  36 
 731	6  65  52 
 734	6  38  26 
 737	6  33   4 
 740	3  66  57  38 
 743	1  38 
 743	3  66  45  47 
 743	6  53  43 
 746	2  45  37 
 746	6  66  57 
 752	3  44  27  37 
 755	3  45  44  37 
 758	2  44  34 
 758	6  56  47 
 760	2  14  34 
 764	3  44  36  34 
 767	3  44  14  34 
 770	2  34  37 
 772	3  44  35  13 
 775	3  44  13  35 
 778	2  44  54 
 780	2  25  54 
 782	3  44  51  54 
 785	3  44  25  54 
 788	2  25  15 
 788	2  54  75 
 790	3  24  23  15 
 793	1  23 
 793	3  44  32  43 
 793	3  24  25  15 
 796	2  44  43 
 796	2  25  36 
 798	3  57  53  56 
 801	1  56 
 801	3  44  33  15 
 804	3  57  37  34 
 807	1  34 
 807	2  57  67 
 808	3  44  15  33 
 809	6  57  56 
 811	2  33  43 
 813	3  24  36  25 
 801	6  72  50 
 807	6  63  62 
 813	6  72  64 
 816	6  34   3 
 822	3  56  35  67 
 825	2  35  67 
 827	1  67 
 827	3  44  65  74 
 830	3  56  75  54 
 830	6  25  23 
 833	1  54 
 836	3  44  74  65 
 839	2  65  46 
 841	3  56  43  33 
 844	1  33 
 844	3  56  64  63 
 847	1  63 
 847	3  44  25  23 
 850	3  44  23  25 
 853	2  25  34 
 853	3  56  46  65 
 856	1  65 
 856	2  44  26 
 858	3  56  45  34 
 861	3  56  25  34 
 864	1  34 
 864	2  56  49 
 866	3  44  16  26 
 869	2  16  26 
 871	3  56  26  49 
 874	2  26  49 
 876	1  49 
