   1	1   4 
   1	1   1 
   1	1   9 
   1	1   5 
   1	1   0 
   1	1   3 
   1	1   2 
   1	1  10 
   1	1   8 
   1	1   6 
   1	1  11 
   1	1   7 
   2	1   9 
   2	1  10 
   2	2   1   4 
   2	2   7  11 
   4	2   9   1 
   6	1   1 
   6	2   4   9 
   6	2   2   3 
   8	1   9 
   8	2   4   1 
  10	1   1 
  10	1   4 
  10	2   0   5 
  12	2   9   1 
  14	2   4   9 
  16	1   9 
  16	2   1   4 
  17	1   9 
  18	1   1 
  18	1   4 
  18	1   9 
  18	6   5   0 
  19	1   1 
   8	6   7   3 
  24	2   1   5 
  26	1   5 
  26	2   0   1 
  28	1   1 
  28	2   0   5 
  30	1   5 
  30	1   0 
  31	2   1   5 
  33	2   0   1 
  35	1   1 
  35	2   5   0 
  36	1   1 
  37	1   5 
  37	1   0 
  37	1   1 
  38	1   5 
  39	2   5   2 
  41	1   2 
  41	2   7   5 
  43	1   5 
  43	2   7   2 
  45	1   2 
  45	1   7 
  46	2   5   2 
  48	2   7   5 
  50	1   5 
  50	2   2   7 
  51	1   5 
  52	1   7 
  52	1   2 
  52	2   5   0 
  54	2   1   5 
  56	1   5 
  56	2   0   1 
  58	1   1 
  58	2   0   5 
  60	1   5 
  60	1   0 
  60	2   2   7 
  62	2   1   5 
  64	2   0   1 
  66	1   1 
  66	2   5   0 
  67	1   1 
  68	1   0 
  68	1   5 
  68	2   1   4 
  70	2   9   1 
  72	1   1 
  72	2   4   9 
  74	1   9 
  74	2   4   1 
  76	1   1 
  76	1   4 
  76	2   5   0 
  78	2   9   1 
  80	2   4   9 
  82	1   9 
  82	2   1   4 
  83	1   9 
  84	1   1 
  84	1   4 
  85	1   1 
  86	2   1   5 
  88	1   5 
  88	2   0   1 
  90	1   1 
  90	2   0   5 
  92	1   5 
  92	1   0 
  93	2   1   5 
  95	2   0   1 
  97	1   1 
  97	2   5   0 
  98	1   1 
  99	1   5 
  99	1   0 
  99	1   1 
 100	1   5 
 101	2   5   2 
 103	1   2 
 103	2   7   5 
 105	1   5 
 105	2   7   2 
 107	1   2 
 107	1   7 
 108	2   5   2 
 110	2   7   5 
 112	1   5 
 112	2   2   7 
 113	1   5 
 114	1   2 
 114	1   7 
 114	2   5   0 
 116	2   1   5 
 118	1   5 
 118	2   0   1 
 120	1   1 
 120	2   0   5 
 122	1   5 
 122	1   0 
 122	2   2   6 
 124	2   1   5 
 126	2   0   1 
 128	1   1 
 128	2   5   0 
 129	1   1 
 130	1   5 
 130	1   0 
 130	2   4   1 
 132	2   5   9 
 134	2  10   5 
 136	1   5 
 136	2   9  10 
 138	1  10 
 138	2   9   5 
 140	1   5 
 140	1   9 
 141	2  10   5 
 143	2   9  10 
 145	1  10 
 145	2   5   9 
 146	1  10 
 147	1   5 
 147	1   9 
 147	1  10 
 148	1   5 
 148	2   0   8 
 150	2   5   4 
 152	1   4 
 152	2   1   5 
 154	1   5 
 154	2   1   4 
 156	1   4 
 156	1   1 
 156	6   5   0 
 145	6  11   7 
 162	2   0   4 
 164	2   1   0 
 166	1   0 
 166	2   4   1 
 167	1   0 
 168	1   4 
 168	1   1 
 168	1   0 
 169	1   4 
 170	2   4   5 
 172	1   5 
 172	2   8   4 
 174	1   4 
 174	2   8   5 
 176	1   5 
 176	1   8 
 177	2   4   5 
 179	2   8   4 
 181	1   4 
 181	2   5   8 
 182	1   4 
 183	1   5 
 183	1   8 
 183	1   4 
 184	1   5 
 185	2   5   2 
 187	1   2 
 187	2   6   5 
 189	1   5 
 189	2   6   2 
 191	1   2 
 191	1   6 
 192	2   5   2 
 194	2   6   5 
 196	1   5 
 196	2   2   6 
 197	1   5 
 198	1   2 
 198	1   6 
 198	1   5 
 199	1   2 
 200	2   2   3 
 202	1   3 
 202	2   7   2 
 204	1   2 
 204	2   7   3 
 206	1   3 
 206	1   7 
 207	2   2   3 
 209	2   7   2 
 211	1   2 
 211	2   3   7 
 212	1   2 
 213	1   7 
 213	1   3 
 213	2   2   6 
 215	2   5   2 
 217	1   2 
 217	2   6   5 
 219	1   5 
 219	2   6   2 
 221	1   2 
 221	1   6 
 221	2   3   7 
 223	2   5   2 
 225	2   6   5 
 227	1   5 
 227	2   2   6 
 228	1   5 
 229	1   2 
 229	1   6 
 229	2   5   8 
 231	2   4   5 
 233	1   5 
 233	2   8   4 
 233	2   2   6 
 235	1   4 
 235	2   8   5 
 237	1   5 
 237	1   8 
 238	2   4   5 
 240	2   8   4 
 242	1   4 
 242	2   5   8 
 243	1   4 
 244	1   5 
 244	1   8 
 244	2   4   1 
 246	2   0   4 
 248	1   4 
 248	2   1   0 
 248	6   9   8 
 250	1   0 
 254	2   1   4 
 254	6  10   6 
 256	1   4 
 256	1   1 
 257	2   0   4 
 259	2   1   0 
 261	1   0 
 261	2   4   1 
 262	1   0 
 263	1   4 
 263	1   1 
 263	2   5   9 
 265	2   0   8 
 267	2   4   1 
 269	6   2   0 
 269	6   9   8 
 275	2   6   2 
 277	1   2 
 277	2   9   6 
 279	1   6 
 279	6   5   2 
 285	2   9   5 
 287	1   5 
 287	1   9 
 287	6   2   0 
 293	2   6   5 
 295	2   9   6 
 297	1   6 
 297	2   5   9 
 298	1   6 
 299	1   5 
 299	1   9 
 299	1   6 
 300	1   5 
 300	1   9 
 300	6  10   6 
 306	2   5   4 
 308	1   4 
 308	2   1   5 
 310	1   5 
 310	2   1   4 
 312	1   4 
 312	1   1 
 312	6   5   0 
 306	6  11  10 
 318	2   0   4 
 320	2   1   0 
 322	1   0 
 322	2   4   1 
 323	1   0 
 324	1   4 
 324	1   1 
 324	1   0 
 325	1   4 
 326	2   4   5 
 328	1   5 
 328	2   8   4 
 330	1   4 
 330	2   8   5 
 332	1   5 
 332	1   8 
 333	2   4   5 
 335	2   8   4 
 337	1   4 
 337	2   5   8 
 338	1   4 
 339	1   5 
 339	1   8 
 339	1   4 
 340	1   5 
 341	2   5   2 
 343	1   2 
 343	2   6   5 
 345	1   5 
 345	2   6   2 
 347	1   2 
 347	1   6 
 348	2   5   2 
 350	2   6   5 
 352	1   5 
 352	2   2   6 
 353	1   5 
 354	1   2 
 354	1   6 
 354	1   5 
 355	1   2 
 356	2   2   3 
 358	1   3 
 358	2   7   2 
 360	1   2 
 360	2   7   3 
 362	1   3 
 362	1   7 
 363	2   2   3 
 365	2   7   2 
 367	1   2 
 367	2   3   7 
 368	1   2 
 369	1   7 
 369	1   3 
 369	2   2   6 
 371	2   5   2 
 373	1   2 
 373	2   6   5 
 375	1   5 
 375	2   6   2 
 377	1   2 
 377	1   6 
 377	2   3   7 
 379	2   5   2 
 381	2   6   5 
 383	1   5 
 383	2   2   6 
 384	1   5 
 385	1   2 
 385	1   6 
 385	2   5   8 
 387	2   4   5 
 389	1   5 
 389	2   8   4 
 389	2   2  10 
 391	1   4 
 391	2   8   5 
 393	1   5 
 393	1   8 
 393	6  10   6 
 399	2   4   5 
 401	2   8   4 
 403	1   4 
 403	2   5   8 
 404	1   4 
 405	1   5 
 405	1   8 
 405	2   4   1 
 407	2   0   4 
 409	1   4 
 409	2   1   0 
 411	1   0 
 411	2   1   4 
 413	1   4 
 413	1   1 
 413	6   5   0 
 399	6  11   7 
 419	2   5   4 
 419	6  10   7 
 421	2   1   5 
 423	1   5 
 423	2   4   1 
 424	1   5 
 425	1   4 
 425	1   1 
 425	2   5   0 
 425	6   7   3 
 427	2   1   4 
 429	2   9   1 
 431	1   1 
 431	2   4   9 
 433	1   9 
 433	2   4   1 
 435	1   1 
 435	1   4 
 436	2   9   1 
 438	2   4   9 
 440	1   9 
 440	2   1   4 
 441	1   9 
 442	1   1 
 442	1   4 
 442	1   9 
 443	1   1 
 444	2   1   5 
 446	1   5 
 446	2   0   1 
 448	1   1 
 448	2   0   5 
 450	1   5 
 450	1   0 
 451	2   1   5 
 453	2   0   1 
 455	1   1 
 455	2   5   0 
 456	1   1 
 457	1   5 
 457	1   0 
 457	1   1 
 458	1   5 
 459	2   5   2 
 461	1   2 
 461	2   6   5 
 463	1   5 
 463	2   6   2 
 465	1   2 
 465	1   6 
 466	2   5   2 
 468	2   6   5 
 470	1   5 
 470	2   2   6 
 471	1   5 
 472	1   6 
 472	1   2 
 472	2   5   0 
 474	2   1   5 
 476	1   5 
 476	2   0   1 
 478	1   1 
 478	2   0   5 
 480	1   5 
 480	1   0 
 480	2   2   6 
 482	2   1   5 
 484	2   0   1 
 486	1   1 
 486	2   5   0 
 487	1   1 
 488	1   0 
 488	1   5 
 488	2   1   4 
 490	2   9   1 
 492	1   1 
 492	2   4   9 
 494	1   9 
 494	2   4   1 
 496	1   1 
 496	1   4 
 496	2   5   0 
 498	2   9   1 
 500	2   4   9 
 502	1   9 
 502	2   1   4 
 503	1   9 
 504	1   1 
 504	1   4 
 505	1   1 
 506	2   1   5 
 508	1   5 
 508	2   0   1 
 510	1   1 
 510	2   0   5 
 512	1   5 
 512	1   0 
 513	2   1   5 
 515	2   0   1 
 517	1   1 
 517	2   5   0 
 518	1   1 
 519	1   5 
 519	1   0 
 519	1   1 
 520	1   5 
 521	2   5   2 
 523	1   2 
 523	2   6   5 
 525	1   5 
 525	2   6   2 
 527	1   2 
 527	1   6 
 528	2   5   2 
 530	2   6   5 
 532	1   5 
 532	2   2   6 
 533	1   5 
 534	1   2 
 534	1   6 
 534	2   5   0 
 535	2   2   3 
 537	2   1   5 
 539	1   5 
 539	2   0   1 
 539	6   6   3 
 541	1   1 
 545	2   0   5 
 547	1   5 
 547	1   0 
 548	2   1   5 
 550	2   0   1 
 552	1   1 
 552	2   5   0 
 553	1   1 
 554	1   5 
 554	1   0 
 554	2   4   1 
 556	2   5   9 
 558	2  10   5 
 560	1   5 
 560	2   9  10 
 562	1  10 
 562	2   9   5 
 564	1   5 
 564	1   9 
 565	2  10   5 
 567	2   9  10 
 569	1  10 
 569	2   5   9 
 570	1  10 
 571	1   5 
 571	1   9 
 571	1  10 
 572	1   5 
 572	2   0   8 
 574	2   5   4 
 576	1   4 
 576	2   1   5 
 578	1   5 
 578	2   1   4 
 580	1   4 
 580	1   1 
 580	6   5   0 
 572	6  11   3 
 586	2   0   4 
 588	2   1   0 
 590	1   0 
 590	2   4   1 
 591	1   0 
 592	1   4 
 592	1   1 
 592	1   0 
 593	1   4 
 594	2   4   5 
 596	1   5 
 596	2   8   4 
 598	1   4 
 598	2   8   5 
 600	1   5 
 600	1   8 
 601	2   4   5 
 603	2   8   4 
 605	1   4 
 605	2   5   8 
 606	1   4 
 607	1   5 
 607	1   8 
 607	1   4 
 608	1   5 
 609	2   5   2 
 611	1   2 
 611	2   6   5 
 613	1   5 
 613	2   6   2 
 615	1   2 
 615	1   6 
 616	2   5   2 
 618	2   6   5 
 620	1   5 
 620	2   2   6 
 621	1   5 
 622	1   2 
 622	1   6 
 622	1   5 
 623	1   2 
 624	2   2   7 
 626	1   7 
 626	2   3   2 
 628	1   2 
 628	2   3   7 
 630	1   7 
 630	1   3 
 631	2   2   7 
 633	2   3   2 
 635	1   2 
 635	2   7   3 
 636	1   2 
 637	1   3 
 637	1   7 
 637	2   2   6 
 639	2   5   2 
 641	1   2 
 641	2   6   5 
 643	1   5 
 643	2   6   2 
 645	1   2 
 645	1   6 
 645	2   7   3 
 647	2   5   2 
 649	2   6   5 
 651	1   5 
 651	2   2   6 
 652	1   5 
 653	1   2 
 653	1   6 
 653	2   5   8 
 655	2   4   5 
 657	1   5 
 657	2   8   4 
 657	2   2   6 
 659	1   4 
 659	2   8   5 
 661	1   5 
 661	1   8 
 662	2   4   5 
 664	2   8   4 
 666	1   4 
 666	2   5   8 
 667	1   4 
 668	1   5 
 668	1   8 
 668	2   4   1 
 670	2   0   4 
 672	1   4 
 672	2   1   0 
 672	6   9   8 
 674	1   0 
 678	2   1   4 
 678	6  10   6 
 680	1   4 
 680	1   1 
 681	2   0   4 
 683	2   1   0 
 685	1   0 
 685	2   4   1 
 686	1   0 
 687	1   4 
 687	1   1 
 687	2   5   9 
 689	2   0   8 
 691	2   4   1 
 693	6   2   0 
 693	6   9   8 
 699	2   6   2 
 701	1   2 
 701	2   9   6 
 703	1   6 
 703	6   5   2 
 709	2   9   5 
 711	1   5 
 711	1   9 
 711	6   2   0 
 717	2   6   5 
 719	2   9   6 
 721	1   6 
 721	2   5   9 
 722	1   6 
 723	1   5 
 723	1   9 
 723	6  10   6 
 724	1   5 
 724	1   9 
 729	2   5   4 
 731	1   4 
 731	2   1   5 
 733	1   5 
 733	2   1   4 
 735	1   4 
 735	1   1 
 735	6   5   0 
 729	6  11  10 
 741	2   0   4 
 743	2   1   0 
 745	1   0 
 745	2   4   1 
 746	1   0 
 747	1   4 
 747	1   1 
 747	1   0 
 748	1   4 
 749	2   4   5 
 751	1   5 
 751	2   8   4 
 753	1   4 
 753	2   8   5 
 755	1   5 
 755	1   8 
 756	2   4   5 
 758	2   8   4 
 760	1   4 
 760	2   5   8 
 761	1   4 
 762	1   5 
 762	1   8 
 762	1   4 
 763	1   5 
 764	2   5   2 
 766	1   2 
 766	2   6   5 
 768	1   5 
 768	2   6   2 
 770	1   2 
 770	1   6 
 771	2   5   2 
 773	2   6   5 
 775	1   5 
 775	2   2   6 
 776	1   5 
 777	1   2 
 777	1   6 
 777	1   5 
 778	1   2 
 779	2   2   7 
 781	1   7 
 781	2   3   2 
 783	1   2 
 783	2   3   7 
 785	1   7 
 785	1   3 
 786	2   2   7 
 788	2   3   2 
 790	1   2 
 790	2   7   3 
 791	1   2 
 792	1   3 
 792	1   7 
 792	2   2   6 
 794	2   5   2 
 796	1   2 
 796	2   6   5 
 798	1   5 
 798	2   6   2 
 800	1   2 
 800	1   6 
 800	2   7   3 
 802	2   5   2 
 804	2   6   5 
 806	1   5 
 806	2   2   6 
 807	1   5 
 808	1   2 
 808	1   6 
 808	2   5   8 
 810	2   4   5 
 812	1   5 
 812	2   8   4 
 812	2   2  10 
 814	1   4 
 814	2   8   5 
 816	1   5 
 816	1   8 
 816	6  10   6 
 822	2   4   5 
 824	2   8   4 
 826	1   4 
 826	2   5   8 
 827	1   4 
 828	1   5 
 828	1   8 
 828	2   4   1 
 829	1   8 
 830	2   0   4 
 832	1   4 
 832	2   1   0 
 834	1   0 
 834	2   1   4 
 836	1   4 
 836	1   1 
 836	6   5   0 
 822	6  11   3 
 842	2   5   4 
 844	2   1   5 
 846	1   5 
 846	2   4   1 
 847	1   5 
 848	1   4 
 848	1   1 
 848	2   5   0 
 850	2   1   4 
 852	2   9   1 
 854	1   1 
 854	2   4   9 
 856	1   9 
 856	2   4   1 
 858	1   1 
 858	1   4 
 859	2   9   1 
 861	2   4   9 
 863	1   9 
 863	2   1   4 
 864	1   9 
 865	1   1 
 865	1   4 
 865	1   9 
 866	1   1 
 866	6  10   8 
 872	2   1   5 
 874	1   5 
 874	2   0   1 
 876	1   1 
 876	2   0   5 
 878	1   5 
 878	1   0 
 879	2   1   5 
 881	2   0   1 
 883	1   1 
 883	2   5   0 
 884	1   1 
 885	1   5 
 885	1   0 
 885	1   1 
 886	1   5 
 887	2   5   2 
 889	1   2 
 889	2   6   5 
 891	1   5 
 891	2   6   2 
 893	1   2 
 893	1   6 
 894	2   5   2 
 896	2   6   5 
 898	1   5 
 898	2   2   6 
 899	1   5 
 900	1   6 
 900	1   2 
 900	2   5   0 
 902	2   1   5 
 904	1   5 
 904	2   0   1 
 906	1   1 
 906	2   0   5 
 908	1   5 
 908	1   0 
 908	2   2   6 
 910	2   1   5 
 912	2   0   1 
 914	1   1 
 914	2   5   0 
 915	1   1 
 916	1   0 
 916	1   5 
 916	2   1   4 
 918	2   9   1 
 920	1   1 
 920	2   4   9 
 922	1   9 
 922	2   4   1 
 924	1   1 
 924	1   4 
 924	2   5   0 
 926	2   9   1 
 928	2   4   9 
 930	1   9 
 930	2   1   4 
 931	1   9 
 932	1   1 
 932	1   4 
 933	1   1 
 933	2   4   8 
 935	2   1   5 
 937	1   5 
 937	2   0   1 
 939	1   1 
 939	2   0   5 
 941	1   5 
 941	1   0 
 942	2   1   5 
 944	2   0   1 
 946	1   1 
 946	2   5   0 
 947	1   1 
 948	1   5 
 948	1   0 
 948	1   1 
 949	1   5 
 950	2   5   2 
 952	1   2 
 952	2   6   5 
 954	1   5 
 954	2   6   2 
 956	1   2 
 956	1   6 
 957	2   5   2 
 959	2   6   5 
 961	1   5 
 961	2   2   6 
 962	1   5 
 963	1   6 
 963	1   2 
 963	2   5   0 
 965	2   1   5 
 967	1   5 
 967	2   0   1 
 967	6   6   3 
 969	1   1 
 973	2   0   5 
 973	2   2   3 
 975	1   5 
 975	1   0 
 975	6  10   8 
 981	2   1   5 
 983	2   0   1 
 985	1   1 
 985	2   5   0 
 986	1   1 
 987	1   5 
 987	1   0 
 987	2   6   1 
 989	2   5   9 
 991	2   8   5 
 993	1   5 
 993	2   9   8 
 995	1   8 
 995	2   9   5 
 997	1   5 
 997	1   9 
 998	2   8   5 
1000	2   9   8 
1002	1   8 
1002	2   5   9 
1003	1   8 
1004	1   5 
1004	1   9 
1004	1   8 
1005	1   5 
1005	6   9   4 
 989	6  11   7 
1011	2   5   6 
1013	1   6 
1013	2   1   5 
1015	1   5 
1015	2   1   6 
1017	1   6 
1017	1   1 
1017	6  11   9 
1023	2   5   6 
1025	2   1   5 
1025	6  10   7 
1027	1   5 
1028	1   5 
1029	1   5 
1031	2   6   1 
1033	1   6 
1033	1   1 
1034	1   6 
1035	2   6  11 
1037	1  11 
1037	2   7   6 
1039	1   6 
1039	2   7  11 
1041	1  11 
1041	1   7 
1042	2   6  11 
1044	2   7   6 
1046	1   6 
1046	2  11   7 
1047	1   6 
1048	1  11 
1048	1   7 
1048	1   6 
1049	1  11 
1050	2  11   9 
1052	1   9 
1052	2  10  11 
1054	1  11 
1054	2  10   9 
1056	1   9 
1056	1  10 
1057	2  11   9 
1059	2  10  11 
1061	1  11 
1061	2   9  10 
1062	1  11 
1063	1  10 
1063	1   9 
1063	2  11   7 
1065	2   6  11 
1067	1  11 
1067	2   7   6 
1069	1   6 
1069	2   7  11 
1071	1  11 
1071	1   7 
1071	2   9  10 
1073	2   6  11 
1075	2   7   6 
1077	1   6 
1077	2  11   7 
1078	1   6 
1079	1  11 
1079	1   7 
1079	2   6   1 
1081	2   5   6 
1083	1   6 
1083	2   1   5 
1083	2  11   7 
1085	1   5 
1085	2   1   6 
1087	1   6 
1087	1   1 
1088	2   5   6 
1090	2   1   5 
1092	1   5 
1092	2   6   1 
1093	1   5 
1094	1   6 
1094	1   1 
1094	2   5   4 
1096	2   8   5 
1098	1   5 
1098	2   4   8 
1098	2   6   1 
1100	1   8 
1100	2   4   5 
1102	1   5 
1102	1   4 
1103	2   8   5 
1105	2   4   8 
1107	1   8 
1107	2   5   4 
1108	1   8 
1109	1   5 
1109	1   4 
1109	1   8 
1110	1   5 
1110	1   4 
1111	2   5   6 
1113	1   6 
1113	2   1   5 
1115	1   5 
1115	2   1   6 
1117	1   6 
1117	1   1 
1118	2   5   6 
1120	2   1   5 
1122	1   5 
1122	2   6   1 
1123	1   5 
1124	1   6 
1124	1   1 
1124	1   5 
1125	1   6 
1126	2   6  11 
1128	1  11 
1128	2   7   6 
1130	1   6 
1130	2   7  11 
1132	1  11 
1132	1   7 
1133	2   6  11 
1135	2   7   6 
1137	1   6 
1137	2  11   7 
1138	1   6 
1139	1  11 
1139	1   7 
1139	1   6 
1140	1  11 
1141	2  11   9 
1143	1   9 
1143	2  10  11 
1145	1  11 
1145	2  10   9 
1147	1   9 
1147	1  10 
1148	2  11   9 
1150	2  10  11 
1152	1  11 
1152	2   9  10 
1153	1  11 
1154	1  10 
1154	1   9 
1154	2  11   7 
1156	2   6  11 
1158	1  11 
1158	2   7   6 
1160	1   6 
1160	2   7  11 
1162	1  11 
1162	1   7 
1162	2   9  10 
1164	2   6  11 
1166	2   7   6 
1168	1   6 
1168	2  11   7 
1169	1   6 
1168	6   9   1 
1170	1  11 
1170	1   7 
1174	2   6   9 
1176	2   5   6 
1176	6  14  11 
1178	1   6 
1178	2   9   5 
1180	1   5 
1180	6   8   4 
1182	6  14  13 
1186	6   4   0 
1188	2   9   6 
1190	1   6 
1190	1   9 
1190	6   7   3 
1196	2   5   6 
1198	2   9   5 
1198	6  11   3 
1200	1   5 
1201	1   5 
1202	2   5   4 
1204	2   6   9 
1206	1   9 
1206	1   6 
1206	6  14  11 
1212	2   9  13 
1214	2   8   9 
1216	1   9 
1216	2  13   8 
1218	1   8 
1218	2  13   9 
1220	1   9 
1220	1  13 
1221	2   8   9 
1223	2  13   8 
1225	1   8 
1225	2   9  13 
1226	1   8 
1227	1   9 
1227	1  13 
1227	1   8 
1228	1   9 
1229	2   9   5 
1231	1   5 
1231	2   4   9 
1233	1   9 
1233	2   4   5 
1235	1   5 
1235	1   4 
1236	2   9   5 
1238	2   4   9 
1240	1   9 
1240	2   5   4 
1241	1   9 
1242	1   5 
1242	1   4 
1242	1   9 
1243	1   5 
1244	2   5   2 
1246	1   2 
1246	2   7   5 
1248	1   5 
1248	2   7   2 
1250	1   2 
1250	1   7 
1251	2   5   2 
1253	2   7   5 
1255	1   5 
1255	2   2   7 
1256	1   5 
1257	1   7 
1257	1   2 
1257	2   5   4 
1258	2   2   7 
1259	2   9   5 
1261	1   5 
1261	2   4   9 
1263	1   9 
1263	2   4   5 
1265	1   5 
1265	1   4 
1266	2   9   5 
1268	2   4   9 
1270	1   9 
1270	2   5   4 
1271	1   9 
1272	1   4 
1272	1   5 
1272	2   9  13 
1274	2   8   9 
1276	1   9 
1276	2  13   8 
1278	1   8 
1278	2  13   9 
1280	1   9 
1280	1  13 
1280	2   5   4 
1282	2   8   9 
1284	2  13   8 
1286	1   8 
1286	2   9  13 
1287	1   8 
1288	1   9 
1288	1  13 
1289	1   9 
1289	2  13  14 
1291	2   9   5 
1293	1   5 
1293	2   4   9 
1295	1   9 
1295	2   4   5 
1295	6  13  10 
1297	1   5 
1297	1   4 
1301	2   9   5 
1303	2   4   9 
1305	1   9 
1305	2   5   4 
1306	1   9 
1307	1   5 
1307	1   4 
1307	1   9 
1308	1   5 
1309	2   5   2 
1311	1   2 
1311	2   7   5 
1313	1   5 
1313	2   7   2 
1315	1   2 
1315	1   7 
1316	2   5   2 
1318	2   7   5 
1320	1   5 
1320	2   2   7 
1321	1   5 
1322	1   7 
1322	1   2 
1322	2   5   4 
1323	2   2   7 
1324	2   9   5 
1326	1   5 
1326	2   4   9 
1326	6   2   1 
1328	1   9 
1332	2   4   5 
1332	6   7   2 
1334	1   5 
1334	1   4 
1335	2   9   5 
1337	2   4   9 
1338	6  15   7 
1339	1   9 
1339	2   5   4 
1340	1   9 
1341	1   5 
1341	1   4 
1342	2   5   8 
1344	2   0   5 
1344	6  15  13 
1346	1   5 
1350	2   8   0 
1352	1   0 
1352	2   8   5 
1354	1   5 
1354	1   8 
1354	2   6   9 
1356	2   0   5 
1358	2   8   0 
1360	1   0 
1360	2   5   8 
1361	1   0 
1362	1   5 
1362	1   8 
1362	1   0 
1363	1   5 
1364	2   5   6 
1366	1   6 
1366	2   9   5 
1368	1   5 
1368	2   9   6 
1370	1   6 
1370	1   9 
1371	2   5   6 
1373	2   9   5 
1375	1   5 
1375	2   6   9 
1376	1   5 
1377	1   6 
1377	1   9 
1377	1   5 
1378	1   6 
1379	2   6  10 
1381	1  10 
1382	2  14   6 
1384	1   6 
1384	2  14  10 
1386	1  10 
1386	1  14 
1387	2   6  10 
1389	2  14   6 
1391	1   6 
1391	2  10  14 
1392	1   6 
1393	1  10 
1393	1  14 
1393	1   6 
1394	1  10 
1395	2  10  13 
1397	1  13 
1397	2  15  10 
1399	1  10 
1399	2  15  13 
1401	1  13 
1401	1  15 
1402	2  10  13 
1404	2  15  10 
1406	1  10 
1406	2  13  15 
1407	1  10 
1408	1  15 
1408	1  13 
1408	2  10  14 
1410	2   6  10 
1412	1  10 
1412	2  13  15 
1414	2  14   6 
1416	1   6 
1416	2  14  10 
1418	1  10 
1418	1  14 
1419	2   6  10 
1421	2  14   6 
1423	1   6 
1423	2  10  14 
1424	1   6 
1425	1  10 
1425	1  14 
1425	2   6   9 
1427	2   5   6 
1429	1   6 
1429	2   9   5 
1431	1   5 
1431	2   9   6 
1433	1   6 
1433	1   9 
1433	2  10  14 
1435	2   5   6 
1437	2   9   5 
1439	1   5 
1439	2   6   9 
1440	1   5 
1441	1   6 
1441	1   9 
1441	2   5   8 
1443	2   0   5 
1445	1   5 
1445	2   8   0 
1447	1   0 
1447	2   8   5 
1449	1   5 
1449	1   8 
1449	2   6   9 
1451	2   0   5 
1453	2   8   0 
1455	1   0 
1455	2   5   8 
1456	1   0 
1457	1   5 
1457	1   8 
1458	1   5 
1458	1   8 
1459	2   5   6 
1461	1   6 
1461	2   9   5 
1463	1   5 
1463	2   9   6 
1465	1   6 
1465	1   9 
1466	2   5   6 
1468	2   9   5 
1470	1   5 
1470	2   6   9 
1471	1   5 
1472	1   6 
1472	1   9 
1472	1   5 
1473	1   6 
1474	2   6  10 
1476	1  10 
1477	2  14   6 
1479	1   6 
1479	2  14  10 
1481	1  10 
1481	1  14 
1482	2   6  10 
1484	2  14   6 
1486	1   6 
1486	2  10  14 
1487	1   6 
1488	1  10 
1488	1  14 
1488	1   6 
1489	1  10 
1490	2  10  13 
1492	1  13 
1492	2  15  10 
1494	1  10 
1494	2  15  13 
1496	1  13 
1496	1  15 
1497	2  10  13 
1499	2  15  10 
1501	1  10 
1501	2  13  15 
1502	1  10 
1503	1  13 
1503	1  15 
1503	2  10  14 
1505	2   6  10 
1505	6  13  12 
1507	1  10 
1511	2  14   6 
1513	1   6 
1513	2  14  10 
1513	6  12   4 
1515	1  10 
1515	1  14 
1516	2   6  10 
1519	2  14   6 
1519	2   0   4 
1521	1   6 
1521	2  10  14 
1522	1   6 
1523	1  14 
1523	1  10 
1523	2   6   9 
1524	1  14 
1525	2   5   6 
1527	1   6 
1527	2   9   5 
1529	1   5 
1529	2   9   6 
1531	1   6 
1531	1   9 
1531	2  15  10 
1533	2   5   6 
1535	2   9   5 
1537	1   5 
1537	2   6   9 
1538	1   5 
1539	1   9 
1539	1   6 
1539	6   5   2 
1545	2   9  12 
1545	6   2   0 
1547	2   8   9 
1549	1   9 
1549	2  12   8 
1549	6  14  10 
1551	1   8 
1551	6   4   0 
1555	2  12   9 
1557	1   9 
1557	1  12 
1557	6  10   6 
1563	2   8   9 
1565	2  12   8 
1567	1   8 
1567	2   9  12 
1568	1   8 
1569	1   9 
1569	1  12 
1569	1   8 
1570	1   9 
1571	2   9   1 
1573	1   1 
1573	2   5   9 
1575	1   9 
1575	2   5   1 
1577	1   1 
1577	1   5 
1578	2   9   1 
1580	2   5   9 
1582	1   9 
1582	2   1   5 
1583	1   9 
1584	1   5 
1584	1   1 
1584	2   9  12 
1586	2   8   9 
1588	1   9 
1588	2  12   8 
1588	2   1   5 
1590	1   8 
1590	2  12   9 
1592	1   9 
1592	1  12 
1593	2   8   9 
1595	2  12   8 
1597	1   8 
1597	2   9  12 
1598	1   8 
1599	1   9 
1599	1  12 
1599	2   4   8 
1600	1   9 
1601	2   6   4 
1603	1   4 
1603	2   9   1 
1605	1   1 
1605	2   5   9 
1607	1   9 
1607	2   5   1 
1609	1   1 
1609	1   5 
1609	6   9   6 
1615	2   8   9 
1615	2   6   1 
1617	1   9 
1617	2   8   4 
1619	1   4 
1619	1   8 
1619	2   5   6 
1621	1   6 
1621	2   9   4 
1622	1   6 
1623	2   8   9 
1625	1   9 
1625	2   4   8 
1625	2  10   6 
1626	1   9 
1627	1   4 
1627	1   8 
1627	1   9 
1627	2   1   5 
1628	1   4 
1629	1   5 
1629	1   1 
1629	6   9   4 
1635	2   9  10 
1635	6   4   0 
1637	1  10 
1637	2   6   9 
1639	1   9 
1639	2   6  10 
1641	1  10 
1641	1   6 
1641	2   1   5 
1643	2   9  10 
1645	2   6   9 
1647	1   9 
1647	2  10   6 
1648	1   9 
1649	1  10 
1649	1   6 
1649	1   9 
1649	6   5   4 
1650	1  10 
1649	6  15  11 
1655	2  10   2 
1657	1   2 
1657	2   5  10 
1659	1  10 
1659	2   5   2 
1659	6  11   7 
1661	1   2 
1661	1   5 
1661	6  14   9 
1665	6   6   2 
1671	2  10   6 
1673	2   5  10 
1675	1  10 
1675	2   6   5 
1676	1  10 
1677	1   6 
1677	1   5 
1677	1  10 
1678	1   6 
1678	6  10   7 
1684	2   6  10 
1686	1  10 
1686	2   9   6 
1686	6  15  14 
1688	1   6 
1688	6   3   2 
1692	2   9  10 
1694	1  10 
1694	1   9 
1694	6  15  11 
1694	6  13   8 
1700	2   6  10 
1702	2   9   6 
1704	1   6 
1704	2  10   9 
1705	1   6 
1706	1   9 
1706	1  10 
1706	2   6   5 
1706	6  14  13 
1708	2   7   6 
1710	1   6 
1711	2   5   7 
1713	1   7 
1713	2   5   6 
1715	1   6 
1715	1   5 
1715	2  10   9 
1715	6   1   0 
1717	2   7   6 
1721	2   5   7 
1723	1   7 
1723	2   6   5 
1724	1   7 
1725	1   5 
1725	1   6 
1725	2   7   3 
1726	6   9   1 
1727	2  11   7 
1729	1   7 
1732	2   3  11 
1734	1  11 
1734	2   3   7 
1734	6  10   5 
1736	1   7 
1736	1   3 
1732	6  12   8 
1740	2  11   7 
1740	6   8   0 
1742	2   3  11 
1744	1  11 
1744	2   7   3 
1745	1  11 
1746	1   7 
1746	1   3 
1746	2  11  14 
1747	6   2   0 
1748	2   9  11 
1750	1  11 
1750	2  14   9 
1752	1   9 
1752	2  14  11 
1754	1  11 
1754	1  14 
1754	2   7   3 
1756	2   9  11 
1758	2  14   9 
1760	1   9 
1760	2  11  14 
1761	1   9 
1762	1  11 
1762	1  14 
1762	1   9 
1762	2   6  10 
1763	1  11 
1763	1  14 
1764	2  11   7 
1764	6  14   9 
1766	1   7 
1770	2   3  11 
1772	1  11 
1772	2   3   7 
1772	6   9   1 
1774	1   7 
1774	1   3 
1775	2  11   7 
1778	2   3  11 
1778	6   8   0 
1780	1  11 
1780	2   7   3 
1781	1  11 
1782	1   7 
1782	1   3 
1782	1  11 
1783	1   7 
1784	2   7   6 
1786	1   6 
1786	2  10   7 
1788	1   7 
1788	2  10   6 
1790	1   6 
1790	1  10 
1791	2   7   6 
1793	2  10   7 
1795	1   7 
1795	2   6  10 
1796	1   7 
1797	1   6 
1797	1  10 
1797	1   7 
1798	1   6 
1799	2   6   5 
1801	1   5 
1801	2   9   6 
1803	1   6 
1803	2   9   5 
1805	1   5 
1805	1   9 
1806	2   6   5 
1808	2   9   6 
1810	1   6 
1810	2   5   9 
1811	1   6 
1812	1   9 
1812	1   5 
1812	2   6  10 
1814	2   7   6 
1816	1   6 
1816	2  10   7 
1818	1   7 
1818	2  10   6 
1820	1   6 
1820	1  10 
1820	2   5   9 
1822	2   7   6 
1824	2  10   7 
1826	1   7 
1826	2   6  10 
1827	1   7 
1828	1  10 
1828	1   6 
1828	2   7   3 
1828	6   5   0 
1830	2  11   7 
1832	1   7 
1833	2   3  11 
1835	1  11 
1835	2   3   7 
1837	1   7 
1837	1   3 
1837	2   6  10 
1839	2  11   7 
1841	2   3  11 
1843	1  11 
1843	2   7   3 
1844	1  11 
1845	1   3 
1845	1   7 
1845	6   6   5 
1851	2   3   2 
1851	6   5   4 
1857	2   1   3 
1859	1   3 
1859	2   2   1 
1861	1   1 
1861	2   2   3 
1863	1   3 
1863	1   2 
1864	2   1   3 
1866	2   2   1 
1868	1   1 
1868	2   3   2 
1869	1   1 
1870	1   3 
1870	1   2 
1870	1   1 
1871	1   3 
1871	6   5   2 
1877	2   3   6 
1879	1   6 
1879	2   2   3 
1881	1   3 
1881	2   2   6 
1883	1   6 
1883	1   2 
1884	2   3   6 
1886	2   2   3 
1888	1   3 
1888	2   6   2 
1889	1   3 
1890	1   2 
1890	1   6 
1891	2   6   2 
1893	6   3   1 
1899	2   1   5 
1901	2   3   1 
1903	1   1 
1903	6   5   2 
1893	6  14  10 
1909	2   2   3 
1911	1   3 
1911	2   2   1 
1911	6  10   7 
1913	1   1 
1913	1   2 
1917	2   3   1 
1917	6  10   9 
1919	2   2   3 
1921	1   3 
1921	2   1   2 
1922	1   3 
1923	1   1 
1923	1   2 
1924	1   1 
1924	2  11   3 
1926	2   7  11 
1928	1  11 
1928	2   1   6 
1930	1   6 
1930	2   3   7 
1930	2   5   1 
1932	1   7 
1932	1   1 
1932	2   5   6 
1934	1   6 
1934	1   5 
1934	2   3  11 
1936	1  11 
1936	1   3 
1936	2   1   6 
1938	2   7  11 
1938	2   5   1 
1940	1   1 
1940	2   3   7 
1941	1   1 
1942	1   7 
1942	2   9   1 
1943	1   7 
1944	1   7 
1944	2   6   5 
1946	1   5 
1946	1   6 
1946	2  11   3 
1948	1  11 
1948	1   3 
1948	2   6   5 
1949	1  11 
1950	2  11   9 
1950	6   2   1 
1952	1   9 
1952	6  11   7 
1956	6   9   1 
1958	6   7   3 
1962	6  14   9 
1964	2   2   3 
1966	1   3 
1966	2   2   1 
1968	1   1 
1968	1   2 
1968	6  10   5 
1974	2   3   1 
1976	2   2   3 
1978	1   3 
1978	2   1   2 
1979	1   3 
1980	1   1 
1980	1   2 
1980	1   3 
1981	1   1 
1981	6   6   3 
1987	2   1   4 
1989	1   4 
1989	2   9   1 
1991	1   1 
1991	2   9   4 
1993	1   4 
1993	1   9 
1994	2   1   4 
1996	2   9   1 
1998	1   1 
1998	2   4   9 
1999	1   1 
2000	1   4 
2000	1   9 
2000	1   1 
2001	1   4 
2002	2   4   0 
2004	1   0 
2004	2   5   4 
2006	1   4 
2006	2   5   0 
2008	1   0 
2008	1   5 
2009	2   4   0 
2011	2   5   4 
2013	1   4 
2013	2   0   5 
2014	1   4 
2015	1   5 
2015	1   0 
2015	2   4   9 
2017	2   1   4 
2019	1   4 
2019	2   9   1 
2021	1   1 
2021	2   9   4 
2023	1   4 
2023	1   9 
2023	2   0   5 
2025	2   1   4 
2027	2   9   1 
2029	1   1 
2029	2   4   9 
2030	1   1 
2031	1   9 
2031	1   4 
2031	2   1   2 
2032	2   4   9 
2034	2   6   1 
2036	1   1 
2036	2   2   6 
2038	1   6 
2038	2   2   1 
2040	1   1 
2040	1   2 
2041	2   6   1 
2043	2   2   6 
2045	1   6 
2045	2   1   2 
2046	1   6 
2047	1   1 
2047	1   2 
2047	2   6   7 
2049	2  11   6 
2051	1   6 
2051	2   7  11 
2051	2   1   2 
2053	1  11 
2053	2   7   6 
2055	1   6 
2055	1   7 
2056	2  11   6 
2058	2   7  11 
2060	1  11 
2060	2   6   7 
2061	1  11 
2062	1   6 
2062	1   7 
2062	2  11  14 
2063	1   6 
2064	2   6   1 
2066	1   1 
2066	2   2   6 
2068	1   6 
2068	2   2   1 
2070	1   1 
2070	1   2 
2071	2   6   1 
2073	2   2   6 
2075	1   6 
2075	2   1   2 
2076	1   6 
2077	1   1 
2077	1   2 
2077	1   6 
2078	1   1 
2079	2   1   4 
2081	1   4 
2081	2   9   1 
2083	1   1 
2083	2   9   4 
2085	1   4 
2085	1   9 
2086	2   1   4 
2088	2   9   1 
2090	1   1 
2090	2   4   9 
2091	1   1 
2092	1   4 
2092	1   9 
2092	1   1 
2093	1   4 
2094	2   4   0 
2096	1   0 
2096	2   5   4 
2098	1   4 
2098	2   5   0 
2100	1   0 
2100	1   5 
2101	2   4   0 
2103	2   5   4 
2105	1   4 
2105	2   0   5 
2106	1   4 
2107	1   0 
2107	1   5 
2107	2   4   9 
2109	2   1   4 
2111	1   4 
2111	2   9   1 
2113	1   1 
2113	2   9   4 
2115	1   4 
2115	1   9 
2116	2   1   4 
2118	2   9   1 
2120	1   1 
2120	2   4   9 
2121	1   1 
2122	1   9 
2122	1   4 
2122	2   1   2 
2123	1   9 
2124	2   6   1 
2126	1   1 
2126	2   2   6 
2128	1   6 
2128	2   2   1 
2128	6  10   9 
2130	1   1 
2130	1   2 
2134	2   6   1 
2136	2   2   6 
2138	1   6 
2138	2   1   2 
2139	1   6 
2140	1   2 
2140	1   1 
2140	2   4   5 
2142	2   6   2 
2144	2  10   6 
2144	2   1   0 
2146	1   6 
2146	6   5   0 
2146	6  14  11 
2152	2   2  10 
2154	1  10 
2154	2   2   6 
2154	6  14   9 
2156	1   6 
2156	1   2 
2156	6  11   7 
2162	2  10   6 
2164	2   2  10 
2166	1  10 
2166	2   6   2 
2167	1  10 
2168	1   6 
2168	1   2 
2168	1  10 
2169	1   6 
2169	6   7   2 
2175	2   6   1 
2177	1   1 
2177	2   5   6 
2179	1   6 
2179	2   5   1 
2181	1   1 
2181	1   5 
2182	2   6   1 
2184	2   5   6 
2186	1   6 
2186	2   1   5 
2187	1   6 
2188	1   1 
2188	1   5 
2188	1   6 
2189	1   1 
2189	6   5   2 
2195	2   1   4 
2195	6  11   3 
2197	1   4 
2197	2   0   1 
2199	1   1 
2199	2   0   4 
2201	1   4 
2201	1   0 
2202	2   1   4 
2204	2   0   1 
2206	1   1 
2206	2   4   0 
2207	1   1 
2208	1   4 
2208	1   0 
2208	1   1 
2209	1   4 
2210	2   4   9 
2212	1   9 
2212	2   5   4 
2214	1   4 
2214	2   5   9 
2216	1   9 
2216	1   5 
2217	2   4   9 
2219	2   5   4 
2221	1   4 
2221	2   9   5 
2222	1   4 
2223	1   9 
2223	1   5 
2223	1   4 
2224	1   9 
2225	2   9  11 
2227	1  11 
2227	2  14   9 
2229	1   9 
2229	2  14  11 
2231	1  11 
2231	1  14 
2232	2   9  11 
2234	2  14   9 
2236	1   9 
2236	2  11  14 
2237	1   9 
2238	1  14 
2238	1  11 
2238	2   9   5 
2239	2  11  14 
2241	2   4   9 
2243	1   9 
2243	2   5   4 
2245	1   4 
2245	2   5   9 
2247	1   9 
2247	1   5 
2248	2   4   9 
2250	2   5   4 
2252	1   4 
2252	2   9   5 
2253	1   4 
2254	1   5 
2254	1   9 
2254	2   4   0 
2256	2   1   4 
2258	1   4 
2258	2   0   1 
2260	1   1 
2260	2   0   4 
2262	1   4 
2262	1   0 
2262	2   9   5 
2264	2   1   4 
2266	2   0   1 
2268	1   1 
2268	2   4   0 
2269	1   1 
2270	1   0 
2270	1   4 
2270	2   1   2 
2272	2   6   1 
2274	1   1 
2274	2   2   6 
2274	2   4   0 
2276	1   6 
2276	2   2   1 
2278	1   1 
2278	1   2 
2279	2   6   1 
2281	2   2   6 
2283	1   6 
2283	2   1   2 
2284	1   6 
2285	1   2 
2285	1   1 
2285	2   6   7 
2287	2  10   6 
2289	1   6 
2289	2   7  10 
2289	2   1   2 
2291	1  10 
2291	2   7   6 
2293	1   6 
2293	1   7 
2294	2  10   6 
2296	2   7  10 
2298	1  10 
2298	2   6   7 
2299	1  10 
2300	1   6 
2300	1   7 
2301	1   6 
2302	2   6   1 
2304	1   1 
2304	2   2   6 
2306	1   6 
2306	2   2   1 
2308	1   1 
2308	1   2 
2309	2   6   1 
2311	2   2   6 
2313	1   6 
2313	2   1   2 
2314	1   6 
2315	1   1 
2315	1   2 
2315	1   6 
2316	1   1 
2317	2   1   4 
2319	1   4 
2319	2   0   1 
2321	1   1 
2321	2   0   4 
2323	1   4 
2323	1   0 
2324	2   1   4 
2326	2   0   1 
2328	1   1 
2328	2   4   0 
2329	1   1 
2330	1   4 
2330	1   0 
2330	1   1 
2331	1   4 
2332	2   4   9 
2334	1   9 
2334	2   5   4 
2336	1   4 
2336	2   5   9 
2338	1   9 
2338	1   5 
2339	2   4   9 
2341	2   5   4 
2343	1   4 
2343	2   9   5 
2344	1   4 
2345	1   9 
2345	1   5 
2345	1   4 
2346	1   9 
2347	2   9  11 
2349	1  11 
2349	2  14   9 
2351	1   9 
2351	2  14  11 
2353	1  11 
2353	1  14 
2354	2   9  11 
2356	2  14   9 
2358	1   9 
2358	2  11  14 
2359	1   9 
2360	1  14 
2360	1  11 
2360	2   9   5 
2361	2  11  14 
2363	2   4   9 
2365	1   9 
2365	2   5   4 
2367	1   4 
2367	2   5   9 
2369	1   9 
2369	1   5 
2370	2   4   9 
2372	2   5   4 
2374	1   4 
2374	2   9   5 
2375	1   4 
2376	1   5 
2376	1   9 
2376	2   4   0 
2378	2   1   4 
2380	1   4 
2380	2   0   1 
2382	1   1 
2382	2   0   4 
2384	1   4 
2384	1   0 
2385	2   1   4 
2387	2   0   1 
2389	1   1 
2389	2   4   0 
2390	1   1 
2391	1   0 
2391	1   4 
2391	2   1   2 
2393	2   6   1 
2395	1   1 
2395	2   2   6 
2397	1   6 
2397	2   2   1 
2399	1   1 
2399	1   2 
2399	2   4   5 
2401	2   6   1 
2403	2   2   6 
2405	1   6 
2405	2   1   2 
2406	1   6 
2407	1   2 
2407	1   1 
2407	2   6   7 
2408	1   2 
2408	2   1   0 
2410	2   2   6 
2410	6   4   0 
2412	1   6 
2412	2   7   2 
2414	1   2 
2414	2   7   6 
2416	1   6 
2416	1   7 
2416	6   5   0 
2416	6  11  10 
2422	2   2   6 
2422	6  14   9 
2424	2   7   2 
2426	1   2 
2426	2   6   7 
2427	1   2 
2428	1   6 
2428	1   7 
2428	1   2 
2429	1   6 
2429	6   7   2 
2435	2   6   1 
2437	1   1 
2437	2   4   6 
2439	1   6 
2439	2   4   1 
2441	1   1 
2441	1   4 
2442	2   6   1 
2444	2   4   6 
2446	1   6 
2446	2   1   4 
2447	1   6 
2448	1   1 
2448	1   4 
2448	1   6 
2449	1   1 
2450	2   1   5 
2452	1   5 
2452	2   0   1 
2454	1   1 
2454	2   0   5 
2456	1   5 
2456	1   0 
2457	2   1   5 
2459	2   0   1 
2461	1   1 
2461	2   5   0 
2462	1   1 
2463	1   5 
2463	1   0 
2463	1   1 
2464	1   5 
2465	2   5  10 
2467	1  10 
2467	2   9   5 
2469	1   5 
2469	2   9  10 
2471	1  10 
2471	1   9 
2472	2   5  10 
2474	2   9   5 
2476	1   5 
2476	2  10   9 
2477	1   5 
2478	1   9 
2478	1  10 
2478	2   5   0 
2480	2   1   5 
2482	1   5 
2482	2   0   1 
2482	2  10   9 
2484	1   1 
2484	2   0   5 
2486	1   5 
2486	1   0 
2487	2   1   5 
2489	2   0   1 
2491	1   1 
2491	2   5   0 
2492	1   1 
2493	1   0 
2493	1   5 
2493	2   1   4 
2495	2   6   1 
2497	1   1 
2497	2   4   6 
2499	1   6 
2499	2   4   1 
2501	1   1 
2501	1   4 
2501	2   5   0 
2503	2   6   1 
2505	2   4   6 
2507	1   6 
2507	2   1   4 
2508	1   6 
2509	1   4 
2509	1   1 
2509	2   6   2 
2511	2   7   6 
2511	2   1   4 
2513	1   6 
2513	2   2   7 
2515	1   7 
2515	2   2   6 
2517	1   6 
2517	1   2 
2518	2   7   6 
2520	2   2   7 
2522	1   7 
2522	2   6   2 
2523	1   7 
2524	1   6 
2524	1   2 
2524	2  11   7 
2525	1   6 
2526	2   6   1 
2528	1   1 
2528	2   4   6 
2530	1   6 
2530	2   4   1 
2532	1   1 
2532	1   4 
2533	2   6   1 
2535	2   4   6 
2537	1   6 
2537	2   1   4 
2538	1   6 
2539	1   1 
2539	1   4 
2539	1   6 
2540	1   1 
2541	2   1   5 
2543	1   5 
2543	2   0   1 
2545	1   1 
2545	2   0   5 
2547	1   5 
2547	1   0 
2548	2   1   5 
2550	2   0   1 
2552	1   1 
2552	2   5   0 
2553	1   1 
2554	1   5 
2554	1   0 
2554	1   1 
2555	1   5 
2556	2   5  10 
2558	1  10 
2558	2   9   5 
2560	1   5 
2560	2   9  10 
2562	1  10 
2562	1   9 
2563	2   5  10 
2565	2   9   5 
2567	1   5 
2567	2  10   9 
2568	1   5 
2569	1   9 
2569	1  10 
2569	2   5   0 
2571	2   1   5 
2573	1   5 
2573	2   0   1 
2573	2  10   9 
2575	1   1 
2575	2   0   5 
2577	1   5 
2577	1   0 
2578	2   1   5 
2580	2   0   1 
2582	1   1 
2582	2   5   0 
2583	1   1 
2584	1   0 
2584	1   5 
2584	2   1   4 
2586	2   6   1 
2588	1   1 
2588	2   4   6 
2590	1   6 
2590	2   4   1 
2592	1   1 
2592	1   4 
2592	6   5   2 
2598	2   6   1 
2600	2   4   6 
2602	1   6 
2602	2   1   4 
2603	1   6 
2604	1   4 
2604	1   1 
2604	2   6   5 
2605	1   4 
2606	2   4   6 
2608	1   6 
2608	2   5   4 
2610	1   4 
2610	2   5   6 
2612	1   6 
2612	1   5 
2612	2   1   0 
2614	2   4   6 
2616	2   5   4 
2618	1   4 
2618	2   6   5 
2619	1   4 
2620	1   6 
2620	1   5 
2620	1   4 
2621	1   6 
2621	6   5   0 
2627	2   6   1 
2629	1   1 
2629	2   5   6 
2631	1   6 
2631	2   5   1 
2633	1   1 
2633	1   5 
2634	2   6   1 
2636	2   5   6 
2638	1   6 
2638	2   1   5 
2639	1   6 
2640	1   1 
2640	1   5 
2640	1   6 
2641	1   1 
2641	6  10   5 
2647	2   1   5 
2649	1   5 
2649	6   6   1 
2655	2   9   6 
2657	1   6 
2657	2   9   5 
2659	1   5 
2659	1   9 
2660	2   6   5 
2662	2   9   6 
2664	1   6 
2664	2   5   9 
2665	1   6 
2666	1   9 
2666	1   5 
2666	2   6  10 
2668	2   1   6 
2670	1   6 
2670	2   5   9 
2672	6   6   1 
2678	2  10   6 
2680	1   6 
2680	6   9   1 
2686	2  10   9 
2686	6   2   0 
2688	1   9 
2688	1  10 
2692	2   6   9 
2694	2  10   6 
2694	6   4   1 
2696	1   6 
2696	2   9  10 
2697	1   6 
2698	1  10 
2698	1   9 
2699	2   9  10 
2701	2   6   2 
2703	2   1   6 
2705	1   6 
2705	2   2   1 
2707	1   1 
2707	2   2   6 
2709	1   6 
2709	1   2 
2710	2   1   6 
2712	2   2   1 
2714	1   1 
2714	2   6   2 
2715	1   1 
2716	1   6 
2716	1   2 
2717	1   6 
2718	2   6   9 
2720	1   9 
2720	2  10   6 
2722	1   6 
2722	2  10   9 
2724	1   9 
2724	1  10 
2725	2   6   9 
2727	2  10   6 
2729	1   6 
2729	2   9  10 
2730	1   6 
2731	1   9 
2731	1  10 
2731	1   6 
2732	1   9 
2733	2   9   5 
2735	1   5 
2735	2   4   9 
2737	1   9 
2737	2   4   5 
2739	1   5 
2739	1   4 
2740	2   9   5 
2742	2   4   9 
2744	1   9 
2744	2   5   4 
2745	1   9 
2746	1   4 
2746	1   5 
2746	2   9  10 
2748	2   6   9 
2750	1   9 
2750	2  10   6 
2752	1   6 
2752	2  10   9 
2754	1   9 
2754	1  10 
2754	2   5   4 
2756	2   6   9 
2758	2  10   6 
2760	1   6 
2760	2   9  10 
2761	1   6 
2762	1  10 
2762	1   9 
2762	2   6   2 
2763	1  10 
2764	2  10   6 
2766	1   6 
2767	2   2  10 
2769	1  10 
2769	2   2   6 
2771	1   6 
2771	1   2 
2772	2  10   6 
2774	2   2  10 
2776	1  10 
2776	2   6   2 
2777	1  10 
2778	1   6 
2778	1   2 
2778	1  10 
2779	1   6 
2780	2   6   5 
2782	1   5 
2783	2   4   6 
2785	1   6 
2785	2   4   5 
2787	1   5 
2787	1   4 
2788	2   6   5 
2790	2   4   6 
2792	1   6 
2792	2   5   4 
2793	1   6 
2794	1   4 
2794	1   5 
2794	2   6   2 
2796	2  10   6 
2798	1   6 
2798	2   5   4 
2800	2   2  10 
2802	1  10 
2802	2   2   6 
2804	1   6 
2804	1   2 
2805	2  10   6 
2807	2   2  10 
2809	1  10 
2809	2   6   2 
2810	1  10 
2811	1   6 
2811	1   2 
2811	2   9  10 
2812	1   6 
2812	6   2   1 
2818	2   6   5 
2820	1   5 
2820	6   8   0 
2820	6   7   3 
2826	2   4   6 
2828	1   6 
2828	2   4   5 
2830	1   5 
2830	1   4 
2831	2   6   5 
2833	2   4   6 
2835	1   6 
2835	2   5   4 
2836	1   6 
2837	1   4 
2837	1   5 
2837	2   6   2 
2838	1   5 
2839	2   1   4 
2841	2   5   1 
2843	1   1 
2843	2   4   5 
2845	1   5 
2845	2   4   1 
2847	1   1 
2847	1   4 
2848	2   5   1 
2850	2   4   5 
2852	1   5 
2852	2   1   4 
2853	1   5 
2854	2   1   4 
2856	1   1 
2856	1   4 
2856	2   8   5 
2857	1   1 
2858	2   1   6 
2860	1   6 
2860	2   2   1 
2862	1   1 
2862	2   2   6 
2864	1   6 
2864	1   2 
2865	2   1   6 
2867	2   2   1 
2869	1   1 
2869	2   6   2 
2870	1   1 
2871	1   6 
2871	1   2 
2871	1   1 
2872	1   6 
2872	6   4   1 
2871	6   7   3 
2878	2   6   9 
2880	1   9 
2880	2  10   6 
2882	1   6 
2882	2  10   9 
2882	2   1   3 
2884	1   9 
2884	1  10 
2884	6   4   1 
2884	6   7   3 
2890	2   6   9 
2892	2  10   6 
2894	1   6 
2894	2   9  10 
2895	1   6 
2894	6   7   2 
2896	1   9 
2896	1  10 
2896	1   6 
2897	1   9 
2898	2   9   8 
2900	1   8 
2900	2   5   9 
2902	1   9 
2902	2   5   8 
2904	1   8 
2904	1   5 
2904	6   2   0 
2905	2   9   8 
2910	2   5   9 
2910	6   7   2 
2912	1   9 
2913	1   9 
2914	1   9 
2912	6  14  12 
2918	2   8   5 
2920	1   8 
2920	1   5 
2921	1   8 
2922	2   8   4 
2924	1   4 
2925	2   0   8 
2927	1   8 
2927	2   0   4 
2929	1   4 
2929	1   0 
2930	2   8   4 
2932	2   0   8 
2934	1   8 
2934	2   4   0 
2935	1   8 
2936	1   0 
2936	1   4 
2936	2   8   5 
2938	2   9   8 
2940	1   8 
2940	2   5   9 
2942	1   9 
2942	2   5   8 
2944	1   8 
2944	1   5 
2944	2   4   0 
2946	2   9   8 
2948	2   5   9 
2950	1   9 
2950	2   8   5 
2951	1   9 
2952	1   5 
2952	1   8 
2952	2   9  10 
2954	2   6   9 
2956	1   9 
2956	2  10   6 
2958	1   6 
2958	2  10   9 
2960	1   9 
2960	1  10 
2960	2   8   5 
2962	2   6   9 
2964	2  10   6 
2966	1   6 
2966	2   9  10 
2967	1   6 
2968	1  10 
2968	1   9 
2968	2   6   2 
2970	2   1   6 
2972	1   6 
2972	2   2   1 
2972	2   9  10 
2974	1   1 
2974	2   2   6 
2976	1   6 
2976	1   2 
2977	2   1   6 
2979	2   2   1 
2981	1   1 
2981	2   6   2 
2982	1   1 
2983	1   6 
2983	1   2 
2984	1   6 
2984	2   2   1 
2986	2   6   9 
2988	1   9 
2988	2  10   6 
2990	1   6 
2990	2  10   9 
2990	6   2   1 
2992	1   9 
2992	1  10 
2996	2   6   9 
2998	2  10   6 
3000	1   6 
3000	2   9  10 
3001	1   6 
3002	1   9 
3002	1  10 
3002	1   6 
3003	1   9 
3004	2   9   8 
3006	1   8 
3006	2   5   9 
3008	1   9 
3008	2   5   8 
3010	1   8 
3010	1   5 
3011	2   9   8 
3013	2   5   9 
3015	1   9 
3015	2   8   5 
3016	1   9 
3017	1   8 
3017	1   5 
3017	1   9 
3018	1   8 
3019	2   8   4 
3021	1   4 
3022	2   0   8 
3024	1   8 
3024	2   0   4 
3026	1   4 
3026	1   0 
3027	2   8   4 
3029	2   0   8 
3031	1   8 
3031	2   4   0 
3032	1   8 
3033	1   4 
3033	1   0 
3033	2   8   5 
3035	2   9   8 
3037	1   8 
3037	2   5   9 
3039	1   9 
3039	2   5   8 
3041	1   8 
3041	1   5 
3042	2   9   8 
3044	2   5   9 
3046	1   9 
3046	2   8   5 
3047	1   9 
3048	1   5 
3048	1   8 
3048	2   9  10 
3050	2   6   9 
3052	1   9 
3052	2  10   6 
3052	2   4  12 
3054	1   6 
3054	2  10   9 
3056	1   9 
3056	1  10 
3056	2   5   8 
3058	2   6   9 
3060	2  10   6 
3062	1   6 
3062	2   9  10 
3063	1   6 
3064	1   9 
3064	1  10 
3064	6   5   2 
3065	1   9 
3070	2   9   1 
3072	1   1 
3072	2   5   9 
3074	1   9 
3074	2   5   1 
3076	1   1 
3076	1   5 
3076	2  10   6 
3078	2   9   1 
3080	2   5   9 
3082	1   9 
3082	2   1   5 
3083	1   9 
3084	1   1 
3084	1   5 
3084	1   9 
3084	6  10   6 
3085	1   1 
3090	2   1   6 
3092	1   6 
3092	6   9   1 
3098	2  10   9 
3100	1   9 
3100	2  10   6 
3100	6   8   4 
3102	1   6 
3102	1  10 
3106	2   9   6 
3108	2  10   9 
3108	6   4   1 
3110	1   9 
3110	2   6  10 
3111	1   9 
3112	1   6 
3112	1  10 
3112	1   9 
3113	1   6 
3114	2   6   2 
3114	6   8   0 
3116	1   2 
3120	2   1   6 
3120	6  12   8 
3122	1   6 
3122	2   1   2 
3124	1   2 
3124	1   1 
3125	2   6   2 
3126	6   8   4 
3127	2   1   6 
3129	1   6 
3129	2   2   1 
3130	1   6 
3131	1   2 
3131	1   1 
3131	1   6 
3132	1   2 
3132	6   4   1 
3129	6  11  10 
3135	6  10   6 
3141	2   2   0 
3143	1   0 
3143	2   1   2 
3145	1   2 
3145	2   1   0 
3147	1   0 
3147	1   1 
3147	6   6   5 
3153	2   2   0 
3155	2   1   2 
3157	1   2 
3157	2   0   1 
3158	1   2 
3157	6   6   3 
3159	1   0 
3159	1   1 
3159	1   2 
3160	1   0 
3161	6   1   0 
3167	2   1   5 
3169	1   5 
3169	2   6   1 
3171	1   1 
3171	2   6   5 
3173	1   5 
3173	1   6 
3174	2   1   5 
3176	2   6   1 
3178	1   1 
3178	2   5   6 
3179	1   1 
3180	1   6 
3180	1   5 
3180	2   1   0 
3182	2   2   1 
3184	1   1 
3184	2   5   6 
3186	2   0   2 
3188	1   2 
3188	2   0   1 
3190	1   1 
3190	1   0 
3190	6   5   2 
3196	2   5   1 
3198	2   0   5 
3200	1   5 
3200	2   1   0 
3201	1   5 
3200	6  10   8 
3202	1   1 
3202	1   0 
3203	2   1   0 
3206	2   5   4 
3206	6  11  10 
3208	2   8   5 
3210	1   5 
3210	2   4   8 
3205	6   3   2 
3211	6   2   1 
3212	1   8 
3217	2   4   5 
3219	1   5 
3219	1   4 
3219	6   6   1 
3212	6  13  12 
3218	6  14  13 
3225	2   8   5 
3227	2   4   8 
3227	6  14   6 
3229	1   8 
3230	1   8 
3233	2   8  10 
3235	2   9   8 
3237	1   8 
3237	2  10   9 
3239	1   9 
3239	2   5   4 
3241	1   5 
3241	1   4 
3242	2  10   8 
3244	1   8 
3244	1  10 
3244	2   5   4 
3246	2   9   8 
3248	2  10   9 
3250	1   9 
3251	1   9 
3252	2   9  14 
3254	2  11   9 
3256	1   9 
3256	2  14  11 
3258	1  11 
3258	2  14   9 
3260	1   9 
3260	1  14 
3261	2  11   9 
3263	2  14  11 
3265	1  11 
3265	2   9  14 
3266	1  11 
3267	1   9 
3267	1  14 
3268	1   9 
3268	1  14 
3269	2   8  10 
3271	1   8 
3271	1  10 
3272	2   8  10 
3274	2   9   8 
3276	1   8 
3276	2  10   9 
3278	1   9 
3279	2  10   8 
3281	1   8 
3281	1  10 
3282	2   9   8 
3284	2  10   9 
3286	1   9 
3287	1   9 
3288	1   9 
3289	2   8  10 
3291	1   8 
3291	1  10 
3292	1   8 
3293	2   8   5 
3295	1   5 
3295	2   4   8 
3297	1   8 
3297	2   4   5 
3299	1   5 
3299	1   4 
3300	2   8   5 
3302	2   4   8 
3304	1   8 
3304	2   5   4 
3305	1   8 
3306	1   5 
3306	1   4 
3306	1   8 
3307	1   5 
3308	2   5   2 
3310	1   2 
3310	2   0   5 
3312	1   5 
3312	2   0   2 
3314	1   2 
3314	1   0 
3315	2   5   2 
3317	2   0   5 
3319	1   5 
3319	2   2   0 
3320	1   5 
3321	1   2 
3321	1   0 
3321	1   5 
3322	1   2 
3323	2   2   3 
3325	1   3 
3325	2   1   2 
3327	1   2 
3328	2   1   3 
3330	1   3 
3330	1   1 
3331	2   2   3 
3333	2   1   2 
3335	1   2 
3336	1   2 
3337	2   2   0 
3339	2   5   2 
3341	1   2 
3341	2   0   5 
3343	1   5 
3343	2   0   2 
3345	1   2 
3345	1   0 
3346	2   5   2 
3348	2   0   5 
3350	1   5 
3350	2   2   0 
3351	1   5 
3352	1   2 
3352	1   0 
3352	2   5   4 
3354	2   8   5 
3356	1   5 
3356	2   4   8 
3356	2   2   6 
3358	1   8 
3358	2   4   5 
3360	1   5 
3360	1   4 
3360	6  11   6 
3366	2   8   5 
3368	2   4   8 
3370	1   8 
3370	2   5   4 
3371	1   8 
3372	1   5 
3372	1   4 
3373	2   8  10 
3373	2   3   1 
3375	1   1 
3375	1   3 
3375	2   9   8 
3376	2   3   1 
3377	1   8 
3377	2  10   9 
3379	1   9 
3379	2   4   5 
3381	2  10   8 
3383	1   8 
3383	1  10 
3383	6   6   5 
3389	2   9   8 
3389	6   2   0 
3391	2  10   9 
3393	1   9 
3394	1   9 
3395	2   8  10 
3397	1  10 
3397	1   8 
3397	6   4   1 
3398	2  10   9 
3400	2  14  10 
3402	1  10 
3402	6  11   7 
3403	2   9  14 
3405	1  14 
3405	2   5   8 
3408	2   9  10 
3408	6   7   2 
3410	1  10 
3410	1   9 
3411	2  14  10 
3413	2   9  14 
3414	6   2   0 
3415	1  14 
3415	2  10   9 
3416	1  14 
3417	1  10 
3417	1   9 
3417	1  14 
3418	1  10 
3420	2  10   5 
3422	1   5 
3422	2   8  10 
3424	1  10 
3424	2   8   5 
3426	1   5 
3426	1   8 
3427	2  10   5 
3429	2   8  10 
3431	1  10 
3431	2   5   8 
3432	1  10 
3433	1   5 
3433	1   8 
3433	1  10 
3434	1   5 
3435	2   5   1 
3437	1   1 
3437	2   6   5 
3439	1   5 
3439	2   6   1 
3441	1   1 
3441	1   6 
3442	2   5   1 
3444	2   6   5 
3446	1   5 
3446	2   1   6 
3447	1   5 
3448	1   1 
3448	1   6 
3448	1   5 
3449	1   1 
3450	2   1   2 
3452	1   2 
3452	2   0   1 
3454	1   1 
3455	2   0   2 
3457	1   2 
3457	1   0 
3458	2   1   2 
3460	2   0   1 
3462	1   1 
3463	1   1 
3464	2   1   6 
3466	2   5   1 
3468	1   1 
3468	2   6   5 
3470	1   5 
3470	2   6   1 
3472	1   1 
3472	1   6 
3473	2   5   1 
3475	2   6   5 
3477	1   5 
3477	2   1   6 
3478	1   5 
3479	1   6 
3479	1   1 
3479	2   5   8 
3481	2  10   5 
3483	1   5 
3483	2   8  10 
3485	1  10 
3485	2   8   5 
3487	1   5 
3487	1   8 
3487	2   1   6 
3489	2  10   5 
3491	2   8  10 
3493	1  10 
3493	2   5   8 
3494	1  10 
3495	1   8 
3495	1   5 
3495	2  10   9 
3495	2   2   0 
3497	1   0 
3497	1   2 
3497	2  14  10 
3497	2   5   8 
3499	1  10 
3499	2   9  14 
3499	2   2   0 
3501	1  14 
3501	2   9  10 
3503	1  10 
3503	1   9 
3504	2  14  10 
3506	2   9  14 
3508	1  14 
3508	2  10   9 
3509	1  14 
3510	1  10 
3510	1   9 
3510	6  14  13 
3511	1  10 
3512	6   6   4 
3518	2  10   5 
3520	1   5 
3520	2   8  10 
3522	1  10 
3522	2   8   5 
3524	1   5 
3524	1   8 
3524	2   9  13 
3526	2  10   5 
3528	2   8  10 
3530	1  10 
3530	2   5   8 
3531	1  10 
3532	1   5 
3532	1   8 
3532	1  10 
3533	1   5 
3534	2   5   1 
3536	1   1 
3536	2   4   5 
3538	1   5 
3538	2   4   1 
3540	1   1 
3540	1   4 
3541	2   5   1 
3543	2   4   5 
3545	1   5 
3545	2   1   4 
3546	1   5 
3547	1   1 
3547	1   4 
3547	1   5 
3548	1   1 
3549	2   1   2 
3551	1   2 
3551	2   0   1 
3553	1   1 
3554	2   0   2 
3556	1   2 
3556	1   0 
3557	2   1   2 
3559	2   0   1 
3561	1   1 
3562	1   1 
3563	2   1   4 
3565	2   5   1 
3567	1   1 
3567	2   4   5 
3569	1   5 
3569	2   4   1 
3571	1   1 
3571	1   4 
3572	2   5   1 
3574	2   4   5 
3576	1   5 
3576	2   1   4 
3577	1   5 
3578	1   4 
3578	1   1 
3578	2   5   8 
3580	2  10   5 
3582	1   5 
3582	2   8  10 
3582	6   1   0 
3584	1  10 
3588	2   8   5 
3590	1   5 
3590	1   8 
3590	2   4   0 
3592	2  10   5 
3594	2   8  10 
3594	2   2   1 
3596	1  10 
3596	1   2 
3596	1   1 
3596	2   5   8 
3597	1  10 
3598	1   5 
3598	1   8 
3598	2   2   7 
3599	1   5 
3600	2   5   9 
3602	1   9 
3602	6   2   1 
3603	2   8  10 
3608	2  13   5 
3610	1   5 
3610	2  13   9 
3610	6   7   6 
3612	1   9 
3612	1  13 
3616	2   5   9 
3616	6   7   2 
3622	2  13   5 
3624	1   5 
3624	2   9  13 
3625	1   5 
3626	1   9 
3626	1  13 
3626	1   5 
3627	1   9 
3628	2   9   8 
3630	1   8 
3630	2  10   9 
3632	1   9 
3633	2  10   8 
3635	1   8 
3635	1  10 
3636	2   9   8 
3638	2  10   9 
3640	1   9 
3641	1   9 
3642	1   9 
3643	2   8  10 
3645	1   8 
3645	1  10 
3646	1   8 
3647	2   8   4 
3649	1   4 
3650	2   0   8 
3652	1   8 
3652	2   0   4 
3654	1   4 
3654	1   0 
3655	2   8   4 
3657	2   0   8 
3659	1   8 
3659	2   4   0 
3660	1   8 
3661	1   4 
3661	1   0 
3661	1   8 
3662	1   4 
3663	2   4   1 
3665	1   1 
3665	2   6   4 
3667	1   4 
3667	2   6   1 
3669	1   1 
3669	1   6 
3670	2   4   1 
3672	2   6   4 
3674	1   4 
3674	2   1   6 
3675	1   4 
3676	1   1 
3676	1   6 
3676	1   4 
3677	1   1 
3678	2   1   3 
3680	1   3 
3680	2   2   1 
3682	1   1 
3682	2   2   3 
3684	1   3 
3684	1   2 
3685	2   1   3 
3687	2   2   1 
3689	1   1 
3689	2   3   2 
3690	1   1 
3691	1   2 
3691	1   3 
3691	2   1   6 
3693	2   4   1 
3695	1   1 
3695	2   6   4 
3697	1   4 
3697	2   6   1 
3699	1   1 
3699	1   6 
3699	2   3   2 
3701	2   4   1 
3703	2   6   4 
3705	1   4 
3705	2   1   6 
3706	1   4 
3707	1   1 
3707	1   6 
3707	2   4   0 
3709	2   8   4 
3709	2   1   6 
3711	1   4 
3712	2   0   8 
3714	1   8 
3714	2   0   4 
3716	1   4 
3716	1   0 
3717	2   8   4 
3719	2   0   8 
3721	1   8 
3721	2   4   0 
3722	1   8 
3723	1   4 
3723	1   0 
3724	2   8  10 
3726	2   9   8 
3728	1   8 
3728	2  10   9 
3728	2   4   0 
3730	1   9 
3731	2  10   8 
3733	1   8 
3733	1  10 
3734	2   9   8 
3736	2  10   9 
3738	1   9 
3739	1   9 
3740	2   9  13 
3742	2   5   9 
3744	1   9 
3745	2  13   5 
3747	1   5 
3747	2  13   9 
3749	1   9 
3749	1  13 
3750	2   5   9 
3752	2  13   5 
3754	1   5 
3754	2   8  10 
3755	1   5 
3756	1   8 
3756	1  10 
3756	1   5 
3756	2   9  13 
3758	1   9 
3758	1  13 
3759	1   9 
3760	2   8  10 
3762	2   9   8 
3764	1   8 
3764	2  10   9 
3766	1   9 
3767	2  10   8 
3769	1   8 
3769	1  10 
3770	2   9   8 
3772	2  10   9 
3774	1   9 
3775	1   9 
3776	1   9 
3777	2   8  10 
3779	1   8 
3779	1  10 
3780	1   8 
3781	2   8   4 
3783	1   4 
3784	2   0   8 
3786	1   8 
3786	2   0   4 
3788	1   4 
3788	1   0 
3789	2   8   4 
3791	2   0   8 
3793	1   8 
3793	2   4   0 
3794	1   8 
3795	1   4 
3795	1   0 
3795	1   8 
3796	1   4 
3797	2   4   1 
3799	1   1 
3799	2   6   4 
3801	1   4 
3801	2   6   1 
3803	1   1 
3803	1   6 
3804	2   4   1 
3806	2   6   4 
3808	1   4 
3808	2   1   6 
3809	1   4 
3810	1   1 
3810	1   6 
3810	1   4 
3811	1   1 
3812	2   1   3 
3814	1   3 
3814	2   2   1 
3816	1   1 
3816	2   2   3 
3818	1   3 
3818	1   2 
3819	2   1   3 
3821	2   2   1 
3823	1   1 
3823	2   3   2 
3824	1   1 
3825	1   3 
3825	1   2 
3825	2   1   6 
3827	2   4   1 
3827	6   7   3 
3829	1   1 
3833	2   6   4 
3835	1   4 
3835	2   6   1 
3837	1   1 
3837	1   6 
3838	2   4   1 
3840	2   6   4 
3842	1   4 
3842	2   1   6 
3843	1   4 
3844	1   1 
3844	1   6 
3844	2   4   0 
3845	6   6   2 
3846	2   8   4 
3848	1   4 
3849	2   0   8 
3851	1   8 
3851	2   0   4 
3853	1   4 
3853	1   0 
3854	2   8   4 
3856	2   0   8 
3858	1   8 
3858	2   4   0 
3859	1   8 
3860	1   4 
3860	1   0 
3861	1   0 
3861	2   8  10 
3862	2   1   3 
3863	2   9   8 
3865	1   8 
3865	2  10   9 
3867	1   9 
3867	6   6   4 
3873	2  10   8 
3875	1   8 
3875	1  10 
3875	6  13   5 
3881	2   9   8 
3881	6   2   1 
3883	2  10   9 
3885	1   9 
3886	1   9 
3887	2   8  10 
3889	1   8 
3889	1  10 
3889	2   4   9 
3889	6   7   3 
3891	2   5   8 
3893	2  13   5 
3895	1   5 
3895	2   8  13 
3895	2  10   6 
3897	1  13 
3897	2   8   5 
3899	1   5 
3899	1   8 
3899	6   4   0 
3899	6  13   9 
3905	2   9   5 
3907	2   8   9 
3909	1   9 
3909	2   5   8 
3910	1   9 
3911	1   5 
3911	1   8 
3911	1   9 
3912	1   5 
3913	2   5  10 
3915	1  10 
3915	2   6   5 
3917	1   5 
3917	2   6  10 
3919	1  10 
3919	1   6 
3920	2   5  10 
3922	2   6   5 
3924	1   5 
3924	2  10   6 
3925	1   5 
3926	1  10 
3926	1   6 
3926	1   5 
3927	1  10 
3928	2  10   2 
3930	1   2 
3930	2   7  10 
3932	1  10 
3932	2   7   2 
3934	1   2 
3934	1   7 
3935	2  10   2 
3937	2   7  10 
3939	1  10 
3939	2   2   7 
3940	1  10 
3941	1   7 
3941	1   2 
3941	2  10   6 
3943	2   5  10 
3945	1  10 
3945	2   6   5 
3947	1   5 
3947	2   6  10 
3949	1  10 
3949	1   6 
3949	2   2   7 
3951	2   5  10 
3953	2   6   5 
3955	1   5 
3955	2  10   6 
3956	1   5 
3957	1   6 
3957	1  10 
3957	2   5   8 
3959	2   9   5 
3961	1   5 
3961	2   8   9 
3963	1   9 
3963	2   8   5 
3965	1   5 
3965	1   8 
3965	2  10   6 
3967	2   9   5 
3969	2   8   9 
3971	1   9 
3971	2   5   8 
3972	1   9 
3973	1   5 
3973	1   8 
3974	1   5 
3975	2   5  10 
3977	1  10 
3977	2   6   5 
3979	1   5 
3979	2   6  10 
3981	1  10 
3981	1   6 
3982	2   5  10 
3984	2   6   5 
3986	1   5 
3986	2  10   6 
3987	1   5 
3988	1  10 
3988	1   6 
3988	1   5 
3989	1  10 
3990	2  10   2 
3992	1   2 
3992	2   7  10 
3994	1  10 
3994	2   7   2 
3996	1   2 
3996	1   7 
3997	2  10   2 
3999	2   7  10 
4001	1  10 
4001	2   2   7 
4002	1  10 
4003	1   2 
4003	1   7 
4003	2  10   6 
4005	2   5  10 
4005	2   2   3 
4007	1  10 
4007	2   6   5 
4009	1   5 
4009	2   6  10 
4011	1  10 
4011	1   6 
4012	2   5  10 
4014	2   6   5 
4016	1   5 
4016	2  10   6 
4017	1   5 
4018	1  10 
4018	1   6 
4018	2   5   9 
4020	2   4   5 
4022	1   5 
4022	2   9   4 
4024	1   4 
4024	2   9   5 
4026	1   5 
4026	1   9 
4026	2   6   1 
4028	2   4   5 
4030	2   9   4 
4032	1   4 
4032	2   5   9 
4033	1   4 
4034	1   5 
4034	1   9 
4034	1   4 
4035	1   5 
4035	2   8  10 
4037	2   5   8 
4039	1   8 
4039	2  10   5 
4041	1   5 
4041	2  10   8 
4043	1   8 
4043	1  10 
4043	6   9   6 
4041	6   1   0 
4047	6   4   0 
4049	6   6   2 
4055	2   5   8 
4055	6  11   3 
4057	6  13   5 
4063	2  10  13 
4065	1  13 
4065	2   8  10 
4066	1  13 
4067	1   8 
4067	1  10 
4067	1  13 
4067	6   5   2 
4068	1   8 
4073	2   8   9 
4075	1   9 
4075	2   4   8 
4077	1   8 
4077	2   4   9 
4079	1   9 
4079	1   4 
4080	2   8   9 
4082	2   4   8 
4084	1   8 
4084	2   9   4 
4085	1   8 
4086	1   9 
4086	1   4 
4086	1   8 
4087	1   9 
4088	2   9   6 
4090	1   6 
4090	2  11   9 
4092	1   9 
4092	2  11   6 
4094	1   6 
4094	1  11 
4095	2   9   6 
4097	2  11   9 
4099	1   9 
4099	2   6  11 
4100	1   9 
4101	1   6 
4101	1  11 
4101	1   9 
4102	1   6 
4103	2   6   1 
4105	1   1 
4105	2   2   6 
4107	1   6 
4107	2   2   1 
4109	1   1 
4109	1   2 
4110	2   6   1 
4112	2   2   6 
4114	1   6 
4114	2   1   2 
4115	1   6 
4116	1   2 
4116	1   1 
4116	2   6  11 
4118	2   9   6 
4120	1   6 
4120	2  11   9 
4120	2   1   2 
4122	1   9 
4122	2  11   6 
4122	6   1   0 
4124	1   6 
4124	1  11 
4125	2   9   6 
4127	2  11   9 
4129	1   9 
4129	2   6  11 
4130	1   9 
4131	1   6 
4131	1  11 
4131	2   9   4 
4133	2   8   9 
4133	2   6  11 
4135	1   9 
4135	2   4   8 
4135	6   6   1 
4137	1   8 
4141	2   4   9 
4143	1   9 
4143	1   4 
4143	6  14   6 
4149	2   8   9 
4151	2   4   8 
4153	1   8 
4153	2   9   4 
4154	1   8 
4155	1   9 
4155	1   4 
4156	2   8  10 
4158	2  13   8 
4160	1   8 
4160	2  10  13 
4162	1  13 
4162	2  10   8 
4164	1   8 
4164	1  10 
4164	2   9   4 
4166	2  13   8 
4168	2  10  13 
4170	1  13 
4170	2   8  10 
4171	1  13 
4172	1   8 
4172	1  10 
4172	2  13   5 
4174	2  14  13 
4176	1  13 
4176	2   8  10 
4178	6  10   5 
4184	2  10  14 
4186	1  14 
4186	2  10  13 
4188	1  13 
4188	1  10 
4188	6   6   1 
4189	2  14  13 
4194	2  10  14 
4194	6   2   0 
4196	1  14 
4196	2  13  10 
4197	1  14 
4198	1  13 
4198	1  10 
4198	1  14 
4199	1  13 
4199	1  10 
4200	2  13   8 
4200	6   1   0 
4202	1   8 
4206	2   5  13 
4208	1  13 
4208	2   5   8 
4210	1   8 
4210	1   5 
4211	2  13   8 
4213	2   5  13 
4215	1  13 
4215	2   8   5 
4216	1  13 
4217	1   8 
4217	1   5 
4217	1  13 
4218	1   8 
4219	2   8   9 
4221	1   9 
4221	2   4   8 
4223	1   8 
4223	2   4   9 
4225	1   9 
4225	1   4 
4226	2   8   9 
4228	2   4   8 
4230	1   8 
4230	2   9   4 
4231	1   8 
4232	1   9 
4232	1   4 
4232	1   8 
4233	1   9 
4234	2   9   6 
4236	1   6 
4236	2  11   9 
4238	1   9 
4238	2  11   6 
4240	1   6 
4240	1  11 
4241	2   9   6 
4243	2  11   9 
4245	1   9 
4245	2   6  11 
4246	1   9 
4247	1   6 
4247	1  11 
4247	1   9 
4248	1   6 
4249	2   6   2 
4251	1   2 
4251	2   1   6 
4253	1   6 
4253	2   1   2 
4255	1   2 
4255	1   1 
4256	2   6   2 
4258	2   1   6 
4260	1   6 
4260	2   2   1 
4261	1   6 
4262	1   1 
4262	1   2 
4262	2   6  11 
4264	2   9   6 
4266	1   6 
4266	2  11   9 
4266	2   2   1 
4268	1   9 
4268	2  11   6 
4270	1   6 
4270	1  11 
4271	2   9   6 
4273	2  11   9 
4275	1   9 
4275	2   6  11 
4276	1   9 
4277	1   6 
4277	1  11 
4277	2   9   4 
4278	2   6   7 
4279	2   8   9 
4281	1   9 
4281	2   4   8 
4283	1   8 
4283	2   4   9 
4285	1   9 
4285	1   4 
4286	2   8   9 
4288	2   4   8 
4290	1   8 
4290	2   9   4 
4291	1   8 
4292	1   9 
4292	1   4 
4292	2   8   5 
4294	2  13   8 
4296	1   8 
4296	2   5  13 
4298	1  13 
4298	2   5   8 
4300	1   8 
4300	1   5 
4301	2  13   8 
4303	2   5  13 
4305	1  13 
4305	2   8   5 
4306	1  13 
4307	1   8 
4307	1   5 
4308	2  13   8 
4310	2  10  13 
4312	1  13 
4312	2   8  10 
4314	1  10 
4314	2   8  13 
4316	1  13 
4316	1   8 
4316	2   5   9 
4318	2  10  13 
4320	2   8  10 
4322	1  10 
4322	2  13   8 
4323	1  10 
4324	1  13 
4324	1   8 
4324	1  10 
4325	1  13 
4326	2  13   5 
4328	1   5 
4328	2   9  13 
4330	1  13 
4330	2   9   5 
4332	1   5 
4332	1   9 
4333	2  13   5 
4335	2   9  13 
4337	1  13 
4337	2   5   9 
4338	1  13 
4339	1   5 
4339	1   9 
4339	1  13 
4340	1   5 
4341	2   5   6 
4343	1   6 
4344	2   7   5 
4346	1   5 
4346	2   7   6 
4348	1   6 
4348	1   7 
4349	2   5   6 
4351	2   7   5 
4353	1   5 
4353	2   6   7 
4354	1   5 
4355	1   7 
4355	1   6 
4355	2   5   9 
4357	2  13   5 
4359	1   5 
4359	2   9  13 
4359	2   6   7 
4361	1  13 
4361	2   9   5 
4363	1   5 
4363	1   9 
4364	2  13   5 
4366	2   9  13 
4368	1  13 
4368	2   5   9 
4369	1  13 
4370	1   9 
4370	1   5 
4370	2  13   8 
4372	2  10  13 
4374	1  13 
4374	2   8  10 
4376	1  10 
4376	2   8  13 
4378	1  13 
4378	1   8 
4378	2   5   9 
4380	2  10  13 
4382	2   8  10 
4384	1  10 
4384	2  13   8 
4385	1  10 
4386	1  13 
4386	1   8 
4387	1  13 
4388	2  13   5 
4390	1   5 
4390	2   9  13 
4392	1  13 
4392	2   9   5 
4394	1   5 
4394	1   9 
4395	2  13   5 
4397	2   9  13 
4399	1  13 
4399	2   5   9 
4400	1  13 
4401	1   5 
4401	1   9 
4401	1  13 
4402	1   5 
4403	2   5   6 
4405	1   6 
4406	2   7   5 
4408	1   5 
4408	2   7   6 
4410	1   6 
4410	1   7 
4411	2   5   6 
4413	2   7   5 
4415	1   5 
4415	2   6   7 
4416	1   5 
4417	1   6 
4417	1   7 
4417	2   5   9 
4419	2  13   5 
4421	1   5 
4421	2   9  13 
4421	2   6  11 
4423	1  13 
4423	2   9   5 
4425	1   5 
4425	1   9 
4426	2  13   5 
4428	2   9  13 
4430	1  13 
4430	2   5   9 
4431	1  13 
4432	1   5 
4432	1   9 
4432	2  13  10 
4434	2  14  13 
4434	2   8   5 
4436	1  13 
4436	2  10  14 
4438	1  14 
4438	2  10  13 
4440	1  13 
4440	1  10 
4440	2   9   4 
4442	2  14  13 
4444	2  10  14 
4446	1  14 
4446	2  13  10 
4447	1  14 
4448	1  13 
4448	1  10 
4448	1  14 
4449	1  13 
4450	2  13   8 
4452	1   8 
4452	2   5  13 
4454	1  13 
4454	2   5   8 
4456	1   8 
4456	1   5 
4457	2  13   8 
4459	2   5  13 
4461	1  13 
4461	2   8   5 
4462	1  13 
4463	1   8 
4463	1   5 
4463	1  13 
4464	1   8 
4465	2   8   9 
4467	1   9 
4467	2   4   8 
4469	1   8 
4469	2   4   9 
4471	1   9 
4471	1   4 
4472	2   8   9 
4474	2   4   8 
4476	1   8 
4476	2   9   4 
4477	1   8 
4478	1   9 
4478	1   4 
4478	1   8 
4479	1   9 
4480	2   9   6 
4482	1   6 
4482	2  11   9 
4484	1   9 
4484	2  11   6 
4486	1   6 
4486	1  11 
4487	2   9   6 
4489	2  11   9 
4491	1   9 
4491	2   6  11 
4492	1   9 
4493	1   6 
4493	1  11 
4493	1   9 
4494	1   6 
4495	2   6   2 
4497	1   2 
4497	2   1   6 
4499	1   6 
4499	2   1   2 
4501	1   2 
4501	1   1 
4502	2   6   2 
4504	2   1   6 
4506	1   6 
4506	2   2   1 
4507	1   6 
4508	1   1 
4508	1   2 
4508	2   6  11 
4510	2   9   6 
4512	1   6 
4512	2  11   9 
4512	2   2   1 
4514	1   9 
4514	2  11   6 
4516	1   6 
4516	1  11 
4517	2   9   6 
4519	2  11   9 
4521	1   9 
4521	2   6  11 
4522	1   9 
4523	1   6 
4523	1  11 
4523	2   9   4 
4525	2   8   9 
4525	2   6  11 
4527	1   9 
4527	2   4   8 
4529	1   8 
4529	2   4   9 
4531	1   9 
4531	1   4 
4532	2   8   9 
4534	2   4   8 
4536	1   8 
4536	2   9   4 
4537	1   8 
4538	1   9 
4538	1   4 
4538	2   8   5 
4540	2  13   8 
4542	1   8 
4542	2   5  13 
4544	1  13 
4544	2   5   8 
4546	1   8 
4546	1   5 
4546	2   9   4 
4548	2  13   8 
4550	2   5  13 
4552	1  13 
4552	2   8   5 
4553	1  13 
4554	1   8 
4554	1   5 
4554	2  13  10 
4556	2  14  13 
4556	2   8   5 
4558	1  13 
4558	2  10  14 
4560	1  14 
4560	2  10  13 
4562	1  13 
4562	1  10 
4563	2  14  13 
4565	2  10  14 
4567	1  14 
4567	2  13  10 
4568	1  14 
4569	1  13 
4569	1  14 
4569	1  10 
4570	1  13 
4571	2  13   8 
4573	1   8 
4573	2   5  13 
4575	1  13 
4575	2   5   8 
4577	1   8 
4577	1   5 
4578	2  13   8 
4580	2   5  13 
4582	1  13 
4582	2   8   5 
4583	1  13 
4584	1   8 
4584	1   5 
4584	1  13 
4585	1   8 
4586	2   8   9 
4588	1   9 
4588	2   4   8 
4590	1   8 
4590	2   4   9 
4592	1   9 
4592	1   4 
4592	6  14  12 
4598	2   8   9 
4600	2   4   8 
4602	1   8 
4602	2   9   4 
4603	1   8 
4604	1   9 
4604	1   4 
4604	1   8 
4605	1   9 
4606	2   9   6 
4608	1   6 
4608	2  11   9 
4610	1   9 
4610	2  11   6 
4612	1   6 
4612	1  11 
4613	2   9   6 
4615	2  11   9 
4617	1   9 
4617	2   6  11 
4618	1   9 
4619	1   6 
4619	1  11 
4619	1   9 
4620	1   6 
4621	2   6   2 
4623	1   2 
4623	2   1   6 
4625	1   6 
4625	2   1   2 
4627	1   2 
4627	1   1 
4628	2   6   2 
4630	2   1   6 
4632	1   6 
4632	2   2   1 
4633	1   6 
4634	1   1 
4634	1   2 
4634	2   6  11 
4636	2   9   6 
4638	1   6 
4638	2  11   9 
4638	2   2   1 
4640	1   9 
4640	2  11   6 
4642	1   6 
4642	1  11 
4643	2   9   6 
4645	2  11   9 
4647	1   9 
4647	2   6  11 
4648	1   9 
4649	1   6 
4649	1  11 
4649	2   9   4 
4650	2   6   7 
4651	2   8   9 
4652	6  14  11 
4653	1   9 
4653	2   4   8 
4655	1   8 
4658	2   4   9 
4660	1   9 
4660	1   4 
4661	2   8   9 
4663	2   4   8 
4665	1   8 
4665	2   9   4 
4666	1   8 
4667	1   9 
4667	1   4 
4667	2   8   5 
4668	1   4 
4669	2  13   8 
4671	1   8 
4671	2   5  13 
4673	1  13 
4673	2   5   8 
4675	1   8 
4675	1   5 
4676	2  13   8 
4678	2   5  13 
4680	1  13 
4680	2   8   5 
4681	1  13 
4682	1   8 
4682	1   5 
4683	2  13   8 
4685	2  12  13 
4687	1  13 
4687	2   8  12 
4689	1  12 
4689	2   8  13 
4691	1  13 
4691	1   8 
4691	2   5   9 
4693	2  12  13 
4695	2   8  12 
4697	1  12 
4697	2  13   8 
4698	1  12 
4699	1  13 
4699	1   8 
4699	1  12 
4700	1  13 
4701	2  13   5 
4703	1   5 
4703	2   9  13 
4705	1  13 
4705	2   9   5 
4707	1   5 
4707	1   9 
4707	6  13   8 
4703	6   7   2 
4709	6  15   7 
4713	2   8   5 
4715	2   9   8 
4715	6   6   1 
4717	1   8 
4718	1   8 
4719	1   8 
4721	2   5   9 
4723	1   5 
4723	1   9 
4724	1   5 
4725	2   5   1 
4727	1   1 
4727	2   2   5 
4729	1   5 
4729	2   2   1 
4731	1   1 
4731	1   2 
4732	2   5   1 
4734	2   2   5 
4736	1   5 
4736	2   1   2 
4737	1   5 
4738	1   2 
4738	1   1 
4738	2   5   9 
4740	2   8   5 
4742	1   5 
4742	2   9   8 
4742	2   1   2 
4744	1   8 
4744	2   9   5 
4746	1   5 
4746	1   9 
4747	2   8   5 
4749	2   9   8 
4751	1   8 
4751	2   5   9 
4752	1   8 
4753	1   9 
4753	1   5 
4753	2   8  13 
4755	2  12   8 
4757	1   8 
4757	2  13  12 
4759	1  12 
4759	2  13   8 
4761	1   8 
4761	1  13 
4761	2   5   9 
4763	2  12   8 
4765	2  13  12 
4767	1  12 
4767	2   8  13 
4768	1  12 
4769	1   8 
4769	1  13 
4770	1   8 
4770	2  13  14 
4771	2   8   5 
4773	1   5 
4773	2   9   8 
4775	1   8 
4775	2   9   5 
4777	1   5 
4777	1   9 
4778	2   8   5 
4780	2   9   8 
4782	1   8 
4782	2   5   9 
4783	1   8 
4784	1   5 
4784	1   9 
4784	1   8 
4785	1   5 
4786	2   5   1 
4788	1   1 
4788	2   2   5 
4790	1   5 
4790	2   2   1 
4792	1   1 
4792	1   2 
4793	2   5   1 
4795	2   2   5 
4797	1   5 
4797	2   1   2 
4798	1   5 
4799	1   2 
4799	1   1 
4799	2   5   9 
4801	2   8   5 
4803	1   5 
4803	2   9   8 
4803	2   1   2 
4805	1   8 
4805	2   9   5 
4807	1   5 
4807	1   9 
4808	2   8   5 
4810	2   9   8 
4812	1   8 
4812	2   5   9 
4813	1   8 
4814	1   5 
4814	1   9 
4814	2   8  12 
4815	2  10   5 
4817	2   4   8 
4819	1   8 
4819	6   9   6 
4825	2  12   4 
4827	1   4 
4827	2  12   8 
4829	1   8 
4829	1  12 
4829	6  14   9 
4835	2   4   8 
4837	2  12   4 
4839	1   4 
4839	2   8  12 
4840	1   4 
4841	1   8 
4841	1  12 
4841	1   4 
4842	1   8 
4843	2   8  10 
4845	1  10 
4845	2   5   8 
4847	1   8 
4847	2   5  10 
4849	1  10 
4849	1   5 
4850	2   8  10 
4852	2   5   8 
4854	1   8 
4854	2  10   5 
4855	1   8 
4856	1  10 
4856	1   5 
4856	1   8 
4857	1  10 
4858	2  10  13 
4860	1  13 
4860	2   9  10 
4862	1  10 
4862	2   9  13 
4864	1  13 
4864	1   9 
4865	2  10  13 
4867	2   9  10 
4869	1  10 
4869	2  13   9 
4870	1  10 
4871	1  13 
4871	1   9 
4871	1  10 
4872	1  13 
4873	2  13  15 
4875	1  15 
4875	2  14  13 
4877	1  13 
4877	2  14  15 
4879	1  15 
4879	1  14 
4880	2  13  15 
4882	2  14  13 
4884	1  13 
4884	2  15  14 
4885	1  13 
4886	1  14 
4886	1  15 
4886	2  13   9 
4888	2  10  13 
4890	1  13 
4890	2   9  10 
4892	1  10 
4892	2   9  13 
4894	1  13 
4894	1   9 
4894	2  15  14 
4896	2  10  13 
4898	2   9  10 
4900	1  10 
4900	2  13   9 
4901	1  10 
4902	1  13 
4902	1   9 
4902	2  10   5 
4904	2   8  10 
4906	1  10 
4906	2   5   8 
4908	1   8 
4908	2   5  10 
4910	1  10 
4910	1   5 
4910	2  13   9 
4912	2   8  10 
4914	2   5   8 
4916	1   8 
4916	2  10   5 
4917	1   8 
4918	1  10 
4918	1   5 
4918	2   8  12 
4919	2  10   5 
4921	2   4   8 
4923	1   8 
4924	2  12   4 
4926	1   4 
4926	2  12   8 
4928	1   8 
4928	1  12 
4929	2   4   8 
4931	2  12   4 
4933	1   4 
4933	2   8  12 
4934	1   4 
4935	1   8 
4935	1  12 
4935	1   4 
4936	1   8 
4936	1  12 
4937	2   8  10 
4939	1  10 
4939	2   5   8 
4941	1   8 
4941	2   5  10 
4943	1  10 
4943	1   5 
4944	2   8  10 
4946	2   5   8 
4948	1   8 
4948	2  10   5 
4949	1   8 
4950	1  10 
4950	1   5 
4950	1   8 
4951	1  10 
4952	2  10  13 
4954	1  13 
4954	2   9  10 
4956	1  10 
4956	2   9  13 
4958	1  13 
4958	1   9 
4958	6   6   4 
4964	2  10  13 
4966	2   9  10 
4968	1  10 
4968	2  13   9 
4969	1  10 
4970	1  13 
4970	1   9 
4970	1  10 
4971	1  13 
4972	2  13  15 
4974	1  15 
4974	2  14  13 
4976	1  13 
4976	2  14  15 
4978	1  15 
4978	1  14 
4979	2  13  15 
4981	2  14  13 
4983	1  13 
4983	2  15  14 
4984	1  13 
4985	1  14 
4985	1  15 
4985	2  13   9 
4987	2  10  13 
4989	1  13 
4989	2   9  10 
4991	1  10 
4991	2   9  13 
4993	1  13 
4993	1   9 
4993	2  15  14 
4995	2  10  13 
4997	2   9  10 
4999	1  10 
4999	2  13   9 
5000	1  10 
5001	1  13 
5001	1   9 
5001	2  10   5 
5003	2   8  10 
5005	1  10 
5005	2   5   8 
5007	1   8 
5007	2   5  10 
5009	1  10 
5009	1   5 
5010	2   8  10 
5012	2   5   8 
5014	1   8 
5014	2  10   5 
5015	1   8 
5016	1   5 
5016	1  10 
5016	2   8  13 
5017	6  10   6 
5018	2  12   8 
5020	1   8 
5020	2  13  12 
5022	1  12 
5022	2  13   8 
5024	1   8 
5024	1  13 
5024	2   5   4 
5026	2  12   8 
5028	2  13  12 
5030	1  12 
5030	2   8  13 
5031	1  12 
5032	1   8 
5032	1  13 
5032	1  12 
5033	1   8 
5033	6  12   9 
5039	2   8   5 
5041	1   5 
5041	2   4   8 
5043	1   8 
5043	2   4   5 
5045	1   5 
5045	1   4 
5046	2   8   5 
5048	2   4   8 
5050	1   8 
5050	2   5   4 
5051	1   8 
5052	1   5 
5052	1   4 
5052	1   8 
5053	1   5 
5054	2   5   1 
5056	1   1 
5056	2   2   5 
5058	1   5 
5058	2   2   1 
5060	1   1 
5060	1   2 
5061	2   5   1 
5063	2   2   5 
5065	1   5 
5065	2   1   2 
5066	1   5 
5067	1   2 
5067	1   1 
5067	2   5   4 
5069	2   8   5 
5071	1   5 
5071	2   4   8 
5071	2   1   2 
5073	1   8 
5073	2   4   5 
5075	1   5 
5075	1   4 
5076	2   8   5 
5078	2   4   8 
5080	1   8 
5080	2   5   4 
5081	1   8 
5082	1   4 
5082	1   5 
5082	2   8  13 
5084	2   9   8 
5086	1   8 
5086	2  13   9 
5088	1   9 
5088	2  13   8 
5090	1   8 
5090	1  13 
5090	2   5   4 
5092	2   9   8 
5094	2  13   9 
5096	1   9 
5096	2   8  13 
5097	1   9 
5098	1   8 
5098	1  13 
5099	1   8 
5099	2  13  12 
5101	2   8   5 
5103	1   5 
5103	2   4   8 
5105	1   8 
5105	2   4   5 
5107	1   5 
5107	1   4 
5108	2   8   5 
5110	2   4   8 
5112	1   8 
5112	2   5   4 
5113	1   8 
5114	1   5 
5114	1   4 
5114	1   8 
5115	1   5 
5116	2   5   1 
5118	1   1 
5118	2   2   5 
5120	1   5 
5120	2   2   1 
5122	1   1 
5122	1   2 
5123	2   5   1 
5125	2   2   5 
5127	1   5 
5127	2   1   2 
5128	1   5 
5129	1   2 
5129	1   1 
5129	2   5   4 
5131	2   8   5 
5133	1   5 
5133	2   4   8 
5133	2   1   2 
5135	1   8 
5135	2   4   5 
5137	1   5 
5137	1   4 
5138	2   8   5 
5140	2   4   8 
5142	1   8 
5142	2   5   4 
5143	1   8 
5144	1   5 
5144	1   4 
5144	2   8   9 
5146	2  10   8 
5148	1   8 
5148	2   9  10 
5150	1  10 
5150	2   9   8 
5152	1   8 
5152	1   9 
5152	2   6   5 
5154	2  10   8 
5156	2   9  10 
5158	1  10 
5158	2   8   9 
5159	1  10 
5160	1   8 
5160	1   9 
5160	1  10 
5160	6   6   5 
5161	1   8 
5166	2   8   5 
5168	1   5 
5168	6   9   6 
5174	2   9   8 
5176	1   8 
5176	2   9   5 
5178	1   5 
5178	1   9 
5179	2   8   5 
5181	2   9   8 
5183	1   8 
5183	2   5   9 
5184	1   8 
5185	1   5 
5185	1   9 
5185	1   8 
5186	1   5 
5186	6  12   9 
5192	2   5  13 
5194	1  13 
5194	2   9   5 
5196	1   5 
5196	2   9  13 
5198	1  13 
5198	1   9 
5198	6   8   5 
5204	2   8  13 
5206	2   9   8 
5208	1   8 
5208	2  13   9 
5209	1   8 
5210	1  13 
5210	1   9 
5210	1   8 
5210	6   5   4 
5211	1  13 
5212	2  13  15 
5214	1  15 
5214	2  14  13 
5216	1  13 
5216	2  14  15 
5218	1  15 
5218	1  14 
5218	6  10   5 
5224	2  13  15 
5226	2  14  13 
5228	1  13 
5228	2  15  14 
5229	1  13 
5230	1  14 
5230	1  15 
5230	2  13   9 
5232	2   8  13 
5234	1  13 
5234	2   9   8 
5234	2  15  14 
5236	1   8 
5236	2   9  13 
5238	1  13 
5238	1   9 
5239	2   8  13 
5241	2   9   8 
5243	1   8 
5243	2  13   9 
5244	1   8 
5245	1  13 
5245	1   9 
5245	2   8  12 
5247	2   4   8 
5249	1   8 
5249	2  13   9 
5251	2  12   4 
5253	1   4 
5253	2  12   8 
5255	1   8 
5255	1  12 
5256	2   4   8 
5258	2  12   4 
5260	1   4 
5260	2   8  12 
5261	1   4 
5262	1   8 
5262	1  12 
5263	2   4   6 
5265	2   5   4 
5267	1   4 
5267	2   6   5 
5267	2   8  12 
5269	1   5 
5270	2   6   4 
5272	1   4 
5272	1   6 
5273	2   5   4 
5275	2   6   5 
5277	1   5 
5278	1   5 
5279	1   5 
5280	2   4   6 
5282	1   4 
5282	1   6 
5282	6  10   5 
5283	1   4 
5288	2   4   8 
5288	6  11   6 
5290	1   8 
5291	2  12   4 
5293	1   4 
5293	2  12   8 
5294	6  10   6 
5295	1   8 
5295	1  12 
5296	2   4   8 
5298	2  12   4 
5300	1   4 
5300	2   8  12 
5301	1   4 
5302	1   8 
5302	1  12 
5302	1   4 
5303	1   8 
5303	6   2   0 
5304	2   8  13 
5306	1  13 
5306	2   9   8 
5308	1   8 
5308	2   9  13 
5310	1  13 
5310	1   9 
5311	2   8  13 
5313	2   9   8 
5315	1   8 
5315	2  13   9 
5316	1   8 
5317	1  13 
5317	1   9 
5317	1   8 
5318	1  13 
5319	2  13  15 
5321	1  15 
5321	2  14  13 
5323	1  13 
5323	2  14  15 
5325	1  15 
5325	1  14 
5326	2  13  15 
5328	2  14  13 
5330	1  13 
5330	2  15  14 
5331	1  13 
5332	1  15 
5332	1  14 
5332	2  13   9 
5333	2  11  15 
5334	2   8  13 
5335	6  11  10 
5336	1  13 
5341	2   9   8 
5341	6  15  11 
5343	1   8 
5343	2   9  13 
5345	1  13 
5345	1   9 
5346	2   8  13 
5348	2   9   8 
5350	1   8 
5350	2  13   9 
5351	1   8 
5352	1   9 
5352	1  13 
5352	2   8  12 
5353	1   9 
5354	2   4   8 
5354	2  14  13 
5356	1   8 
5356	6  14  11 
5357	2  12   4 
5359	1   4 
5359	2  12   8 
5361	1   8 
5361	1  12 
5362	2   4   8 
5362	6  14  13 
5368	2  12   4 
5368	6  14  11 
5370	1   4 
5370	2   8  12 
5371	1   4 
5372	1   8 
5372	1  12 
5372	2   4   5 
5374	2   6   4 
5376	1   4 
5376	2   5   6 
5376	2   8  12 
5378	1   6 
5378	2   5   4 
5380	1   4 
5380	1   5 
5381	2   6   4 
5383	2   5   6 
5385	1   6 
5385	2   4   5 
5386	1   6 
5387	1   4 
5387	1   5 
5387	1   6 
5388	1   4 
5389	2   4   1 
5391	1   1 
5391	2   0   4 
5393	1   4 
5393	2   0   1 
5395	1   1 
5395	1   0 
5396	2   4   1 
5398	2   0   4 
5400	1   4 
5400	2   1   0 
5401	1   4 
5402	1   0 
5402	1   1 
5402	2   4   5 
5404	2   6   4 
5406	1   4 
5406	2   5   6 
5408	1   6 
5408	2   5   4 
5410	1   4 
5410	1   5 
5410	2   1   0 
5412	2   6   4 
5414	2   5   6 
5416	1   6 
5416	2   4   5 
5417	1   6 
5418	1   4 
5418	1   5 
5419	1   4 
5420	2   4   1 
5422	1   1 
5422	2   0   4 
5424	1   4 
5424	2   0   1 
5426	1   1 
5426	1   0 
5427	2   4   1 
5429	2   0   4 
5431	1   4 
5431	2   1   0 
5432	1   4 
5433	1   0 
5433	1   1 
5434	2   4   6 
5436	2   9   4 
5438	1   4 
5438	2   6   9 
5438	2   1   0 
5440	1   9 
5440	2   6   4 
5442	1   4 
5442	1   6 
5443	2   9   4 
5445	2   6   9 
5447	1   9 
5447	2   4   6 
5448	1   9 
5449	1   4 
5449	1   6 
5449	1   9 
5450	1   4 
5451	2   4   8 
5453	1   8 
5454	2  12   4 
5456	1   4 
5456	2  12   8 
5458	1   8 
5458	1  12 
5459	2   4   8 
5461	2  12   4 
5463	1   4 
5463	2   8  12 
5464	1   4 
5465	1   8 
5465	1  12 
5465	1   4 
5466	1   8 
5467	2   8  10 
5469	1  10 
5469	2  13   8 
5471	1   8 
5471	2  13  10 
5473	1  10 
5473	1  13 
5474	2   8  10 
5476	2  13   8 
5478	1   8 
5478	2  10  13 
5479	1   8 
5480	1  10 
5480	1  13 
5480	1   8 
5481	1  10 
5482	2  10  14 
5484	1  14 
5484	2  11  10 
5486	1  10 
5486	2  11  14 
5488	1  14 
5488	1  11 
5489	2  10  14 
5491	2  11  10 
5493	1  10 
5493	2  14  11 
5494	1  10 
5495	1  11 
5495	1  14 
5495	2  10  13 
5497	2   8  10 
5499	1  10 
5499	2  13   8 
5501	1   8 
5501	2  13  10 
5503	1  10 
5503	1  13 
5503	2  14  11 
5505	2   8  10 
5507	2  13   8 
5509	1   8 
5509	2  10  13 
5510	1   8 
5511	1  13 
5511	1  10 
5511	2   8  12 
5513	2   4   8 
5513	2  10  13 
5515	1   8 
5516	2  12   4 
5518	1   4 
5518	2  12   8 
5520	1   8 
5520	1  12 
5521	2   4   8 
5523	2  12   4 
5525	1   4 
5525	2   8  12 
5526	1   4 
5527	1   8 
5527	1  12 
5528	2   4   6 
5530	2   9   4 
5532	1   4 
5532	2   6   9 
5534	1   9 
5534	2   6   4 
5536	1   4 
5536	1   6 
5536	2   8  12 
5538	2   9   4 
5540	2   6   9 
5542	1   9 
5542	2   4   6 
5543	1   9 
5544	1   4 
5544	1   6 
5544	1   9 
5545	1   4 
5545	1   6 
5546	2   4   8 
5548	1   8 
5549	2  12   4 
5551	1   4 
5551	2  12   8 
5553	1   8 
5553	1  12 
5554	2   4   8 
5556	2  12   4 
5558	1   4 
5558	2   8  12 
5559	1   4 
5560	1   8 
5560	1  12 
5560	1   4 
5561	1   8 
5562	2   8  10 
5564	1  10 
5564	2  13   8 
5566	1   8 
5566	2  13  10 
5568	1  10 
5568	1  13 
5569	2   8  10 
5571	2  13   8 
5573	1   8 
5573	2  10  13 
5574	1   8 
5575	1  10 
5575	1  13 
5575	1   8 
5576	1  10 
5577	2  10  14 
5579	1  14 
5579	2  11  10 
5581	1  10 
5581	2  11  14 
5583	1  14 
5583	1  11 
5584	2  10  14 
5586	2  11  10 
5588	1  10 
5588	2  14  11 
5589	1  10 
5590	1  11 
5590	1  14 
5590	2  10  13 
5592	2   8  10 
5594	1  10 
5594	2  13   8 
5596	1   8 
5596	2  13  10 
5598	1  10 
5598	1  13 
5598	2  14  11 
5600	2   8  10 
5602	2  13   8 
5604	1   8 
5604	2  10  13 
5605	1   8 
5606	1  13 
5606	1  10 
5606	2   8  12 
5608	2   4   8 
5608	2  10  13 
5610	1   8 
5611	2  12   4 
5613	1   4 
5613	2  12   8 
5615	1   8 
5615	1  12 
5616	2   4   8 
5618	2  12   4 
5620	1   4 
5620	2   8  12 
5621	1   4 
5622	1   8 
5622	1  12 
5622	2   4   5 
5624	2   6   4 
5626	1   4 
5626	2   5   6 
5626	2   8  12 
5628	1   6 
5628	2   5   4 
5630	1   4 
5630	1   5 
5631	2   6   4 
5633	2   5   6 
5635	1   6 
5635	2   4   5 
5636	1   6 
5637	1   4 
5637	1   5 
5637	1   6 
5638	1   4 
5639	2   4   1 
5641	1   1 
5641	2   0   4 
5643	1   4 
5643	2   0   1 
5645	1   1 
5645	1   0 
5646	2   4   1 
5648	2   0   4 
5650	1   4 
5650	2   1   0 
5651	1   4 
5652	1   0 
5652	1   1 
5652	2   4   5 
5654	2   6   4 
5656	1   4 
5656	2   5   6 
5658	1   6 
5658	2   5   4 
5660	1   4 
5660	1   5 
5660	2   1   0 
5662	2   6   4 
5664	2   5   6 
5666	1   6 
5666	2   4   5 
5667	1   6 
5668	1   4 
5668	1   5 
5669	1   4 
5670	2   4   1 
5672	1   1 
5672	2   0   4 
5674	1   4 
5674	2   0   1 
5676	1   1 
5676	1   0 
5677	2   4   1 
5679	2   0   4 
5681	1   4 
5681	2   1   0 
5682	1   4 
5683	1   0 
5683	1   1 
5684	2   4   6 
5686	2   9   4 
5688	1   4 
5688	2   6   9 
5688	2   1   0 
5690	1   9 
5690	2   6   4 
5692	1   4 
5692	1   6 
5693	2   9   4 
5695	2   6   9 
5697	1   9 
5697	2   4   6 
5698	1   9 
5699	1   4 
5699	1   6 
5699	1   9 
5700	1   4 
5701	2   4   8 
5703	1   8 
5704	2  12   4 
5706	1   4 
5706	2  12   8 
5708	1   8 
5708	1  12 
5709	2   4   8 
5711	2  12   4 
5713	1   4 
5713	2   8  12 
5714	1   4 
5715	1   8 
5715	1  12 
5715	1   4 
5716	1   8 
5717	2   8  10 
5719	1  10 
5719	2  13   8 
5721	1   8 
5721	2  13  10 
5723	1  10 
5723	1  13 
5724	2   8  10 
5726	2  13   8 
5728	1   8 
5728	2  10  13 
5729	1   8 
5730	1  10 
5730	1  13 
5730	1   8 
5731	1  10 
5732	2  10  14 
5734	1  14 
5734	2  11  10 
5736	1  10 
5736	2  11  14 
5738	1  14 
5738	1  11 
5739	2  10  14 
5741	2  11  10 
5743	1  10 
5743	2  14  11 
5744	1  10 
5745	1  11 
5745	1  14 
5745	2  10  13 
5747	2   8  10 
5749	1  10 
5749	2  13   8 
5751	1   8 
5751	2  13  10 
5753	1  10 
5753	1  13 
5753	2  14  11 
5755	2   8  10 
5757	2  13   8 
5759	1   8 
5759	2  10  13 
5760	1   8 
5761	1  13 
5761	1  10 
5761	2   8  12 
5763	2   4   8 
5763	2  10  13 
5765	1   8 
5766	2  12   4 
5768	1   4 
5768	2  12   8 
5770	1   8 
5770	1  12 
5771	2   4   8 
5773	2  12   4 
5775	1   4 
5775	2   8  12 
5776	1   4 
5777	1   8 
5777	1  12 
5778	2   4   6 
5780	2   9   4 
5782	1   4 
5782	2   6   9 
5784	1   9 
5784	2   6   4 
5786	1   4 
5786	1   6 
5786	2   8  12 
5788	2   9   4 
5790	2   6   9 
5792	1   9 
5792	2   4   6 
5794	1   4 
5794	1   6 
5794	6  13   9 
5795	1   4 
5800	2   4   8 
5802	1   8 
5802	2   6   5 
5804	2  12   4 
5806	1   4 
5806	2  12   8 
5808	1   8 
5808	1  12 
5809	2   4   8 
5811	2  12   4 
5813	1   4 
5813	2   8  12 
5814	1   4 
5815	1   8 
5815	1  12 
5815	1   4 
5816	1   8 
5817	2   8  10 
5819	1  10 
5819	2   9   8 
5821	1   8 
5821	2   9  10 
5823	1  10 
5823	1   9 
5824	2   8  10 
5826	2   9   8 
5828	1   8 
5828	2  10   9 
5829	1   8 
5830	1  10 
5830	1   9 
5830	1   8 
5831	1  10 
5832	2  10  14 
5834	1  14 
5834	2  11  10 
5836	1  10 
5836	2  11  14 
5838	1  14 
5838	1  11 
5839	2  10  14 
5841	2  11  10 
5843	1  10 
5843	2  14  11 
5844	1  10 
5845	1  14 
5845	1  11 
5845	2  10   9 
5847	2   8  10 
5849	1  10 
5849	2   9   8 
5851	1   8 
5851	2   9  10 
5853	1  10 
5853	1   9 
5853	6  14  13 
5859	2   8  10 
5861	2   9   8 
5863	1   8 
5863	2  10   9 
5864	1   8 
5865	1   9 
5865	1  10 
5865	2   8  12 
5866	1   9 
5866	2  10  11 
5867	2   4   8 
5869	1   8 
5869	6  13   5 
5875	2  12   4 
5875	6  11   6 
5877	1   4 
5877	2  12   8 
5879	1   8 
5879	1  12 
5880	2   4   8 
5882	2  12   4 
5884	1   4 
5884	2   8  12 
5885	1   4 
5886	1  12 
5886	1   8 
5887	2   4  12 
5889	2   9   4 
5891	1   4 
5891	2  12   9 
5893	1   9 
5893	2  12   4 
5895	1   4 
5895	1  12 
5895	2   8   5 
5897	2   9   4 
5899	2  12   9 
5901	1   9 
5901	2   4  12 
5902	1   9 
5903	1   4 
5903	1  12 
5903	1   9 
5903	6   8   5 
5904	1   4 
5901	6  14  11 
5909	2   4   5 
5911	1   5 
5911	2   8   4 
5913	1   4 
5913	2   8   5 
5915	1   5 
5915	1   8 
5915	6  14   9 
5921	2   4   5 
5923	2   8   4 
5925	1   4 
5925	2   5   8 
5926	1   4 
5927	1   5 
5927	1   8 
5927	1   4 
5928	1   5 
5928	6   8   0 
5934	2   5  10 
5936	1  10 
5936	2   6   5 
5938	1   5 
5938	2   6  10 
5938	6   4   1 
5940	1  10 
5940	1   6 
5944	2   5  10 
5946	2   6   5 
5948	1   5 
5948	2  10   6 
5949	1   5 
5950	1  10 
5950	1   6 
5950	1   5 
5951	1  10 
5951	6  12   4 
5950	6  14  11 
5956	6  11   3 
5962	2  10   9 
5962	6   3   2 
5964	1   9 
5964	2  13  10 
5966	1  10 
5966	2  13   9 
5968	1   9 
5968	1  13 
5968	6   2   0 
5969	2  10   9 
5971	2  13  10 
5973	1  10 
5973	2   9  13 
5974	1  10 
5975	1   9 
5975	1  13 
5975	1  10 
5976	1   9 
5977	2   9  12 
5979	1  12 
5979	2   8   9 
5981	1   9 
5981	2   8  12 
5983	1  12 
5983	1   8 
5984	2   9  12 
5986	2   8   9 
5988	1   9 
5988	2  12   8 
5989	1   9 
5990	1   8 
5990	1  12 
5990	2   9  13 
5992	2  10   9 
5994	1   9 
5994	2  13  10 
5996	1  10 
5996	2  13   9 
5998	1   9 
5998	1  13 
5998	2  12   8 
6000	2  10   9 
6002	2  13  10 
6004	1  10 
6004	2   9  13 
6005	1  10 
6006	1  13 
6006	1   9 
6006	2  10   6 
6008	2   5  10 
6010	1  10 
6010	2   6   5 
6012	1   5 
6012	2   6  10 
6014	1  10 
6014	1   6 
6014	2   9  13 
6016	2   5  10 
6018	2   6   5 
6020	1   5 
6020	2  10   6 
6021	1   5 
6022	1   6 
6022	1  10 
6022	2   5   2 
6024	2   1   5 
6026	1   5 
6026	2   2   1 
6028	1   1 
6028	2   2   5 
6030	1   5 
6030	1   2 
6030	2  10   6 
6032	2   1   5 
6034	2   2   1 
6036	1   1 
6036	2   5   2 
6037	1   1 
6038	1   2 
6038	1   5 
6038	2   1   4 
6040	2   0   1 
6042	1   1 
6042	2   4   0 
6044	1   0 
6044	2   4   1 
6046	1   1 
6046	1   4 
6046	2   5   2 
6048	2   0   1 
6050	2   4   0 
6052	1   0 
6052	2   1   4 
6054	1   1 
6054	1   4 
6055	1   1 
6055	6   4   0 
6061	2   1   5 
6063	1   5 
6063	2   2   1 
6065	1   1 
6065	2   2   5 
6067	1   5 
6067	1   2 
6068	2   1   5 
6070	2   2   1 
6072	1   1 
6072	2   5   2 
6073	1   1 
6074	1   5 
6074	1   2 
6074	1   1 
6075	1   5 
6076	2   5  10 
6078	1  10 
6078	2   6   5 
6080	1   5 
6080	2   6  10 
6082	1  10 
6082	1   6 
6083	2   5  10 
6085	2   6   5 
6087	1   5 
6087	2  10   6 
6088	1   5 
6089	1  10 
6089	1   6 
6089	1   5 
6090	1  10 
6091	2  10   9 
6093	1   9 
6093	2  13  10 
6095	1  10 
6095	2  13   9 
6097	1   9 
6097	1  13 
6098	2  10   9 
6100	2  13  10 
6102	1  10 
6102	2   9  13 
6103	1  10 
6104	1   9 
6104	1  13 
6104	1  10 
6105	1   9 
6106	2   9  12 
6108	1  12 
6108	2   8   9 
6110	1   9 
6110	2   8  12 
6112	1  12 
6112	1   8 
6113	2   9  12 
6115	2   8   9 
6117	1   9 
6117	2  12   8 
6118	1   9 
6119	1   8 
6119	1  12 
6119	2   9  13 
6121	2  10   9 
6123	1   9 
6123	2  13  10 
6125	1  10 
6125	2  13   9 
6127	1   9 
6127	1  13 
6127	2  12   8 
6129	2  10   9 
6131	2  13  10 
6133	1  10 
6133	2   9  13 
6134	1  10 
6135	1  13 
6135	2  10   6 
6137	2   5  10 
6139	1  10 
6139	2   6   5 
6135	6  12   8 
6141	1   5 
6141	2   6  10 
6143	1  10 
6143	1   6 
6143	6  12   9 
6144	6   2   0 
6150	2   5  10 
6152	2   6   5 
6154	1   5 
6154	2  10   6 
6155	1   5 
6156	1   6 
6156	1  10 
6156	2   5   0 
6158	2   1   5 
6158	2  10  13 
6160	1   5 
6160	2   0   1 
6162	1   1 
6162	2   0   5 
6164	1   5 
6164	1   0 
6165	2   1   5 
6167	2   0   1 
6169	1   1 
6169	2   5   0 
6170	1   1 
6171	1   0 
6171	1   5 
6171	2   1   2 
6172	1   0 
6173	2   0   1 
6175	1   1 
6175	2   5   6 
6177	2   2   0 
6179	1   0 
6179	2   2   1 
6181	1   1 
6181	1   2 
6182	2   0   1 
6184	2   2   0 
6186	1   0 
6186	2   1   2 
6187	1   0 
6188	1   1 
6188	1   2 
6188	1   0 
6189	1   1 
6190	2   1   5 
6192	1   5 
6192	2   6   1 
6194	1   1 
6194	2   6   5 
6196	1   5 
6196	1   6 
6197	2   1   5 
6199	2   6   1 
6201	1   1 
6201	2   5   6 
6202	1   1 
6203	1   5 
6203	1   6 
6203	1   1 
6204	1   5 
6205	2   5  10 
6207	1  10 
6207	2  13   5 
6209	1   5 
6209	2  13  10 
6211	1  10 
6211	1  13 
6212	2   5  10 
6214	2  13   5 
6216	1   5 
6216	2  10  13 
6217	1   5 
6218	1  10 
6218	1  13 
6218	1   5 
6219	1  10 
6220	2  10   8 
6222	1   8 
6222	2   9  10 
6224	1  10 
6224	2   9   8 
6226	1   8 
6226	1   9 
6227	2  10   8 
6229	2   9  10 
6231	1  10 
6231	2   8   9 
6232	1  10 
6233	1   9 
6233	1   8 
6233	2  10  13 
6235	2   5  10 
6237	1  10 
6237	2  13   5 
6239	1   5 
6239	2  13  10 
6241	1  10 
6241	1  13 
6241	2   8   9 
6243	2   5  10 
6245	2  13   5 
6247	1   5 
6247	2  10  13 
6248	1   5 
6249	1  13 
6249	1  10 
6249	2   5   6 
6251	2   1   5 
6251	2  10  13 
6253	1   5 
6253	2   6   1 
6255	1   1 
6255	2   6   5 
6257	1   5 
6257	1   6 
6258	2   1   5 
6260	2   6   1 
6262	1   1 
6262	2   5   6 
6263	1   1 
6264	1   6 
6264	1   5 
6264	2   1   2 
6266	2   0   1 
6268	1   1 
6268	2   5   6 
6270	2   2   0 
6272	1   0 
6272	2   2   1 
6274	1   1 
6274	1   2 
6275	2   0   1 
6277	2   2   0 
6279	1   0 
6279	2   1   2 
6281	1   1 
6281	1   2 
6282	1   1 
6283	2   1   5 
6285	1   5 
6285	2   6   1 
6287	1   1 
6287	2   6   5 
6289	1   5 
6289	1   6 
6290	2   1   5 
6292	2   6   1 
6294	1   1 
6294	2   5   6 
6295	1   1 
6296	1   5 
6296	1   6 
6296	1   1 
6297	1   5 
6297	6   6   1 
6303	2   5  10 
6305	1  10 
6305	2  13   5 
6307	1   5 
6307	2  13  10 
6309	1  10 
6309	1  13 
6310	2   5  10 
6312	2  13   5 
6314	1   5 
6314	2  10  13 
6315	1   5 
6316	1  10 
6316	1  13 
6316	1   5 
6317	1  10 
6318	2  10   8 
6320	1   8 
6320	2   9  10 
6322	1  10 
6322	2   9   8 
6324	1   8 
6324	1   9 
6325	2  10   8 
6327	2   9  10 
6329	1  10 
6329	2   8   9 
6330	1  10 
6331	1   9 
6331	1   8 
6331	2  10  13 
6333	2   5  10 
6335	1  10 
6335	2  13   5 
6337	1   5 
6337	2  13  10 
6339	1  10 
6339	1  13 
6339	2   8   9 
6341	2   5  10 
6343	2  13   5 
6345	1   5 
6345	2  10  13 
6346	1   5 
6347	1  13 
6347	2   5   1 
6348	6  13  10 
6354	2   6   5 
6356	1   5 
6356	2   1   6 
6358	1   6 
6358	2   1   5 
6360	1   5 
6360	1   1 
6361	2   6   5 
6363	2   1   6 
6365	1   6 
6365	2   5   1 
6366	1   6 
6367	1   1 
6367	1   5 
6367	2   6   2 
6368	1   1 
6369	2   1   6 
6371	1   6 
6371	2   2   1 
6373	1   1 
6373	2   2   6 
6375	1   6 
6375	1   2 
6375	2   5  10 
6377	2   1   6 
6379	2   2   1 
6381	1   1 
6381	2   6   2 
6382	1   1 
6383	1   6 
6383	1   2 
6383	1   1 
6384	1   6 
6385	2   6   5 
6387	1   5 
6387	2  10   6 
6389	1   6 
6389	2  10   5 
6391	1   5 
6391	1  10 
6392	2   6   5 
6394	2  10   6 
6396	1   6 
6396	2   5  10 
6397	1   6 
6398	1   5 
6398	1  10 
6398	1   6 
6399	1   5 
6400	2   5   8 
6402	1   8 
6402	2   9   5 
6404	1   5 
6404	2   9   8 
6406	1   8 
6406	1   9 
6407	2   5   8 
6409	2   9   5 
6411	1   5 
6411	2   8   9 
6412	1   5 
6413	1   9 
6413	1   8 
6413	2   5  10 
6415	2   6   5 
6417	1   5 
6417	2  10   6 
6419	1   6 
6419	2  10   5 
6421	1   5 
6421	1  10 
6421	2   8   9 
6423	2   6   5 
6425	2  10   6 
6427	1   6 
6427	2   5  10 
6428	1   6 
6429	1  10 
6429	1   5 
6429	2   6   2 
6431	2   1   6 
6433	1   6 
6433	2   2   1 
6435	1   1 
6435	2   2   6 
6437	1   6 
6437	1   2 
6437	2   5  10 
6439	2   1   6 
6441	2   2   1 
6443	1   1 
6443	2   6   2 
6445	1   6 
6445	1   2 
6446	1   6 
6447	2   6   5 
6449	1   5 
6449	2  10   6 
6451	1   6 
6451	2  10   5 
6453	1   5 
6453	1  10 
6454	2   6   5 
6456	2  10   6 
6458	1   6 
6458	2   5  10 
6459	1   6 
6460	1   5 
6460	1  10 
6460	1   6 
6461	1   5 
6462	2   5   8 
6464	1   8 
6464	2   9   5 
6466	1   5 
6466	2   9   8 
6468	1   8 
6468	1   9 
6469	2   5   8 
6471	2   9   5 
6473	1   5 
6473	2   8   9 
6474	1   5 
6475	1   9 
6475	1   8 
6475	2   5  10 
6477	2   6   5 
6479	1   5 
6479	2  10   6 
6481	1   6 
6481	2  10   5 
6483	1   5 
6483	1  10 
6483	2   8   9 
6485	2   6   5 
6487	2  10   6 
6487	6   8   4 
6489	1   6 
6490	1   6 
6491	2   6   2 
6493	2   5  10 
6495	1  10 
6495	6   5   2 
6496	1  10 
6501	2  10   6 
6503	1   6 
6503	2   5  10 
6505	1  10 
6505	2   5   6 
6507	1   6 
6507	1   5 
6508	2  10   6 
6510	2   5  10 
6512	1  10 
6512	2   6   5 
6513	1  10 
6514	1   6 
6514	1   5 
6514	1  10 
6515	1   6 
6516	2   6   4 
6518	1   4 
6518	2   9   6 
6520	1   6 
6520	2   9   4 
6522	1   4 
6522	1   9 
6523	2   6   4 
6525	2   9   6 
6527	1   6 
6527	2   4   9 
6528	1   6 
6529	1   9 
6529	1   4 
6529	2   6   5 
6531	2  10   6 
6533	1   6 
6533	2   5  10 
6535	1  10 
6535	2   5   6 
6537	1   6 
6537	1   5 
6537	2   4   9 
6539	2  10   6 
6541	2   5  10 
6543	1  10 
6543	2   6   5 
6545	1   6 
6545	1   5 
6546	1   6 
6547	2   6   4 
6549	1   4 
6549	2   9   6 
6551	1   6 
6551	2   9   4 
6553	1   4 
6553	1   9 
6554	2   6   4 
6556	2   9   6 
6558	1   6 
6558	2   4   9 
6560	1   9 
6560	1   4 
6561	1   4 
6561	2   5   9 
6563	2   4   5 
6565	1   5 
6565	2   9   4 
6567	1   4 
6567	2   9   5 
6569	1   5 
6569	1   9 
6570	2   4   5 
6572	2   9   4 
6574	1   4 
6574	2   5   9 
6576	2   5   9 
