   1	1   7 
   1	1   3 
   1	1   2 
   1	1  11 
   1	1   0 
   1	1   5 
   1	1  10 
   1	1   1 
   1	1   4 
   1	1   8 
   1	1   6 
   2	1   7 
   2	1   2 
   2	1  11 
   2	1   0 
   2	1  10 
   2	1   8 
   2	1   6 
   2	2   1   4 
   3	2   3   7 
   4	2   5   0 
   5	2   2   3 
   7	1   3 
   7	2   7   2 
   9	1   2 
   9	2   7   3 
  11	1   3 
  11	1   7 
  11	6  10   6 
  17	2   2   3 
  19	2   7   2 
  21	1   2 
  21	2   3   7 
  22	1   2 
  23	1   3 
  23	1   7 
  23	1   2 
  24	2   3   7 
  26	2  11   3 
  28	1   3 
  28	2   2   5 
  28	2   7  11 
  30	1   5 
  30	1  11 
  30	2   0   2 
  32	1   2 
  32	2   7   3 
  32	2   0   5 
  34	1   3 
  34	1   5 
  34	1   7 
  34	1   0 
  35	2  11   3 
  37	2   2   5 
  37	2   7  11 
  39	1  11 
  39	2   0   2 
  40	1  11 
  41	1   2 
  41	1  11 
  41	2   3   7 
  41	2   5   0 
  42	1   2 
  43	1   3 
  43	1   7 
  43	1   5 
  43	1   0 
  43	1   2 
  44	1   5 
  44	2   3   7 
  45	2   5   1 
  47	1   1 
  47	2   6   3 
  49	1   3 
  49	2   7   6 
  51	1   6 
  51	2   4   5 
  51	2   7   3 
  53	1   3 
  53	1   5 
  53	1   7 
  53	2   4   1 
  55	1   1 
  55	1   4 
  55	2   6   3 
  57	2   5   1 
  59	2   7   6 
  61	1   6 
  61	2   4   5 
  61	2   3   7 
  62	1   6 
  63	1   3 
  63	1   7 
  63	1   5 
  63	1   6 
  63	2   1   4 
  64	1   5 
  64	2   3   7 
  65	1   1 
  65	1   4 
  65	1   5 
  66	1   1 
  66	6   7   2 
  72	2   1   3 
  74	1   3 
  74	2   2   1 
  74	6  10   7 
  76	1   1 
  77	6   8   0 
  80	2   2   3 
  82	1   3 
  82	1   2 
  82	6   7   6 
  88	2   1   3 
  90	2   2   1 
  92	1   1 
  92	2   3   2 
  93	1   1 
  94	1   3 
  94	1   2 
  94	2   1   4 
  96	2   5   1 
  98	1   1 
  98	2   4   5 
  98	2   3   2 
 100	1   5 
 100	2   4   1 
 102	1   1 
 102	1   4 
 102	6   9   6 
 108	2   5   1 
 108	6  11   7 
 110	2   4   5 
 112	1   5 
 112	2   1   4 
 113	1   5 
 114	1   1 
 114	1   4 
 114	2   5   8 
 116	2  10   5 
 118	1   5 
 118	2   8  10 
 120	1  10 
 120	2   8   5 
 122	1   5 
 122	1   8 
 122	2   1   4 
 122	6   7   6 
 128	2  10   5 
 130	2   8  10 
 132	1  10 
 132	2   5   8 
 133	1  10 
 134	1   5 
 134	1   8 
 134	1  10 
 135	1   5 
 136	2   5   1 
 138	1   1 
 138	2   4   5 
 140	1   5 
 140	2   4   1 
 142	1   1 
 142	1   4 
 143	2   5   1 
 145	2   4   5 
 147	1   5 
 147	2   1   4 
 148	1   5 
 149	1   1 
 149	1   4 
 149	1   5 
 150	1   1 
 150	6   6   4 
 156	2   1   3 
 158	1   3 
 158	2   2   1 
 160	1   1 
 160	2   2   3 
 162	1   3 
 162	1   2 
 163	2   1   3 
 165	2   2   1 
 167	1   1 
 167	2   3   2 
 168	1   1 
 169	1   3 
 169	1   2 
 169	2   1   6 
 171	2   5   1 
 173	1   1 
 173	2   6   5 
 175	1   5 
 175	2   6   1 
 177	1   1 
 177	1   6 
 177	2   3   2 
 179	2   5   1 
 181	2   6   5 
 183	1   5 
 183	2   1   6 
 184	1   5 
 185	1   1 
 185	1   6 
 185	2   5   8 
 187	2   0   5 
 189	1   5 
 189	2   8   0 
 191	1   0 
 191	2   8   5 
 193	1   5 
 193	1   8 
 193	2   1   6 
 195	2   0   5 
 197	2   8   0 
 199	1   0 
 199	2   5   8 
 200	1   0 
 201	1   5 
 201	1   8 
 201	1   0 
 202	1   5 
 203	2   5   1 
 205	1   1 
 205	2   6   5 
 207	1   5 
 207	2   6   1 
 209	1   1 
 209	1   6 
 210	2   5   1 
 212	2   6   5 
 214	1   5 
 214	2   1   6 
 215	1   5 
 216	1   1 
 216	1   6 
 216	1   5 
 217	1   1 
 218	2   1   3 
 220	1   3 
 220	2   2   1 
 222	1   1 
 222	2   2   3 
 224	1   3 
 224	1   2 
 225	2   1   3 
 227	2   2   1 
 229	1   1 
 229	2   3   2 
 230	1   1 
 231	1   3 
 231	1   2 
 231	2   1   6 
 233	2   5   1 
 235	1   1 
 235	2   6   5 
 237	1   5 
 237	2   6   1 
 239	1   1 
 239	1   6 
 239	2   3   2 
 241	2   5   1 
 243	2   6   5 
 245	1   5 
 245	2   1   6 
 246	1   5 
 247	1   1 
 247	1   6 
 247	2   5   8 
 249	2   0   5 
 251	1   5 
 251	2   8   0 
 253	1   0 
 253	2   8   5 
 255	1   5 
 255	1   8 
 255	2   1   6 
 257	2   0   5 
 259	2   8   0 
 261	1   0 
 261	2   5   8 
 262	1   0 
 263	1   5 
 263	1   8 
 263	1   0 
 264	1   5 
 265	2   5   1 
 267	1   1 
 267	2   6   5 
 269	1   5 
 269	2   6   1 
 271	1   1 
 271	1   6 
 272	2   5   1 
 274	2   6   5 
 276	1   5 
 276	2   1   6 
 277	1   5 
 278	1   1 
 278	1   6 
 278	1   5 
 279	1   1 
 280	2   1   3 
 282	1   3 
 282	2   2   1 
 284	1   1 
 284	2   2   3 
 286	1   3 
 286	1   2 
 287	2   1   3 
 289	2   2   1 
 291	1   1 
 291	2   3   2 
 292	1   1 
 293	1   3 
 293	1   2 
 293	2   1   6 
 295	2   5   1 
 297	1   1 
 297	2   6   5 
 299	1   5 
 299	2   6   1 
 301	1   1 
 301	1   6 
 301	2   3   2 
 303	2   5   1 
 305	2   6   5 
 307	1   5 
 307	2   1   6 
 308	1   5 
 309	1   1 
 309	1   6 
 309	2   5   8 
 311	2   9   5 
 313	1   5 
 313	2   8   9 
 313	2   1   6 
 315	1   9 
 315	2   8   5 
 317	1   5 
 317	1   8 
 318	2   9   5 
 320	2   8   9 
 322	1   9 
 322	2   5   8 
 323	1   9 
 324	1   5 
 324	1   8 
 324	1   9 
 325	1   5 
 326	2   5   1 
 328	1   1 
 328	2   6   5 
 330	1   5 
 330	2   6   1 
 332	1   1 
 332	1   6 
 333	2   5   1 
 335	2   6   5 
 337	1   5 
 337	2   1   6 
 338	1   5 
 339	1   1 
 339	1   6 
 339	1   5 
 340	1   1 
 341	2   1   3 
 343	1   3 
 343	2   2   1 
 345	1   1 
 345	2   2   3 
 347	1   3 
 347	1   2 
 348	2   1   3 
 350	2   2   1 
 352	1   1 
 352	2   3   2 
 353	1   1 
 354	1   3 
 354	1   2 
 354	2   1   6 
 356	2   5   1 
 358	1   1 
 358	2   6   5 
 360	1   5 
 360	2   6   1 
 362	1   1 
 362	1   6 
 362	2   3   2 
 364	2   5   1 
 366	2   6   5 
 368	1   5 
 368	2   1   6 
 369	1   5 
 370	1   1 
 370	1   6 
 370	2   5   8 
 372	2   9   5 
 374	1   5 
 374	2   8   9 
 374	2   1   6 
 376	1   9 
 376	2   8   5 
 378	1   5 
 378	1   8 
 379	2   9   5 
 381	2   8   9 
 383	1   9 
 383	2   5   8 
 384	1   9 
 385	1   5 
 385	1   8 
 385	1   9 
 386	1   5 
 386	6   8   0 
 392	2   5   1 
 394	1   1 
 394	2   6   5 
 396	1   5 
 396	2   6   1 
 398	1   1 
 398	1   6 
 399	2   5   1 
 401	2   6   5 
 403	1   5 
 403	2   1   6 
 404	1   5 
 405	1   1 
 405	1   6 
 405	1   5 
 406	1   1 
 407	2   1   3 
 409	1   3 
 409	2   2   1 
 411	1   1 
 411	2   2   3 
 413	1   3 
 413	1   2 
 414	2   1   3 
 416	2   2   1 
 418	1   1 
 418	2   3   2 
 419	1   1 
 420	1   3 
 420	1   2 
 420	2   1   6 
 422	2   5   1 
 424	1   1 
 424	2   6   5 
 426	1   5 
 426	2   6   1 
 428	1   1 
 428	1   6 
 428	2   3   2 
 430	2   5   1 
 432	2   6   5 
 434	1   5 
 434	2   1   6 
 435	1   5 
 436	1   1 
 436	1   6 
 436	2   5   0 
 438	2   4   5 
 440	1   5 
 440	2   0   4 
 442	1   4 
 442	2   0   5 
 444	1   5 
 444	1   0 
 444	2   1   6 
 446	2   4   5 
 448	2   0   4 
 450	1   4 
 450	2   5   0 
 451	1   4 
 452	1   5 
 452	1   0 
 452	1   4 
 453	1   5 
 454	2   5   1 
 456	1   1 
 456	2   6   5 
 458	1   5 
 458	2   6   1 
 460	1   1 
 460	1   6 
 461	2   5   1 
 463	2   6   5 
 465	1   5 
 465	2   1   6 
 466	1   5 
 467	1   1 
 467	1   6 
 467	1   5 
 468	1   1 
 469	2   1   3 
 471	1   3 
 471	2   2   1 
 473	1   1 
 473	2   2   3 
 475	1   3 
 475	1   2 
 476	2   1   3 
 478	2   2   1 
 480	1   1 
 480	2   3   2 
 481	1   1 
 482	1   3 
 482	1   2 
 482	2   1   6 
 484	2   5   1 
 486	1   1 
 486	2   6   5 
 488	1   5 
 488	2   6   1 
 490	1   1 
 490	1   6 
 490	2   3   2 
 492	2   5   1 
 494	2   6   5 
 496	1   5 
 496	2   1   6 
 497	1   5 
 498	1   1 
 498	1   6 
 498	2   5   0 
 500	2   4   5 
 502	1   5 
 502	2   0   4 
 504	1   4 
 504	2   0   5 
 506	1   5 
 506	1   0 
 506	2   1   6 
 508	2   4   5 
 510	2   0   4 
 512	1   4 
 512	2   5   0 
 513	1   4 
 514	1   5 
 514	1   0 
 514	1   4 
 515	1   5 
 516	2   5   1 
 518	1   1 
 518	2   6   5 
 520	1   5 
 520	2   6   1 
 522	1   1 
 522	1   6 
 523	2   5   1 
 525	2   6   5 
 527	1   5 
 527	2   1   6 
 528	1   5 
 529	1   1 
 529	1   6 
 529	1   5 
 530	1   1 
 531	2   1   3 
 533	1   3 
 533	2   2   1 
 535	1   1 
 535	2   2   3 
 537	1   3 
 537	1   2 
 538	2   1   3 
 540	2   2   1 
 542	1   1 
 542	2   3   2 
 543	1   1 
 544	1   3 
 544	1   2 
 544	2   1   6 
 546	2   5   1 
 548	1   1 
 548	2   6   5 
 550	1   5 
 550	2   6   1 
 552	1   1 
 552	1   6 
 553	2   5   1 
 555	2   6   5 
 557	1   5 
 557	2   1   6 
 558	1   5 
 559	1   5 
 559	1   6 
 559	1   1 
 560	1   1 
 560	2   6   2 
 562	6   2   0 
 568	2   3   2 
 570	6   3   1 
 576	2   5   1 
 578	1   1 
 578	2   2   5 
 580	1   5 
 580	2   2   1 
 582	1   1 
 582	1   2 
 583	2   5   1 
 585	2   2   5 
 587	1   5 
 587	2   1   2 
 588	1   5 
 589	1   1 
 589	1   2 
 589	1   5 
 590	1   1 
 590	6   5   0 
 596	2   1   6 
 596	6   8   4 
 598	1   6 
 602	2   5   1 
 604	1   1 
 604	2   5   6 
 606	1   6 
 606	1   5 
 607	2   1   6 
 609	2   5   1 
 611	1   1 
 611	2   6   5 
 612	1   1 
 613	1   6 
 613	1   5 
 613	2   1   2 
 615	2   0   1 
 617	1   1 
 617	2   6   5 
 619	2   2   0 
 621	1   0 
 621	2   2   1 
 623	1   1 
 623	1   2 
 624	2   0   1 
 626	2   2   0 
 628	1   0 
 628	2   1   2 
 629	1   0 
 630	1   1 
 630	1   2 
 630	6   4   0 
 631	1   1 
 636	2   1   6 
 638	1   6 
 638	2   5   1 
 640	1   1 
 640	2   5   6 
 642	1   6 
 642	1   5 
 643	2   1   6 
 645	2   5   1 
 647	1   1 
 647	2   6   5 
 648	1   1 
 649	1   6 
 649	1   5 
 649	2   1   2 
 651	2   3   1 
 653	1   1 
 653	2   2   3 
 655	1   3 
 655	2   2   1 
 657	1   1 
 657	1   2 
 657	2   6   5 
 659	2   3   1 
 661	2   2   3 
 663	1   3 
 663	2   1   2 
 664	1   3 
 665	1   1 
 665	1   2 
 665	1   3 
 666	1   1 
 667	2   1   6 
 669	1   6 
 669	2   5   1 
 671	1   1 
 671	2   5   6 
 673	1   6 
 673	1   5 
 674	2   1   6 
 676	2   5   1 
 678	1   1 
 678	2   6   5 
 679	1   1 
 680	1   6 
 680	1   5 
 680	2   1   2 
 682	2   3   1 
 684	1   1 
 684	2   2   3 
 686	1   3 
 686	2   2   1 
 688	1   1 
 688	1   2 
 688	2   6   5 
 690	2   3   1 
 692	2   2   3 
 694	1   3 
 694	2   1   2 
 695	1   3 
 696	1   1 
 696	1   2 
 697	1   1 
 698	2   1   6 
 700	1   6 
 700	2   5   1 
 702	1   1 
 702	2   5   6 
 704	1   6 
 704	1   5 
 705	2   1   6 
 707	2   5   1 
 709	1   1 
 709	2   6   5 
 710	1   1 
 711	1   6 
 711	1   1 
 711	1   5 
 712	2   2   6 
 714	2   0   2 
 716	1   2 
 716	2   1   5 
 718	6   2   0 
 724	2   6   2 
 726	1   2 
 726	6   5   0 
 732	2   6   5 
 734	1   5 
 734	1   6 
 735	2   2   5 
 737	2   6   2 
 737	6   8   4 
 739	1   2 
 740	1   2 
 741	1   2 
 739	6   7   3 
 745	2   5   6 
 747	1   5 
 747	1   6 
 748	1   5 
 748	6  10   8 
 754	2   5   1 
 756	1   1 
 756	2   0   5 
 758	1   5 
 758	2   0   1 
 760	1   1 
 760	1   0 
 761	2   5   1 
 763	2   0   5 
 765	1   5 
 765	2   1   0 
 766	1   5 
 767	1   1 
 767	1   0 
 767	2   5   6 
 769	2   2   5 
 771	1   5 
 771	2   6   2 
 773	1   2 
 773	2   6   5 
 775	1   5 
 775	1   6 
 775	2   1   0 
 777	2   2   5 
 779	2   6   2 
 781	1   2 
 781	2   5   6 
 782	1   2 
 783	1   5 
 783	1   6 
 783	1   2 
 784	1   5 
 785	2   5   1 
 787	1   1 
 787	2   0   5 
 789	1   5 
 789	2   0   1 
 791	1   1 
 791	1   0 
 792	2   5   1 
 794	2   0   5 
 796	1   5 
 796	2   1   0 
 797	1   5 
 798	1   1 
 798	1   0 
 798	2   5   6 
 800	2   9   5 
 802	1   5 
 802	2   6   9 
 802	2   1   0 
 804	1   9 
 804	2   6   5 
 806	1   5 
 806	1   6 
 807	2   9   5 
 809	2   6   9 
 811	1   9 
 811	2   5   6 
 812	1   9 
 813	1   5 
 813	1   6 
 813	1   9 
 814	1   5 
 815	2   5   1 
 817	1   1 
 817	2   0   5 
 819	1   5 
 819	2   0   1 
 821	1   1 
 821	1   0 
 822	2   5   1 
 824	2   0   5 
 826	1   5 
 826	2   1   0 
 827	1   5 
 828	1   1 
 828	1   0 
 828	2   5   6 
 830	2   9   5 
 832	1   5 
 832	2   6   9 
 832	2   1   0 
 834	1   9 
 834	2   6   5 
 836	1   5 
 836	1   6 
 837	2   9   5 
 839	2   6   9 
 841	1   9 
 841	2   5   6 
 842	1   9 
 843	1   5 
 843	1   6 
 843	1   9 
 844	1   5 
 845	2   5   1 
 847	1   1 
 847	2   0   5 
 849	1   5 
 849	2   0   1 
 851	1   1 
 851	1   0 
 852	2   5   1 
 854	2   0   5 
 856	1   5 
 856	2   1   0 
 857	1   5 
 858	1   1 
 858	1   0 
 858	2   5   6 
 860	2   4   5 
 862	1   5 
 862	2   1   0 
 864	2   6   4 
 866	1   4 
 866	2   6   5 
 868	1   5 
 868	1   6 
 869	2   4   5 
 871	2   6   4 
 873	1   4 
 873	2   5   6 
 874	1   4 
 875	1   5 
 875	1   6 
 875	1   4 
 876	1   5 
 877	2   5   1 
 879	1   1 
 879	2   0   5 
 881	1   5 
 881	2   0   1 
 883	1   1 
 883	1   0 
 884	2   5   1 
 886	2   0   5 
 888	1   5 
 888	2   1   0 
 889	1   5 
 890	1   1 
 890	1   0 
 890	2   5   6 
 892	2   4   5 
 894	1   5 
 894	2   1   0 
 896	2   6   4 
 898	1   4 
 898	2   6   5 
 900	1   5 
 900	1   6 
 901	2   4   5 
 903	2   6   4 
 905	1   4 
 905	2   5   6 
 906	1   4 
 907	1   5 
 907	1   6 
 907	1   4 
 908	1   5 
 908	2   7   6 
 910	2   5   1 
 912	1   1 
 912	2   0   5 
 914	1   5 
 914	2   0   1 
 916	1   1 
 916	1   0 
 917	2   5   1 
 919	2   0   5 
 921	1   5 
 921	2   1   0 
 922	1   5 
 923	1   5 
 923	1   1 
 923	1   0 
 924	2  10   5 
 926	2   8  10 
 926	2   1   0 
 928	1  10 
 928	2   5   8 
 930	1   8 
 930	2   5  10 
 932	1  10 
 932	1   5 
 932	6   2   1 
 933	2   8  10 
 938	2   5   8 
 940	1   8 
 940	2  10   5 
 941	1   8 
 942	1  10 
 942	1   5 
 942	1   8 
 942	6   1   0 
 943	1  10 
 944	2  10   7 
 946	1   7 
 946	2   6  10 
 948	1  10 
 948	2   6   7 
 950	1   7 
 950	1   6 
 951	2  10   7 
 950	6   5   1 
 956	2   6  10 
 958	1  10 
 958	2   7   6 
 959	1  10 
 960	1   7 
 960	1   6 
 960	1  10 
 961	1   7 
 961	6   9   1 
 967	2   7   2 
 969	1   2 
 969	2   5   7 
 971	1   7 
 971	2   5   2 
 973	1   2 
 973	1   5 
 974	2   7   2 
 976	2   5   7 
 978	1   7 
 978	2   2   5 
 979	1   7 
 980	1   2 
 980	1   5 
 980	2   7   6 
 982	2  10   7 
 984	1   7 
 984	2   6  10 
 986	1  10 
 986	2   6   7 
 988	1   7 
 988	1   6 
 988	2   2   5 
 990	2  10   7 
 992	2   6  10 
 994	1  10 
 994	2   7   6 
 995	1  10 
 996	1   7 
 996	1   6 
 996	2  10   9 
 998	2   8  10 
1000	1  10 
1000	2   9   8 
1000	2   7   6 
1002	1   8 
1002	2   9  10 
1004	1  10 
1004	1   9 
1005	2   8  10 
1007	2   9   8 
1009	1   8 
1009	2  10   9 
1010	1   8 
1011	1  10 
1011	1   9 
1011	1   8 
1012	1  10 
1012	6   8   4 
1013	2  10   7 
1015	1   7 
1015	2   6  10 
1017	1  10 
1017	2   6   7 
1018	6   1   0 
1019	1   7 
1019	1   6 
1020	2  10   7 
1022	2   6  10 
1024	1  10 
1024	2   7   6 
1025	1  10 
1026	1   7 
1026	1   6 
1026	1  10 
1027	1   7 
1028	2   7   2 
1030	1   2 
1030	2   5   7 
1032	1   7 
1032	2   5   2 
1034	1   2 
1034	1   5 
1035	2   7   2 
1037	2   5   7 
1039	1   7 
1039	2   2   5 
1040	1   7 
1041	1   2 
1041	1   5 
1041	2   7   6 
1043	2  10   7 
1045	1   7 
1045	2   6  10 
1047	1  10 
1047	2   6   7 
1049	1   7 
1049	1   6 
1049	2   2   5 
1051	2  10   7 
1053	2   6  10 
1055	1  10 
1055	2   7   6 
1056	1  10 
1057	1   7 
1057	1   6 
1057	2  10   9 
1059	2  11  10 
1061	1  10 
1061	2   7   6 
1063	2   9  11 
1065	1  11 
1065	2   9  10 
1067	1  10 
1067	1   9 
1068	2  11  10 
1070	2   9  11 
1072	1  11 
1072	2  10   9 
1073	1  11 
1074	1  10 
1074	1   9 
1074	1  11 
1075	1  10 
1076	2  10   7 
1078	1   7 
1078	2   6  10 
1080	1  10 
1080	2   6   7 
1082	1   7 
1082	1   6 
1083	2  10   7 
1085	2   6  10 
1087	1  10 
1087	2   7   6 
1088	1  10 
1089	1   7 
1089	1   6 
1089	1  10 
1090	1   7 
1091	2   7   2 
1093	1   2 
1093	2   5   7 
1095	1   7 
1095	2   5   2 
1097	1   2 
1097	1   5 
1098	2   7   2 
1100	2   5   7 
1102	1   7 
1102	2   2   5 
1103	1   7 
1104	1   2 
1104	1   5 
1104	2   7   6 
1106	2  10   7 
1108	1   7 
1108	2   6  10 
1110	1  10 
1110	2   6   7 
1112	1   7 
1112	1   6 
1112	2   2   5 
1114	2  10   7 
1116	2   6  10 
1118	1  10 
1118	2   7   6 
1119	1  10 
1120	1   7 
1120	1   6 
1120	2  10   9 
1122	2  11  10 
1124	1  10 
1124	2   7   6 
1126	2   9  11 
1128	1  11 
1128	2   9  10 
1130	1  10 
1130	1   9 
1131	2  11  10 
1133	2   9  11 
1135	1  11 
1135	2  10   9 
1136	1  11 
1137	1  10 
1137	1   9 
1137	1  11 
1138	1  10 
1138	1   9 
1139	2  10   7 
1141	1   7 
1141	2   6  10 
1143	1  10 
1143	2   6   7 
1145	1   7 
1145	1   6 
1146	2  10   7 
1148	2   6  10 
1150	1  10 
1150	2   7   6 
1151	1  10 
1152	1   7 
1152	1   6 
1152	1  10 
1153	1   7 
1154	2   7   2 
1156	1   2 
1156	2   5   7 
1158	1   7 
1158	2   5   2 
1160	1   2 
1160	1   5 
1161	2   7   2 
1163	2   5   7 
1165	1   7 
1165	2   2   5 
1166	1   7 
1167	1   2 
1167	1   5 
1167	2   7   6 
1169	2  10   7 
1171	1   7 
1171	2   6  10 
1173	1  10 
1173	2   6   7 
1175	1   7 
1175	1   6 
1175	2   2   5 
1177	2  10   7 
1179	2   6  10 
1181	1  10 
1181	2   7   6 
1182	1  10 
1183	1   6 
1183	1  10 
1183	1   7 
1184	2   6   9 
1186	2  10   6 
1188	1   6 
1188	2   9  10 
1190	1  10 
1190	2   9   6 
1192	1   6 
1192	1   9 
1193	2  10   6 
1195	2   9  10 
1197	1  10 
1197	2   6   9 
1198	1  10 
1199	1   6 
1199	1   9 
1199	1  10 
1200	1   6 
1201	2   6   2 
1203	1   2 
1203	2   5   6 
1205	1   6 
1205	2   5   2 
1207	1   2 
1207	1   5 
1208	2   6   2 
1210	2   5   6 
1212	1   6 
1212	2   2   5 
1213	1   6 
1214	1   2 
1214	1   5 
1214	2   6   9 
1216	2  10   6 
1218	1   6 
1218	2   9  10 
1220	1  10 
1220	2   9   6 
1222	1   6 
1222	1   9 
1222	2   2   5 
1224	2  10   6 
1226	2   9  10 
1228	1  10 
1228	2   6   9 
1229	1  10 
1230	1   6 
1230	1   9 
1230	1  10 
1231	1   6 
1232	2   6   2 
1234	1   2 
1234	2   5   6 
1236	1   6 
1236	2   5   2 
1238	1   2 
1238	1   5 
1239	2   6   2 
1241	2   5   6 
1243	1   6 
1243	2   2   5 
1244	1   6 
1245	1   2 
1245	1   5 
1245	2   6   9 
1247	2   4   6 
1249	1   6 
1249	2   9   4 
1251	1   4 
1251	2   9   6 
1253	1   6 
1253	1   9 
1253	2   2   5 
1255	2   4   6 
1257	2   9   4 
1259	1   4 
1259	2   6   9 
1260	1   4 
1261	1   6 
1261	1   9 
1261	1   4 
1262	1   6 
1263	2   6   2 
1265	1   2 
1265	2   5   6 
1267	1   6 
1267	2   5   2 
1269	1   2 
1269	1   5 
1270	2   6   2 
1272	2   5   6 
1274	1   6 
1274	2   2   5 
1275	1   6 
1276	1   2 
1276	1   5 
1276	2   6   9 
1278	2   4   6 
1280	1   6 
1280	2   9   4 
1282	1   4 
1282	2   9   6 
1284	1   6 
1284	1   9 
1284	2   2   5 
1286	2   4   6 
1288	2   9   4 
1290	1   4 
1290	2   6   9 
1291	1   4 
1292	1   6 
1292	1   4 
1292	1   9 
1293	1   6 
1293	1   9 
1294	2   6   2 
1296	1   2 
1296	2   5   6 
1298	1   6 
1298	2   5   2 
1300	1   2 
1300	1   5 
1301	2   6   2 
1303	2   5   6 
1305	1   6 
1305	2   2   5 
1306	1   6 
1307	1   6 
1307	1   5 
1307	1   2 
1308	1   2 
1308	2   6   5 
1310	2  10   6 
1312	1   6 
1312	2   5  10 
1314	1  10 
1314	2   5   6 
1316	1   6 
1316	1   5 
1317	2  10   6 
1319	2   5  10 
1321	1  10 
1321	2   6   5 
1322	1  10 
1323	1   6 
1323	1   5 
1323	2  10   9 
1325	2   6   5 
1327	2   4   6 
1329	1   6 
1329	2   5   4 
1331	1   4 
1331	2   5   6 
1333	1   6 
1333	1   5 
1333	6   9   4 
1339	2   9   6 
1341	2   5   9 
1343	1   9 
1343	2   6   5 
1344	1   9 
1345	1   6 
1345	1   5 
1345	1   9 
1345	6   8   4 
1351	2   6   5 
1353	2   1   6 
1355	1   6 
1355	2   9  10 
1355	6   4   0 
1357	1  10 
1361	2   5   1 
1363	1   1 
1363	2   8   9 
1365	1   9 
1365	2   5   6 
1367	1   6 
1367	1   5 
1368	2   8  10 
1370	1  10 
1370	1   8 
1370	2   1   6 
1372	2   9  10 
1374	2   5   1 
1376	1   1 
1376	2   8   9 
1377	1   1 
1378	1   9 
1378	1   1 
1378	2   6   5 
1379	1   9 
1380	1   6 
1380	1   5 
1380	1   9 
1381	2  10   8 
1383	1  10 
1383	1   8 
1383	2   7   6 
1384	1  10 
1385	2  10   7 
1387	1   7 
1387	2   6  10 
1389	1  10 
1389	2   6   7 
1391	1   7 
1391	1   6 
1391	2   2   5 
1393	2  10   7 
1395	2   6  10 
1397	1  10 
1397	2   7   6 
1398	1  10 
1399	1   7 
1399	1   6 
1399	1  10 
1400	1   7 
1401	2   7   2 
1403	1   2 
1403	2   5   7 
1405	1   7 
1405	2   5   2 
1407	1   2 
1407	1   5 
1408	2   7   2 
1410	2   5   7 
1412	1   7 
1412	2   2   5 
1413	1   7 
1414	1   2 
1414	1   5 
1414	2   7   6 
1416	2  10   7 
1418	1   7 
1418	2   6  10 
1420	1  10 
1420	2   6   7 
1422	1   7 
1422	1   6 
1422	2   2   5 
1424	2  10   7 
1426	2   6  10 
1428	1  10 
1428	2   7   6 
1429	1  10 
1430	1   7 
1430	1   6 
1431	2  10   8 
1433	2   9  10 
1435	1  10 
1435	2   8   9 
1435	2   7   6 
1437	1   9 
1438	2   8  10 
1440	1  10 
1440	1   8 
1441	2   9  10 
1443	2   8   9 
1445	1   9 
1446	1   9 
1447	1   9 
1448	2  10   8 
1450	1  10 
1450	1   8 
1450	6   9   4 
1451	1  10 
1456	2  10   7 
1456	6   1   0 
1458	1   7 
1458	2   6  10 
1460	1  10 
1460	2   6   7 
1462	1   7 
1462	1   6 
1463	2  10   7 
1465	2   6  10 
1467	1  10 
1467	2   7   6 
1468	1  10 
1469	1   7 
1469	1   6 
1469	1  10 
1470	1   7 
1471	2   7   2 
1473	1   2 
1473	2   5   7 
1475	1   7 
1475	2   5   2 
1477	1   2 
1477	1   5 
1478	2   7   2 
1480	2   5   7 
1482	1   7 
1482	2   2   5 
1483	1   7 
1484	1   2 
1484	1   5 
1484	2   7   6 
1486	2  10   7 
1488	1   7 
1488	2   6  10 
1490	1  10 
1490	2   6   7 
1492	1   7 
1492	1   6 
1492	2   2   5 
1494	2  10   7 
1496	2   6  10 
1498	1  10 
1498	2   7   6 
1499	1  10 
1500	1   7 
1500	1   6 
1501	2  10   8 
1503	2   9  10 
1505	1  10 
1505	2   8   9 
1505	2   7   6 
1507	1   9 
1508	2   8  10 
1510	1  10 
1510	1   8 
1511	2   9  10 
1513	2   8   9 
1515	1   9 
1516	1   9 
1517	1   9 
1518	2  10   8 
1520	1  10 
1520	1   8 
1521	1  10 
1522	2  10   7 
1524	1   7 
1524	2   6  10 
1526	1  10 
1526	2   6   7 
1528	1   7 
1528	1   6 
1529	2  10   7 
1531	2   6  10 
1533	1  10 
1533	2   7   6 
1534	1  10 
1535	1   7 
1535	1   6 
1535	1  10 
1536	1   7 
1537	2   7   2 
1539	1   2 
1539	2   5   7 
1541	1   7 
1541	2   5   2 
1543	1   2 
1543	1   5 
1544	2   7   2 
1546	2   5   7 
1548	1   7 
1548	2   2   5 
1549	1   7 
1550	1   2 
1550	1   5 
1550	2   7   6 
1552	2  10   7 
1554	1   7 
1554	2   6  10 
1556	1  10 
1556	2   6   7 
1558	1   7 
1558	1   6 
1558	2   2   5 
1560	2  10   7 
1562	2   6  10 
1564	1  10 
1564	2   7   6 
1565	1  10 
1566	1   7 
1566	1   6 
1567	2  10   8 
1569	2   9  10 
1571	1  10 
1571	2   8   9 
1571	2   7   6 
1573	1   9 
1574	2   8  10 
1576	1  10 
1576	1   8 
1577	2   9  10 
1579	2   8   9 
1581	1   9 
1582	1   9 
1583	1   9 
1584	2  10   8 
1586	1  10 
1586	1   8 
1587	1  10 
1588	2  10   7 
1590	1   7 
1590	2   6  10 
1592	1  10 
1592	2   6   7 
1594	1   7 
1594	1   6 
1594	6   9   1 
1600	2  10   7 
1600	6   4   1 
1602	2   6  10 
1604	1  10 
1604	2   7   6 
1605	1  10 
1606	1   7 
1606	1   6 
1606	1  10 
1606	6   4   0 
1607	1   7 
1608	2   7   2 
1610	1   2 
1612	2   5   7 
1614	1   7 
1614	2   5   2 
1616	1   2 
1616	1   5 
1617	2   7   2 
1619	2   5   7 
1621	1   7 
1621	2   2   5 
1622	1   7 
1623	1   2 
1623	1   5 
1623	2   7   6 
1625	2  10   7 
1627	1   7 
1627	2   6  10 
1629	1  10 
1629	2   6   7 
1631	1   7 
1631	1   6 
1631	2   2   5 
1633	2  10   7 
1635	2   6  10 
1637	1  10 
1637	2   7   6 
1638	1  10 
1639	1   7 
1639	1   6 
1640	2  10   8 
1642	2   9  10 
1644	1  10 
1644	2   8   9 
1644	2   7   6 
1646	1   9 
1647	2   8  10 
1649	1  10 
1649	1   8 
1650	2   9  10 
1652	2   8   9 
1654	1   9 
1655	1   9 
1656	1   9 
1657	2  10   8 
1659	1  10 
1659	1   8 
1660	1  10 
1661	2  10   7 
1663	1   7 
1663	2   6  10 
1665	1  10 
1665	2   6   7 
1667	1   7 
1667	1   6 
1668	2  10   7 
1670	2   6  10 
1672	1  10 
1672	2   7   6 
1673	1  10 
1674	1   7 
1674	1   6 
1674	1  10 
1675	1   7 
1676	2   7   2 
1678	1   2 
1678	2   5   7 
1680	1   7 
1680	2   5   2 
1682	1   2 
1682	1   5 
1683	2   7   2 
1685	2   5   7 
1687	1   7 
1687	2   2   5 
1688	1   7 
1689	1   2 
1689	1   5 
1689	2   7   6 
1691	2  10   7 
1693	1   7 
1693	2   6  10 
1695	1  10 
1695	2   6   7 
1697	1   7 
1697	1   6 
1697	2   2   5 
1699	2  10   7 
1701	2   6  10 
1703	1  10 
1703	2   7   6 
1704	1  10 
1705	1   7 
1705	1   6 
1706	2  10   8 
1708	2   9  10 
1710	1  10 
1710	2   8   9 
1710	2   7   6 
1712	1   9 
1713	2   8  10 
1715	1  10 
1715	1   8 
1716	2   9  10 
1718	2   8   9 
1720	1   9 
1721	1   9 
1722	1   9 
1723	2  10   8 
1725	1  10 
1725	1   8 
1726	1  10 
1726	1   8 
1727	2  10   7 
1729	1   7 
1729	2   6  10 
1731	1  10 
1731	2   6   7 
1731	6   9   8 
1733	1   7 
1733	1   6 
1737	2  10   7 
1739	2   6  10 
1741	1  10 
1741	2   7   6 
1742	1  10 
1743	1   7 
1743	1   6 
1743	1  10 
1744	1   7 
1745	2   7   2 
1747	1   2 
1747	2   5   7 
1749	1   7 
1749	2   5   2 
1751	1   2 
1751	1   5 
1752	2   7   2 
1754	2   5   7 
1756	1   7 
1756	2   2   5 
1757	1   7 
1758	1   2 
1758	1   5 
1758	2   7   6 
1759	1   2 
1760	2  10   7 
1762	1   7 
1762	2   6  10 
1764	1  10 
1764	2   6   7 
1766	1   7 
1766	1   6 
1766	2   5   9 
1768	2  10   7 
1770	2   6  10 
1772	1  10 
1772	2   7   6 
1773	1  10 
1774	1   6 
1774	1  10 
1774	1   7 
1774	6   5   2 
1775	1   7 
1780	2   6   5 
1782	2  10   6 
1784	1   6 
1784	2   5  10 
1786	1  10 
1786	2   5   6 
1788	1   6 
1788	1   5 
1788	2   7   2 
1788	6   9   8 
1790	1   2 
1790	6  11   7 
1794	6  13   8 
1796	2  10   6 
1798	6  15  11 
1804	2   5  10 
1806	1  10 
1806	2   6   5 
1806	2  13  15 
1808	1   6 
1808	1   5 
1808	1  15 
1808	6  13  10 
1814	2   6   5 
1814	6  15  11 
1816	2   1   6 
1818	1   6 
1818	2   5   1 
1820	1   1 
1820	2   5   6 
1822	1   6 
1822	1   5 
1822	6   7   2 
1828	2   1   6 
1830	2   5   1 
1830	2  10   7 
1832	1   7 
1832	1  10 
1832	1   1 
1832	2   6   5 
1834	1   6 
1834	1   5 
1834	2  11   7 
1834	6   1   0 
1836	2  10  11 
1838	1  11 
1838	2   7  10 
1839	1  11 
1840	1   7 
1840	1  10 
1840	1  11 
1840	2   6   5 
1841	1   7 
1842	2   4   6 
1844	1   6 
1844	2   5   4 
1846	1   4 
1846	2   5   6 
1848	1   6 
1848	1   5 
1849	2   4   6 
1851	2   5   4 
1853	1   4 
1853	2   6   5 
1855	1   6 
1855	1   5 
1856	2   6   5 
1858	2   9   6 
1860	1   6 
1860	2   5   9 
1862	1   9 
1862	2   5   6 
1864	1   6 
1864	1   5 
1865	2   9   6 
1867	2   5   9 
1869	1   9 
1869	2   6   5 
1871	1   6 
1871	1   5 
1872	2   6   5 
1874	2   2   6 
1876	1   6 
1876	2   5   2 
1878	1   2 
1878	2   5   6 
1880	1   6 
1880	1   5 
1881	2   2   6 
1883	2   5   2 
1885	1   2 
1885	2   6   5 
1887	1   6 
1887	1   5 
1887	6   2   1 
1893	2   6   5 
1895	2   7   6 
1897	1   6 
1898	2   5   7 
1900	1   7 
1900	2   5   6 
1902	1   6 
1902	1   5 
1903	2   7   6 
1905	2   5   7 
1907	1   7 
1907	2   6   5 
1908	1   7 
1909	1   6 
1909	1   5 
1909	2   7  10 
1911	2  11   7 
1913	1   7 
1913	2  10  11 
1915	1  11 
1915	2  10   7 
1917	1   7 
1917	1  10 
1917	2   6   5 
1919	2  11   7 
1921	2  10  11 
1923	1  11 
1923	2   7  10 
1925	1   7 
1925	1  10 
1926	1   7 
1927	2   7   6 
1929	1   6 
1930	2   5   7 
1932	1   7 
1932	2   5   6 
1934	1   6 
1934	1   5 
1935	2   7   6 
1937	2   5   7 
1939	1   7 
1939	2   6   5 
1940	1   7 
1941	1   6 
1941	1   5 
1941	2   7  10 
1943	2   2   7 
1945	1   7 
1945	2  10   2 
1947	1   2 
1947	2  10   7 
1949	1   7 
1949	1  10 
1949	2   6   5 
1951	2   2   7 
1953	2  10   2 
1955	1   2 
1955	2   7  10 
1956	1   2 
1957	1   7 
1957	1  10 
1957	1   2 
1958	1   7 
1959	2   7   6 
1961	1   6 
1962	2   5   7 
1964	1   7 
1964	2   5   6 
1966	1   6 
1966	1   5 
1967	2   7   6 
1969	2   5   7 
1971	1   7 
1971	2   6   5 
1972	1   7 
1973	1   6 
1973	1   5 
1973	2   7  10 
1975	2   2   7 
1977	1   7 
1977	2  10   2 
1979	1   2 
1979	2  10   7 
1981	1   7 
1981	1  10 
1981	2   6   5 
1983	2   2   7 
1985	2  10   2 
1987	1   2 
1987	2   7  10 
1989	1   7 
1990	1   7 
1991	2   7   6 
1993	1   6 
1994	2   5   7 
1996	1   7 
1996	2   5   6 
1998	1   6 
1998	1   5 
1999	2   7   6 
2001	2   5   7 
2003	1   7 
2003	2   6   5 
