   1	2  40  13 
   3	3  21  22  23 
   6	2  21  20 
   8	3  21  22  20 
  11	2  22  20 
  13	2  20  13 
  15	2  21  29 
  17	3  40  23  13 
  20	2  23  30 
  22	3  40  20  13 
  25	2  40  31 
  25	3  12  13   2 
  28	2  13   2 
  30	2  13  10 
  32	3  40  20  31 
  35	2  20  31 
  37	3  40  20  29 
  37	6  33  23 
  40	3  21  40  29 
  43	2  21  24 
  45	2  40  32 
  45	2  29  11 
  47	2  22  24 
  47	2  40  41 
  49	2  21  41 
  51	2  24  32 
  53	2  22  23 
  55	3  40  24  41 
  58	2  24  43 
  60	3  21  40  41 
  63	3  12  31  11 
  66	3  21  40  23 
  69	3  12  29  11 
  69	6  41  23 
  72	2  11   0 
  74	3   3   2   0 
  75	6  33  31 
  77	2  12  14 
  79	3   3  11   0 
  81	2  23  14 
  82	2   3   4 
  83	3  22  40  41 
  86	3  40  20  30 
  86	6  13   5 
  89	3  40  31  30 
  92	2  40  39 
  92	6  50  42 
  94	3  21  22  38 
  97	2  21  38 
  98	6  41  24 
  99	2  38  39 
  99	6  12   4 
 104	3  40  31  39 
 104	6  23  14 
 107	3  40  38  39 
 105	6  12   4 
 110	2  40  49 
 111	6  24   4 
 112	2  39  28 
 112	6  50  41 
 114	6  46  29 
 118	2  31  41 
 117	6  34  15 
 120	6  49  31 
 123	6  43  42 
 126	2  22  31 
 128	3  40  38  31 
 123	6   5   3 
  82	6   1   0 
  89	6  10   1 
 120	6  20  10 
 131	3  12  32  23 
 131	6  58  38 
 134	3  12  14  23 
 137	2  12  13 
 137	6  20  10 
 139	2   4  13 
 141	3  22  40  31 
 137	6  47  37 
 123	6  16   7 
 134	6  25  16 
 140	6  52  25 
 144	2  40  38 
 143	6  11   0 
 146	3  40  58  38 
 146	6  24  23 
 149	2  58  38 
 151	3  40  58  41 
 152	3  12  14  13 
 154	3  40  49  41 
 155	3  12   4  13 
 157	3  40  58  42 
 158	2   4  15 
 158	6  21  11 
 160	3  40  50  42 
 120	6  55  54 
 143	6  65  55 
 149	6  18   9 
 149	6  75  65 
 155	6  36  18 
 160	6  23   5 
 161	6  56  36 
 166	2  13   5 
 163	6  52  42 
 168	3  12  30  28 
 169	6  42  41 
 171	2  30  19 
 173	3  23  24   5 
 173	6  30  12 
 173	6  27  19 
 175	6  43  42 
 179	3  30  39  28 
 179	3  23  13   5 
 179	6  10   2 
 182	2  30  29 
 184	2  31  29 
 185	2   5   2 
 186	3  30  39  29 
 185	6  18   9 
 189	3  30  31  29 
 187	6   5   3 
 192	2  31  48 
 192	2  29  19 
 193	6   3   1 
 194	3  30  38  48 
 197	3  30  31  48 
 199	3   9   2   1 
 200	6  30  23 
 167	6  55  45 
 200	6  58  55 
 206	2  23  42 
 206	6  46  39 
 208	2  43  42 
 208	6  15  13 
 212	3  30  28  19 
 215	3  23  31  42 
 218	3  23  43  42 
 218	6  38  30 
 221	2  43  53 
 223	2  42  58 
 224	3  38  29  19 
 221	6  22  13 
 225	6  53  33 
 227	3  38  48  58 
 230	1  48 
 227	6  14   4 
 231	3  40  20  37 
 233	6  43  24 
 234	6  37  30 
 234	6  58  48 
 239	6  32  24 
 239	6  51  42 
 240	6  36  29 
 245	6  58  51 
 234	6  10   0 
 240	6  18   9 
 246	6  28  10 
 206	6  64  63 
 234	6  64  55 
 246	6  55  46 
 251	6  52  34 
 252	3  38  58  48 
 255	1  58 
 255	1  48 
 252	6  27  18 
 257	3  23  39  22 
 258	6  36  19 
 260	3  23  14  22 
 263	3  23  14  33 
 260	6  48  47 
 264	6  19   1 
 266	3  23  32  33 
 269	2  23  42 
 270	3  27  47  36 
 271	2  34  42 
 273	2  30  32 
 273	6  47  46 
 275	2  22  29 
 277	3  23  31  42 
 279	3  38  28  29 
 280	3  23  34  42 
 282	3  27  36  46 
 283	2  34  25 
 283	3  23  32  30 
 252	6  64  63 
 285	6  37  19 
 286	3  23  14  25 
 286	3  40  50  48 
 289	2  50  48 
 289	3  23  34  25 
 291	2  50  41 
 291	2  46  37 
 291	6  30  20 
 291	6  58  48 
 292	6  24  17 
 297	2  40  21 
 297	3  64  37  46 
 299	2  30  21 
 297	6  59  58 
 301	3  38  22  29 
 298	6  42  34 
 304	2  59  42 
 304	2  38  47 
 304	6  31  23 
 306	6  59  51 
 300	6  75  66 
 306	6  66  48 
 304	6  12   3 
 310	6  22   5 
 304	6  28  18 
 310	6  29  28 
 312	6  56  47 
 316	3  40  49  58 
 310	6  11   3 
 298	6  17  16 
 312	6  52  25 
 318	6  15   7 
 319	2  58  48 
 319	3  31  42  51 
 322	3  31  21  48 
 325	3  31  58  48 
 328	2  58  75 
 328	3  31  21  12 
 328	6  42  33 
 331	2  48  68 
 333	3  40  49  47 
 331	6  16  14 
 336	2  49  47 
 316	6  10   9 
 325	6  19  10 
 331	6  21  19 
 322	6  53  52 
 334	6  52  42 
 338	1  49 
 338	3  31  22  12 
 338	6  67  56 
 341	2  22  25 
 343	3  40  30  41 
 340	6  60  52 
 343	6  25   7 
 346	2  60  67 
 346	3  31  47  29 
 348	6  67  58 
 349	3  31  11  29 
 352	3  31  14  15 
 352	6  48  38 
 355	2  31  21 
 355	2  15   6 
 355	6  33  25 
 357	6  31  21 
 358	6  59  48 
 361	6  42  33 
 352	6  19   1 
 358	6  37  19 
 361	6  15   5 
 363	6  22  21 
 367	3  40  50  41 
 364	6  57  37 
 367	6  34  15 
 370	3  40  49  50 
 370	6  47  29 
 373	2  41  24 
 375	3  40  50  49 
 375	6  24  13 
 376	6  38  20 
 381	2  33  31 
 378	6  60  50 
 383	3  22  14  31 
 382	6  56  48 
 386	3  22  33  31 
 382	6  37  27 
 388	6  59  49 
 389	3  22  29  13 
 392	6  32  15 
 348	6  53  52 
 384	6  52  51 
 390	6  43  34 
 392	6  47  28 
 392	6  21  13 
 394	6  61  59 
 398	6  40  22 
 398	6  56  37 
 398	6  43  33 
 400	6  61  60 
 404	3  40  41  21 
 370	6  76  75 
 373	6  26  17 
 376	6  77  76 
 396	6  35  26 
 400	6  77  68 
 404	6  65  45 
 407	2  40  59 
 409	2  41  59 
 404	6  35  34 
 409	6  39  38 
 410	6  52  44 
 410	6  75  64 
 416	3  49  42  58 
 419	3  49  50  58 
 419	6  43  42 
 422	1  58 
 423	3  49  66  57 
 425	6  51  42 
 426	3  49  57  66 
 429	2  49  48 
 410	6  46  45 
 411	6  77  69 
 416	6  46  38 
 417	6  69  61 
 423	6  61  53 
 431	2  39  48 
 431	2  50  33 
 433	3  40  60  59 
 433	6  53  43 
 436	3  40  41  59 
 439	2  41  34 
 439	6  68  60 
 441	3  49  32  48 
 444	3  49  39  48 
 410	6  27  20 
 416	6  21  20 
 444	6  32  21 
 447	2  59  52 
 449	3  56  58  47 
 449	6  52  44 
 452	3  56  47  58 
 450	6  41  32 
 455	2  56  65 
 456	2  39  42 
 455	6  68  59 
 458	2  48  65 
 460	3  56  66  65 
 461	3  40  51  60 
 463	6  57  56 
 464	6  50  49 
 416	6  28  27 
 450	6  14  12 
 456	6  23  14 
 458	6  29  28 
 462	6  24  23 
 464	6  30  29 
 464	6  52  43 
 470	3  40  67  60 
 473	3  40  59  41 
 476	2  40  41 
 476	6  52  51 
 478	1  41 
 478	3  57  48  65 
 481	2  65  58 
 478	6  31  30 
 483	3  75  58  65 
 470	6  34  24 
 462	6   6   4 
 464	6  27  19 
 468	6  12   4 
 470	6  20  19 
 482	6  61  60 
 476	6  14  11 
 482	6  24  14 
 484	6  30  12 
 486	6  73  66 
 490	2  40  60 
 488	6  35  24 
 490	6  21  20 
 494	3  50  33  49 
 497	3  50  42  39 
 500	2  39  38 
 500	3  50  43  51 
 503	2  34  43 
 503	3  57  49  38 
 503	6  62  60 
 506	3  57  39  38 
 509	2  35  62 
 509	2  57  66 
 509	6  50  32 
 490	6  13   5 
 468	6   8   7 
 494	6  16   7 
 496	6  20  19 
 500	6  16  15 
 506	6  15  14 
 509	6  39  20 
 511	6  69  62 
 511	6  67  66 
 515	6  42  39 
 517	6  69  68 
 521	6  44  33 
 521	6  50  40 
 486	6  55  54 
 511	6  56  55 
 521	6  58  57 
 517	6  75  65 
 521	6  22  20 
 521	6  47  38 
 523	6  69  60 
 527	6  53  35 
 529	3  50  59  68 
 532	2  59  56 
 527	6  24  22 
 533	6  53  52 
 511	6  17   8 
 533	6  35  17 
 534	6  60  50 
 539	6  44  35 
 540	3  32  31  51 
 543	2  51  67 
 533	6  15   5 
 539	6  25  15 
 545	3  60  52  68 
 545	6  35  25 
 548	3  58  48  67 
 548	6  60  52 
 543	6  22   4 
 548	6  42  41 
 549	6  23   5 
 554	3  52  53  44 
 554	6  59  58 
 557	3  32  43  34 
 560	3  32  21  30 
 560	3  52  35  44 
 563	2  12  21 
 563	3  59  51  67 
 563	6  34  24 
 566	1  67 
 567	3  65  67  47 
 569	2  51  34 
 570	3  65  47  67 
 565	6  31  22 
 571	6  52  34 
 571	6  31  23 
 577	3  32  13  30 
 577	6  61  43 
 580	2  30  14 
 573	6  68  58 
 579	6  58  49 
 583	3  32  21  12 
 585	6  59  51 
 586	6  34  23 
 585	6  56  48 
 591	6  48  30 
 592	3  32  41  33 
 595	3  51  52  59 
 592	6  15  14 
 595	6  35  25 
 598	2  49  41 
 597	6  30  22 
 598	6  68  52 
 601	6  25  15 
 604	6  51  44 
 603	6  13  12 
 603	6  48  30 
 609	6  30  14 
 610	6  44  35 
 615	3  32  50  33 
 615	6  15  14 
 618	3  32  42  43 
 618	6  60  59 
 621	3  23  34  31 
 624	3  23  40  31 
 624	6  35  25 
 627	1  31 
 624	6  60  53 
 604	6  76  65 
 610	6  77  76 
 616	6  79  77 
 622	6  79  71 
 627	6  14  13 
 630	3  32  43  42 
 630	6  71  62 
 633	2  23  26 
 635	2  42  33 
 633	6  49  40 
 637	3  23  34  26 
 640	2  34  26 
 640	3  23  13  22 
 640	6  52  50 
 643	3  25  24  35 
 646	2  14  24 
 646	6  50  30 
 648	3  25  15  35 
 651	2  35  53 
 652	3  23  30  22 
 653	3  62  53  35 
 655	1  22 
 655	3  32  41  40 
 610	6  72  56 
 616	6  57  56 
 652	6  58  57 
 656	6  26  15 
 658	6  58  41 
 662	6  25  24 
 664	6  59  50 
 668	3  24  25  14 
 662	6   8   7 
 586	6  10   2 
 609	6   3   2 
 671	3  23  50  41 
 671	6   4   3 
 674	2  23   7 
 676	3  32  31  51 
 664	6  66  47 
 670	6  47  38 
 676	6   7   6 
 679	3  32  51  31 
 682	2   4   6 
 682	2  31  40 
 682	6  38  20 
 684	3  24  33  42 
 684	6   6   5 
 687	6  23  13 
 687	6  42  25 
 682	6  62  53 
 688	6  21  20 
 693	2  25  14 
 670	6  74  66 
 676	6  66  58 
 682	6  69  59 
 688	6  58  39 
 688	6  53  44 
 694	6  59  41 
 695	3  13  21   5 
 698	3  13   4   5 
 695	6  44  34 
 698	6  39  30 
 701	3  34  14  25 
 704	2  23  21 
 706	3  32  22  15 
 709	3  32  15  22 
 712	3  24  40  31 
 715	6  30  13 
 700	6  59  51 
 715	6  51  33 
 721	2  30  41 
 721	2   5  13 
 721	6  60  58 
 723	3  30  39  41 
 726	2  39  41 
 721	6  34  25 
 723	6  12   3 
 728	1  39 
 727	6  25  14 
 728	6  58  48 
 733	3  32  33  13 
 592	6  27   9 
 688	6  37  27 
 736	3  30  21  23 
 739	1  23 
 739	2  30  49 
 741	1  49 
 741	3  32   5  13 
 744	2  13  22 
 744	6  49  29 
 746	6  24   4 
 750	3  30  39  48 
 753	2  12  29 
 753	3  32  23  41 
 755	6  38  37 
 756	3  32  41  23 
 759	3   4  22  13 
 762	2  13  31 
 764	3  30  48  39 
 767	2  38  39 
 767	6  32  31 
 755	6  27  19 
 761	6  19  11 
 767	6   5   3 
 773	3  31  29  12 
 776	2  12  23 
 778	3  31  39  38 
 781	3   4  23  12 
 784	3  14  32  13 
 787	6  31  12 
 781	6  38  29 
 787	6  29  19 
 793	3  12  11   3 
 796	3  12   3  11 
 799	2  11  19 
 799	6   4   3 
 805	3   3  19  11 
 808	2  11  31 
 810	3  14  31  11 
