   1	1  11 
   1	1  12 
   1	1  15 
   1	1   8 
   1	1   9 
   1	1  14 
   1	1  13 
   1	1   7 
   1	1  10 
   1	1   2 
   1	1   3 
   1	1   4 
   1	1   6 
   1	1   5 
   1	1   1 
   1	1   0 
   2	1  11 
   2	1  12 
   2	1  15 
   2	1   8 
   2	1   9 
   2	1  14 
   2	1  13 
   2	1   7 
   2	1  10 
   2	1   2 
   2	1   3 
   2	1   4 
   2	1   6 
   2	1   5 
   2	1   1 
   2	1   0 
   3	1  11 
   3	1  12 
   3	1  15 
   3	1   8 
   3	1   7 
   3	1   2 
   3	1   4 
   3	1   5 
   4	2   9  11 
   6	1  11 
   6	2  14  12 
   6	2   3   7 
   6	2   1   4 
   8	1  12 
   8	1   7 
   8	1   4 
   8	2   6   2 
   9	2  13  15 
  10	1   2 
  10	2   0   5 
  10	2   3   7 
  11	1  15 
  12	1   5 
  12	1   3 
  12	1   7 
  12	2  10   8 
  13	1   3 
  14	1   8 
  14	2  13  15 
  14	2   6   2 
  16	1  13 
  16	1   6 
  16	1   2 
  16	1  15 
  16	2   1   4 
  17	1  13 
  17	1   6 
  17	1  15 
  18	1   1 
  18	1   4 
  18	1  15 
  18	2   0   5 
  18	2   2   3 
  19	1   1 
  19	1  15 
  20	1   5 
  20	1   3 
  20	1  15 
  20	1   0 
  20	2  10   8 
  21	1  15 
  21	1   0 
  21	2   2   3 
  22	1  10 
  22	1   8 
  22	1   0 
  23	1  10 
  23	1   2 
  23	1   3 
  23	1   0 
  23	2   5   1 
  24	1   2 
  24	1   3 
  24	1   0 
  24	2  14  12 
  25	1   1 
  25	1   2 
  25	1   3 
  26	1  14 
  26	1  12 
  26	1   2 
  26	1   3 
  26	2   9  11 
  27	1  14 
  27	1   2 
  27	1   3 
  28	1   9 
  28	1  11 
  28	1   2 
  28	2  12  13 
  28	2   7  10 
  28	2   5   1 
  29	1   9 
  30	1  13 
  30	1  10 
  30	1   5 
  30	1   1 
  30	2   8   9 
  30	2  11  14 
  31	1   5 
  31	1   1 
  32	1   9 
  32	1  14 
  32	1   5 
  32	1   1 
  32	2  12  13 
  32	2   7  10 
  33	1   5 
  33	1   1 
  34	1  12 
  34	1   7 
  34	1  10 
  34	1  13 
  34	1   5 
  34	1   1 
  34	2   8   9 
  34	2  11  14 
  35	1  12 
  35	1   7 
  35	1  10 
  35	1  13 
  35	1   5 
  36	1   8 
  36	1  11 
  36	1   9 
  36	1  14 
  36	1  12 
  36	1   7 
  36	1  10 
  36	1  13 
  36	2   0   5 
  37	1   8 
  37	1  11 
  37	1   9 
  37	1  14 
  37	1  12 
  37	1   7 
  37	1  10 
  37	1  13 
  38	1   8 
  38	1  11 
  38	1   9 
  38	1  14 
  38	1  12 
  38	1   7 
  38	1  10 
  38	1  13 
  38	1   5 
  39	1   8 
  39	1  11 
  39	1   9 
  39	1  14 
  39	1  12 
  39	1   7 
  39	2   0   5 
  40	1   8 
  40	1  11 
  40	1   9 
  40	1  14 
  40	2   3   7 
  41	1   8 
  41	1  11 
  41	1   5 
  41	1   0 
  42	1   7 
  42	1   0 
  42	2  10   8 
  43	1   0 
  44	1   8 
  44	1   0 
  44	2  13  15 
  44	2   3   7 
  45	1   0 
  46	1  15 
  46	1   3 
  46	1   7 
  46	2  10   8 
  47	1   3 
  48	1  10 
  48	1   8 
  48	2  13  15 
  49	1  10 
  50	1  13 
  50	1  15 
  50	2   4   6 
  51	1  13 
  51	1  15 
  52	1   6 
  52	1  15 
  52	2   7  10 
  53	1  15 
  54	1  10 
  54	1  15 
  55	1  15 
  55	2   4   6 
  57	1   4 
  57	1   6 
  57	2   9  11 
  58	1   4 
  58	1   6 
  59	1   4 
  59	1   6 
  59	1  11 
  59	2  14  12 
  60	1   4 
  60	1   6 
  61	1   4 
  61	1   6 
  61	1  12 
  61	2   9  11 
  62	1   4 
  63	1   9 
  63	1  11 
  63	2   6   2 
  63	2  14  12 
  64	1   9 
  65	1   2 
  65	1  14 
  65	1  12 
  65	2   1   4 
  65	2   7  10 
  66	1  14 
  66	2  12  13 
  67	1   4 
  67	1   7 
  67	1  10 
  67	2   6   2 
  68	1  13 
  68	1   7 
  68	1  10 
  68	2   8   9 
  68	2  11  14 
  69	1   6 
  69	1   2 
  69	1   7 
  69	1  10 
  70	1   6 
  70	1   9 
  70	1  14 
  70	1   7 
  70	1  10 
  70	2   1   4 
  70	2  12  13 
  71	1   7 
  71	1  10 
  72	1   1 
  72	1   4 
  72	1  12 
  72	1  13 
  72	1   7 
  72	2   2   3 
  72	2   8   9 
  72	2  11  14 
  73	1   1 
  73	1  12 
  73	1  13 
  74	1   3 
  74	1   8 
  74	1  11 
  74	1   9 
  74	1  14 
  74	1  12 
  74	1  13 
  74	2   5   1 
  75	1   8 
  75	1  11 
  75	1   9 
  75	1  14 
  75	1  12 
  75	1  13 
  76	1   1 
  76	1   8 
  76	1  11 
  76	1   9 
  76	1  14 
  76	1  12 
  76	1  13 
  76	2   2   3 
  77	1   8 
  77	1  11 
  77	1   9 
  77	1  14 
  77	1  12 
  78	1   2 
  78	1   3 
  78	1   8 
  78	1  11 
  78	1   9 
  78	1  14 
  78	2   5   1 
  79	1   2 
  79	1   3 
  79	1   8 
  79	1  11 
  80	1   5 
  80	1   1 
  80	1   2 
  80	1   3 
  80	2  10   8 
  81	1   5 
  81	1   1 
  81	1   2 
  81	1   3 
  82	1   5 
  82	1   1 
  82	1   2 
  82	1   3 
  82	1   8 
  82	2  13  15 
  83	1   5 
  83	1   1 
  83	1   2 
  83	2   3   7 
  84	1   5 
  84	1   1 
  84	1  15 
  85	1   5 
  85	1   7 
  85	2  14  12 
  86	2   0   5 
  86	2   3   7 
  87	1  12 
  88	1   5 
  88	1   3 
  88	1   7 
  88	2  10   8 
  89	1   3 
  90	1  10 
  90	1   8 
  90	2  13  15 
  90	2   0   5 
  91	1  10 
  92	1  13 
  92	1   5 
  92	1  15 
  92	1   0 
  92	2   7  10 
  93	1  13 
  93	1  15 
  93	1   0 
  94	1  10 
  94	1  15 
  94	1   0 
  95	1  15 
  95	1   0 
  95	2   7  10 
  96	1  15 
  96	1   0 
  97	1   7 
  97	1  10 
  97	1  15 
  98	1   7 
  98	1  10 
  99	1   7 
  99	1  10 
 100	1   7 
 100	1  10 
 101	1   7 
 101	1  10 
 102	1   7 
 102	2  14  12 
 104	1  14 
 104	1  12 
 104	2   4   6 
 105	1  14 
 105	2  12  13 
 106	1   6 
 107	1  13 
 107	2   4   6 
 108	2  12  13 
 109	1   4 
 109	1   6 
 110	1   4 
 110	1   6 
 110	1  12 
 110	1  13 
 111	1   4 
 111	1   6 
 111	1  12 
 111	1  13 
 112	1   4 
 112	1   6 
 112	1  12 
 112	1  13 
 113	1   4 
 113	1   6 
 113	1  12 
 113	1  13 
 114	1   4 
 114	1  12 
 114	1  13 
 114	2   6   2 
 115	1  12 
 116	1   2 
 116	2   9  11 
 118	1  11 
 118	2   1   4 
 119	2  13  15 
 120	1   4 
 120	2   6   2 
 121	1  15 
 122	1   6 
 122	1   2 
 122	2   9  11 
 123	1   6 
 123	2   2   3 
 124	1   9 
 124	1  11 
 125	1   9 
 125	1   3 
 125	2   1   4 
 125	2  11  14 
 127	1   1 
 127	1   4 
 127	1  14 
 127	2   8   9 
 127	2   2   3 
 128	1   1 
 128	2  11  14 
 129	1   9 
 129	1   2 
 129	1   3 
 129	2   5   1 
 130	1  11 
 130	1   2 
 130	1  14 
 130	1   3 
 131	1   1 
 131	1  11 
 131	1   2 
 131	1  14 
 131	1   3 
 131	2   8   9 
 132	1  11 
 132	1   2 
 132	1  14 
 132	1   3 
 133	1   8 
 133	1   9 
 133	1  11 
 133	1   2 
 133	1  14 
 133	1   3 
 133	2   5   1 
 134	1   8 
 134	1   9 
 134	1  11 
 134	1   2 
 134	1  14 
 134	2   3   7 
 135	1   5 
 135	1   1 
 135	1   8 
 135	1   9 
 135	1  11 
 136	1   5 
 136	1   1 
 136	1   8 
 136	1   9 
 136	1   7 
 137	1   5 
 137	1   1 
 137	1   8 
 137	1   9 
 137	2   3   7 
 138	1   5 
 138	1   1 
 138	1   8 
 138	2  13  15 
 139	1   5 
 139	1   1 
 139	1   3 
 139	1   7 
 140	1   5 
 140	1  13 
 140	1   3 
 140	1  15 
 140	2  10   8 
 141	1  13 
 141	1  15 
 142	1   8 
 142	1  15 
 142	2   0   5 
 143	1  15 
 144	1   5 
 144	1  15 
 144	2  10   8 
 145	1  15 
 146	1  10 
 146	1   8 
 146	2   0   5 
 147	1  10 
 148	1   5 
 148	1   0 
 148	2  14  12 
 149	1   0 
 150	1  12 
 150	1   0 
 150	2   9  11 
 151	1   0 
 152	1  11 
 152	1   0 
 152	2  14  12 
 154	1  14 
 154	1  12 
 154	2   4   6 
 155	1  14 
 155	2  12  13 
 156	1   6 
 156	2   7  10 
 157	1  13 
 158	1  10 
 158	2  12  13 
 159	2   4   6 
 160	1  12 
 160	1  13 
 161	1   4 
 161	1   6 
 161	1  12 
 161	1  13 
 161	2   7  10 
 162	1   4 
 162	1   6 
 162	1  12 
 162	1  13 
 163	1   4 
 163	1   6 
 163	1   7 
 163	1  10 
 163	1  12 
 163	1  13 
 164	1   4 
 164	1   6 
 164	1   7 
 164	1  10 
 164	1  12 
 164	1  13 
 165	1   4 
 165	1   6 
 165	1   7 
 165	1  10 
 165	1  12 
 166	1   4 
 166	1   7 
 166	1  10 
 166	2   6   2 
 166	2  13  15 
 167	1   7 
 167	1  10 
 168	1   2 
 168	1   7 
 168	1  15 
 168	2   1   4 
 169	2  13  15 
 170	1   4 
 170	2   6   2 
 171	1  13 
 171	1  15 
 172	1   6 
 172	1   2 
 172	1  13 
 172	1  15 
 172	2   1   4 
 173	1   6 
 173	1  15 
 174	1   1 
 174	1   4 
 174	1  15 
 174	2   2   3 
 175	1   1 
 175	2   9  11 
 176	1   3 
 177	1   9 
 177	1  11 
 177	2   4   6 
 178	1   9 
 179	1   6 
 179	2   8   9 
 179	2  11  14 
 179	2   2   3 
 181	1   9 
 181	1  14 
 181	1   2 
 181	1   3 
 181	2   5   1 
 182	1   2 
 182	1   3 
 182	2  11  14 
 183	1   1 
 183	1   2 
 183	1   3 
 183	2   8   9 
 184	1  11 
 184	1  14 
 184	1   2 
 184	1   3 
 185	1   8 
 185	1   9 
 185	1  11 
 185	1  14 
 185	1   2 
 185	1   3 
 185	2   5   1 
 186	1   8 
 186	1   9 
 186	1  11 
 186	1  14 
 186	1   2 
 186	2   3   7 
 187	1   5 
 187	1   1 
 187	1   8 
 187	1   9 
 187	1  11 
 187	1  14 
 188	1   5 
 188	1   1 
 188	1   8 
 188	1   9 
 188	1  11 
 188	1  14 
 188	1   7 
 189	1   5 
 189	1   1 
 189	1   8 
 189	1   9 
 189	1  11 
 189	2   3   7 
 190	1   5 
 190	1   1 
 190	1   8 
 191	1   5 
 191	1   1 
 191	1   3 
 191	1   7 
 191	2  10   8 
 192	1   5 
 192	1   3 
 193	1   8 
 193	2   0   5 
 194	2  14  12 
 195	1   5 
 196	1  12 
 196	2   4   6 
 198	1   4 
 198	1   6 
 198	2   9  11 
 199	1   4 
 199	1   6 
 200	1   4 
 200	1   6 
 200	1  11 
 200	2  14  12 
 200	2   0   5 
 201	1   4 
 201	1   6 
 202	1   4 
 202	1   6 
 202	1  14 
 202	1   5 
 202	1  12 
 202	1   0 
 203	1   4 
 203	1  14 
 203	1   0 
 203	2   6   2 
 203	2  12  13 
 204	1   0 
 205	1   2 
 205	1  13 
 205	1   0 
 205	2   1   4 
 206	2  12  13 
 207	1   4 
 207	2   6   2 
 208	1  12 
 208	1  13 
 209	1   6 
 209	1   2 
 209	1  12 
 209	1  13 
 209	2   1   4 
 210	1   6 
 210	1  12 
 210	1  13 
 211	1   1 
 211	1   4 
 211	1  12 
 211	1  13 
 211	2   2   3 
 212	1   1 
 212	2  10   8 
 213	1   3 
 214	1  10 
 214	1   8 
 214	2   5   1 
 215	1  10 
 216	1   1 
 216	2   9  11 
 216	2   2   3 
 218	1   9 
 218	1  11 
 218	1   2 
 218	1   3 
 218	2   7  10 
 218	2   5   1 
 219	1   9 
 219	1   2 
 219	1   3 
 220	1  10 
 220	1   5 
 220	1   1 
 220	1   2 
 220	1   3 
 220	2   8   9 
 220	2  11  14 
 221	1   5 
 221	1   1 
 221	1   2 
 221	1   3 
 222	1   9 
 222	1  14 
 222	1   5 
 222	1   1 
 222	2   7  10 
 223	1   5 
 223	1   1 
 224	1   7 
 224	1  10 
 224	2   8   9 
 224	2  11  14 
 225	1   7 
 225	1  10 
 226	1   8 
 226	1   9 
 226	1  11 
 226	1  14 
 226	1   7 
 226	1  10 
 227	1   8 
 227	1   9 
 227	1  11 
 227	1  14 
 227	1   7 
 227	1  10 
 228	1   8 
 228	1   9 
 228	1  11 
 228	1  14 
 229	1   8 
 229	1   9 
 229	1  11 
 229	1  14 
 230	2   4   6 
 232	1   6 
 233	2   4   6 
 235	1   4 
 235	1   6 
 236	1   4 
 236	1   6 
 237	1   4 
 237	1   6 
 238	1   4 
 238	1   6 
