   1	1  11 
   1	1   8 
   1	1   9 
   1	1   7 
   1	1  10 
   1	1   2 
   1	1   3 
   1	1   4 
   1	1   6 
   1	1   0 
   1	1   1 
   1	1   5 
   1	1  14 
   2	1  11 
   2	1   8 
   2	1   9 
   2	1   7 
   2	1  10 
   2	1   2 
   2	1   3 
   2	1   4 
   2	1   6 
   2	1   0 
   2	1   1 
   2	1   5 
   2	1  14 
   3	1  11 
   3	1   8 
   3	1   7 
   3	1   2 
   3	1   4 
   3	1   0 
   3	1  14 
   4	2   9  11 
   6	1  11 
   6	2   3   7 
   6	2   1   4 
   8	1   7 
   8	1   4 
   8	2   6   2 
  10	1   2 
  10	2  10   8 
  12	1   8 
  12	2   5   0 
  12	2   3   7 
  14	1   0 
  14	1   3 
  14	1   7 
  14	2  10   8 
  15	1   3 
  16	1  10 
  16	1   8 
  16	2   6   2 
  17	1  10 
  18	1   6 
  18	1   2 
  18	2   9  11 
  19	1   6 
  19	2   2   3 
  20	1   9 
  20	1  11 
  20	2   5   0 
  21	1   9 
  21	1   3 
  21	2  11  14 
  22	1   0 
  22	1   5 
  22	2   1   4 
  23	1  14 
  23	1   5 
  23	2   7  10 
  24	1   1 
  24	1   4 
  24	1   5 
  25	1   1 
  25	1  10 
  25	1   5 
  25	2   8   9 
  25	2  11  14 
  25	2   2   3 
  26	1   5 
  27	1   9 
  27	1  11 
  27	1   2 
  27	1   3 
  27	1  14 
  27	2   0   1 
  27	2   7  10 
  28	1  11 
  28	1   2 
  28	1   3 
  28	1  14 
  29	1   1 
  29	1   7 
  29	1  10 
  29	1  11 
  29	1   2 
  29	1   3 
  29	1  14 
  29	2   8   9 
  30	1   7 
  30	1  10 
  30	1  11 
  30	1   2 
  30	1   3 
  30	1  14 
  30	2   0   1 
  31	1   8 
  31	1   9 
  31	1   7 
  31	1  10 
  31	1  11 
  31	1   2 
  31	1   3 
  31	1  14 
  32	1   8 
  32	1   9 
  32	1   0 
  32	1   1 
  32	1   7 
  32	1  10 
  32	1  11 
  32	1   2 
  32	1  14 
  33	1   8 
  33	1   9 
  33	1   0 
  33	1   1 
  33	1   7 
  33	1  10 
  34	1   8 
  34	1   9 
  34	1   0 
  34	1   1 
  34	1   7 
  35	1   8 
  35	1   9 
  35	1   0 
  35	1   1 
  35	2   3   7 
  36	1   8 
  36	1   0 
  36	1   1 
  37	1   0 
  37	1   7 
  37	2  10   8 
  39	1   8 
  39	2   5   0 
  39	2   3   7 
  41	1   0 
  41	1   3 
  41	1   7 
  41	2  10   8 
  42	1   3 
  43	1  10 
  43	1   8 
  43	2   5   0 
  44	1  10 
  45	1   0 
  45	1   5 
  45	2   7  10 
  46	1   5 
  47	1  10 
  47	1   5 
  48	1   5 
  48	2   7  10 
  49	1   5 
  50	1   7 
  50	1  10 
  51	1   7 
  51	1  10 
  52	1   7 
  52	1  10 
  53	1   7 
  53	1  10 
  54	1   7 
  54	1  10 
  55	1   7 
  56	2   4   6 
  58	1   6 
  58	2   9  11 
  60	1  11 
  60	2   4   6 
  62	1   4 
  62	1   6 
  62	2   9  11 
  63	1   4 
  63	1   6 
  64	1   4 
  64	1   6 
  64	1   9 
  64	1  11 
  65	1   4 
  65	1   6 
  65	1   9 
  65	2  11  14 
  66	1   4 
  66	1   6 
  66	2   8   9 
  67	1   4 
  67	1  14 
  67	2   6   2 
  68	1   9 
  68	2  11  14 
  69	1   2 
  69	2   1   4 
  70	1  11 
  70	1  14 
  71	1   4 
  71	1  11 
  71	1  14 
  71	2   6   2 
  71	2   8   9 
  72	1  11 
  72	1  14 
  73	1   6 
  73	1   2 
  73	1   8 
  73	1   9 
  73	1  11 
  73	1  14 
  73	2   1   4 
  74	1   6 
  74	1   8 
  74	1   9 
  74	1  11 
  74	1  14 
  75	1   1 
  75	1   4 
  75	1   8 
  75	1   9 
  75	1  11 
  75	1  14 
  75	2   2   3 
  76	1   1 
  76	1   8 
  76	1   9 
  77	1   3 
  77	1   8 
  77	1   9 
  77	2   0   1 
  78	1   8 
  79	1   1 
  79	2   4   6 
  81	1   6 
  81	2   2   3 
  81	2   9  11 
  83	1   2 
  83	1   3 
  83	1  11 
  83	2   0   1 
  84	1   2 
  84	1   3 
  84	2  10   8 
  85	1   0 
  85	1   1 
  85	1   2 
  85	1   3 
  86	1   0 
  86	1   1 
  86	1   2 
  86	1   3 
  86	1   8 
  87	1   0 
  87	1   1 
  87	1   2 
  87	1   3 
  87	2  10   8 
  88	1   0 
  88	1   1 
  88	1   2 
  89	1   0 
  89	1   1 
  89	1  10 
  89	1   8 
  89	2   3   7 
  90	1   0 
  90	1  10 
  91	1   7 
  91	2   5   0 
  92	2   3   7 
  93	1   0 
  94	1   3 
  94	1   7 
  94	2   5   0 
  95	1   3 
  96	1   0 
  96	1   5 
  96	2   7  10 
  97	1   5 
  98	1  10 
  98	1   5 
  99	1   5 
  99	2   7  10 
 100	1   5 
 101	1   7 
 101	1  10 
 102	1   7 
 102	1  10 
 103	1   7 
 103	1  10 
 104	1   7 
 104	1  10 
 105	1   7 
 105	1  10 
 106	1   7 
 107	2   4   6 
 109	1   4 
 109	1   6 
 109	2   9  11 
 110	1   4 
 110	1   6 
 111	1   4 
 111	1   6 
 111	1   9 
 111	1  11 
 112	1   4 
 112	1   6 
 112	1   9 
 112	2  11  14 
 113	1   4 
 113	1   6 
 113	2   8   9 
 114	1   4 
 114	1  14 
 114	2   6   2 
 115	1   9 
 115	2  11  14 
 116	1   2 
 116	2   1   4 
 117	1  11 
 117	1  14 
 118	1   4 
 118	1  11 
 118	1  14 
 118	2   6   2 
 118	2   8   9 
 119	1  11 
 119	1  14 
 120	1   6 
 120	1   2 
 120	1   8 
 120	1   9 
 120	1  11 
 120	1  14 
 120	2   1   4 
 121	1   6 
 121	1   8 
 121	1   9 
 121	1  11 
 121	1  14 
 122	1   1 
 122	1   4 
 122	1   8 
 122	1   9 
 122	1  11 
 122	1  14 
 122	2   2   3 
 123	1   1 
 123	1   8 
 123	1   9 
 124	1   3 
 124	1   8 
 124	1   9 
 124	2   0   1 
 125	1   8 
 126	1   1 
 126	2   4   6 
 128	1   6 
 128	2   2   3 
 128	2   9  11 
 130	1   2 
 130	1   3 
 130	1  11 
 130	2   0   1 
 131	1   2 
 131	1   3 
 131	2  10   8 
 132	1   0 
 132	1   1 
 132	1   2 
 132	1   3 
 133	1   0 
 133	1   1 
 133	1   2 
 133	1   3 
 133	1   8 
 134	1   0 
 134	1   1 
 134	1   2 
 134	1   3 
 134	2  10   8 
 135	1   0 
 135	1   1 
 135	1   2 
 136	1   0 
 136	1   1 
 136	1  10 
 136	1   8 
 136	2   3   7 
 137	1   0 
 137	1  10 
 138	1   7 
 138	2   5   0 
 139	2   3   7 
 140	1   0 
 141	1   3 
 141	1   7 
 141	2   5   0 
 142	1   3 
 143	1   0 
 143	1   5 
 143	2   7  10 
 144	1   5 
 145	1  10 
 145	1   5 
 146	1   5 
 146	2   7  10 
 147	1   5 
 148	1   7 
 148	1  10 
 149	1   7 
 149	1  10 
 150	1   7 
 150	1  10 
 151	1   7 
 151	1  10 
 152	1   7 
 152	1  10 
 153	1   7 
 154	2   4   6 
 156	1   4 
 156	1   6 
 156	2   9  11 
 157	1   4 
 157	1   6 
 158	1   4 
 158	1   6 
 158	1   9 
 158	1  11 
 159	1   4 
 159	1   6 
 159	1   9 
 159	2  11  14 
 160	1   4 
 160	1   6 
 160	2   8   9 
 161	1   4 
 161	1  14 
 161	2   6   2 
 162	1   9 
 162	2  11  14 
 163	1   2 
 163	2   1   4 
 164	1  11 
 164	1  14 
 165	1   4 
 165	1  11 
 165	1  14 
 165	2   6   2 
 165	2   8   9 
 166	1  11 
 166	1  14 
 167	1   6 
 167	1   2 
 167	1   8 
 167	1   9 
 167	1  11 
 167	1  14 
 167	2   1   4 
 168	1   6 
 168	1   8 
 168	1   9 
 168	1  11 
 168	1  14 
 169	1   1 
 169	1   4 
 169	1   8 
 169	1   9 
 169	1  11 
 169	1  14 
 169	2   2   3 
 170	1   1 
 170	1   8 
 170	1   9 
 171	1   3 
 171	1   8 
 171	1   9 
 171	2   0   1 
 172	1   8 
 173	1   1 
 173	2   4   6 
 175	1   6 
 175	2   2   3 
 175	2   9  11 
 177	1   2 
 177	1   3 
 177	1  11 
 177	2   0   1 
 178	1   2 
 178	1   3 
 178	2  10   8 
 179	1   0 
 179	1   1 
 179	1   2 
 179	1   3 
 180	1   0 
 180	1   1 
 180	1   2 
 180	1   3 
 180	1   8 
 181	1   0 
 181	1   1 
 181	1   2 
 181	1   3 
 181	2  10   8 
 182	1   0 
 182	1   1 
 182	1   2 
 183	1   0 
 183	1   1 
 183	1  10 
 183	1   8 
 183	2   3   7 
 184	1   0 
 184	1  10 
 185	1   7 
 185	2   5   0 
 186	2   3   7 
 187	1   0 
 188	1   3 
 188	1   7 
 188	2   5   0 
 189	1   3 
 190	1   0 
 190	1   5 
 190	2   7  10 
 191	1   5 
 192	1  10 
 192	1   5 
 193	1   5 
 193	2   7  10 
 195	1   7 
 195	1  10 
 196	1   7 
 196	1  10 
 197	1   7 
 197	1  10 
 198	1   7 
 198	1  10 
 199	2   4   6 
 201	1   4 
 201	1   6 
 201	2   9  11 
 202	1   4 
 202	1   6 
 203	1   4 
 203	1   6 
 203	1   9 
 203	1  11 
 204	1   4 
 204	1   6 
 204	1   9 
 204	2  11  14 
 205	1   4 
 205	1   6 
 205	2   8   9 
 206	1   4 
 206	1  14 
 206	2   6   2 
 207	1   9 
 207	2  11  14 
 208	1   2 
 208	2   1   4 
 209	1  11 
 209	1  14 
 210	1   4 
 210	1  11 
 210	1  14 
 210	2   6   2 
 210	2   8   9 
 211	1  11 
 211	1  14 
 212	1   6 
 212	1   2 
 212	1   8 
 212	1   9 
 212	1  11 
 212	1  14 
 212	2   1   4 
 213	1   6 
 213	1   8 
 213	1   9 
 214	1   1 
 214	1   4 
 214	1   8 
 214	1   9 
 214	2   2   3 
 215	1   1 
 215	1   8 
 215	1   9 
 216	1   3 
 216	2   0   1 
 218	1   1 
 218	2   4   6 
 220	1   6 
 220	2   0   1 
 222	1   0 
 222	1   1 
 222	2   2   3 
 223	1   0 
 223	1   1 
 224	1   2 
 224	1   3 
 224	1   0 
 224	1   1 
 225	1   2 
 225	1   3 
 225	1   0 
 225	1   1 
 226	1   2 
 226	1   3 
 227	1   2 
 227	1   3 
 228	2   4   6 
 230	1   4 
 230	1   6 
 231	1   4 
 231	1   6 
 232	1   4 
 232	1   6 
 233	1   4 
 233	1   6 
