   1	1   8 
   1	1   7 
   1	1  10 
   1	1   2 
   1	1   3 
   1	1   4 
   1	1   6 
   1	1   5 
   1	1   1 
   1	1   0 
   2	1   8 
   2	1   7 
   2	1  10 
   2	1   2 
   2	1   3 
   2	1   4 
   2	1   6 
   2	1   5 
   2	1   1 
   2	1   0 
   3	1   8 
   3	1   7 
   3	1   2 
   3	1   4 
   3	1   5 
   4	2  10   8 
   6	1   8 
   6	2   3   7 
   6	2   1   4 
   8	1   7 
   8	1   4 
   8	2   6   2 
  10	1   2 
  10	2  10   8 
  12	1  10 
  12	1   8 
  12	2   0   5 
  12	2   3   7 
  13	1  10 
  13	1   8 
  14	1   5 
  14	1   3 
  14	1   7 
  14	1   8 
  14	2   6   2 
  15	1   3 
  15	1   8 
  16	1   6 
  16	1   2 
  16	1   8 
  16	2   1   4 
  16	2   7  10 
  17	1   6 
  17	1   8 
  18	1   1 
  18	1   4 
  18	1  10 
  18	2   0   5 
  18	2   2   3 
  19	1   1 
  20	1   5 
  20	1   3 
  20	1   0 
  20	2   7  10 
  21	1   0 
  21	2   5   1 
  22	1   7 
  22	1  10 
  22	1   0 
  23	1   1 
  23	1   7 
  23	1  10 
  23	1   0 
  23	2   2   3 
  24	1   7 
  24	1  10 
  24	1   0 
  25	1   2 
  25	1   3 
  25	1   7 
  25	1  10 
  25	2   5   1 
  26	1   2 
  26	1   3 
  26	1   7 
  26	1  10 
  27	1   5 
  27	1   1 
  27	1   2 
  27	1   3 
  27	1   7 
  27	2  10   8 
  28	1   5 
  28	1   1 
  28	1   2 
  28	1   3 
  29	1   5 
  29	1   1 
  29	1   2 
  29	1   3 
  29	1   8 
  30	1   5 
  30	1   1 
  30	1   2 
  30	2   3   7 
  31	1   5 
  31	1   1 
  32	1   5 
  32	1   7 
  32	2  10   8 
  34	1  10 
  34	1   8 
  34	2   0   5 
  34	2   3   7 
  35	1  10 
  35	1   8 
  36	1   5 
  36	1   3 
  36	1   7 
  36	1   8 
  37	1   3 
  37	1   8 
  37	2   0   5 
  38	1   8 
  39	1   5 
  39	1   0 
  39	1   8 
  39	2   7  10 
  40	1   0 
  41	1  10 
  41	1   0 
  42	1   0 
  42	2   7  10 
  43	1   0 
  44	1   7 
  44	1  10 
  45	1   7 
  45	1  10 
  46	1   7 
  46	1  10 
  47	1   7 
  47	1  10 
  48	1   7 
  48	1  10 
  49	1   7 
  49	2  10   8 
  51	1   8 
  52	2   4   6 
  54	1   6 
  55	2   4   6 
  57	1   4 
  57	1   6 
  58	1   4 
  58	1   6 
  59	1   4 
  59	1   6 
  60	1   4 
  60	1   6 
  61	1   4 
  61	1   6 
  62	1   4 
  62	2   6   2 
  64	1   2 
  64	2   1   4 
  66	1   4 
  66	2   6   2 
  68	1   6 
  68	1   2 
  68	2   1   4 
  69	1   6 
  70	1   1 
  70	1   4 
  70	2   2   3 
  71	1   1 
  71	2  10   8 
  72	1   3 
  73	1  10 
  73	1   8 
  73	2   5   1 
  74	1  10 
  74	1   8 
  75	1   1 
  75	1   8 
  75	2   2   3 
  76	1   8 
  77	1   2 
  77	1   3 
  77	1   8 
  77	2   5   1 
  78	1   2 
  78	1   3 
  78	1   8 
  79	1   5 
  79	1   1 
  79	1   2 
  79	1   3 
  80	1   5 
  80	1   1 
  80	1   2 
  80	1   3 
  81	1   5 
  81	1   1 
  81	1   2 
  81	1   3 
  82	1   5 
  82	1   1 
  82	1   2 
  82	2   3   7 
  83	1   5 
  83	1   1 
  84	1   5 
  84	1   7 
  85	2   4   6 
  87	1   6 
  87	2   0   5 
  87	2   3   7 
  89	1   5 
  89	1   3 
  89	1   7 
  90	1   3 
  90	2   4   6 
  92	1   4 
  92	1   6 
  92	2   0   5 
  93	1   4 
  93	1   6 
  94	1   4 
  94	1   6 
  94	1   5 
  94	1   0 
  94	2   7  10 
  95	1   4 
  95	1   6 
  95	1   0 
  96	1   4 
  96	1   6 
  96	1  10 
  96	1   0 
  97	1   4 
  97	1   0 
  97	2   6   2 
  98	1   0 
  99	1   2 
  99	2   1   4 
  99	2   7  10 
 101	1   4 
 101	1   7 
 101	1  10 
 101	2   6   2 
 102	1   7 
 102	1  10 
 103	1   6 
 103	1   2 
 103	1   7 
 103	1  10 
 103	2   1   4 
 104	1   6 
 104	1   7 
 104	1  10 
 105	1   1 
 105	1   4 
 105	1   7 
 105	1  10 
 105	2   2   3 
 106	1   1 
 106	1   7 
 106	2  10   8 
 107	1   3 
 108	1   8 
 108	2   5   1 
 110	1   1 
 110	2   4   6 
 112	1   6 
 112	2   2   3 
 113	2  10   8 
 114	1   2 
 114	1   3 
 115	1   2 
 115	1   3 
 115	1  10 
 115	1   8 
 115	2   5   1 
 116	1   2 
 116	1   3 
 116	1  10 
 116	1   8 
 117	1   5 
 117	1   1 
 117	1   2 
 117	1   3 
 117	1   8 
 118	1   5 
 118	1   1 
 118	1   2 
 118	1   3 
 118	1   8 
 119	1   5 
 119	1   1 
 119	1   2 
 119	1   8 
 119	2   3   7 
 120	1   5 
 120	1   1 
 120	1   8 
 121	1   5 
 121	1   1 
 121	1   7 
 122	1   5 
 122	2   3   7 
 123	2   0   5 
 124	1   3 
 124	1   7 
 125	1   5 
 125	1   3 
 125	2   7  10 
 127	1  10 
 127	2   0   5 
 129	1   5 
 129	1   0 
 129	2   7  10 
 130	1   0 
 131	1   7 
 131	1  10 
 131	1   0 
 132	1   7 
 132	1  10 
 132	1   0 
 133	1   7 
 133	1  10 
 133	1   0 
 134	1   7 
 134	1  10 
 135	1   7 
 135	1  10 
 136	1   7 
 136	2  10   8 
 138	1   8 
 139	2   4   6 
 141	1   4 
 141	1   6 
 142	1   4 
 142	1   6 
 143	1   4 
 143	1   6 
 144	1   4 
 144	1   6 
 145	1   4 
 145	1   6 
 146	1   4 
 146	2   6   2 
 148	1   2 
 148	2   1   4 
 150	1   4 
 150	2   6   2 
 152	1   6 
 152	1   2 
 152	2   1   4 
 153	1   6 
 154	1   1 
 154	1   4 
 154	2   2   3 
 155	1   1 
 155	2  10   8 
 156	1   3 
 157	1  10 
 157	1   8 
 157	2   5   1 
 158	1  10 
 158	1   8 
 159	1   1 
 159	1   8 
 159	2   2   3 
 160	1   8 
 161	1   2 
 161	1   3 
 161	2   5   1 
 162	1   2 
 162	1   3 
 163	1   5 
 163	1   1 
 163	1   2 
 163	1   3 
 164	1   5 
 164	1   1 
 164	1   2 
 164	1   3 
 165	1   5 
 165	1   1 
 165	1   2 
 165	1   3 
 166	1   5 
 166	1   1 
 166	1   2 
 166	2   3   7 
 167	1   5 
 167	1   1 
 168	1   5 
 168	1   7 
 169	2   4   6 
 171	1   6 
 171	2   0   5 
 171	2   3   7 
 173	1   5 
 173	1   3 
 173	1   7 
 174	1   3 
 174	2   4   6 
 176	1   4 
 176	1   6 
 176	2   0   5 
 177	1   4 
 177	1   6 
 178	1   4 
 178	1   6 
 178	1   5 
 178	1   0 
 178	2   7  10 
 179	1   4 
 179	1   6 
 179	1   0 
 180	1   4 
 180	1   6 
 180	1  10 
 180	1   0 
 181	1   4 
 181	1   0 
 181	2   6   2 
 183	1   2 
 183	2   1   4 
 183	2   7  10 
 185	1   4 
 185	1   7 
 185	1  10 
 185	2   6   2 
 186	1   7 
 186	1  10 
 187	1   6 
 187	1   2 
 187	1   7 
 187	1  10 
 187	2   1   4 
 188	1   6 
 188	1   7 
 188	1  10 
 189	1   1 
 189	1   4 
 189	2   2   3 
 190	1   1 
 191	1   3 
 191	2   5   1 
 193	1   1 
 193	2   4   6 
 195	1   6 
 195	2   5   1 
 197	1   5 
 197	1   1 
 197	2   2   3 
 198	1   5 
 198	1   1 
 199	1   2 
 199	1   3 
 199	1   5 
 199	1   1 
 200	1   2 
 200	1   3 
 200	1   5 
 200	1   1 
 201	1   2 
 201	1   3 
 202	1   2 
 202	1   3 
 203	2   4   6 
 205	1   4 
 205	1   6 
 206	1   4 
 206	1   6 
 207	1   4 
 207	1   6 
 208	1   4 
 208	1   6 
