   1	1   5 
   1	1   0 
   1	1   2 
   1	1   4 
   1	1   6 
   1	1  14 
   1	1  11 
   1	1  10 
   1	1   8 
   1	1  13 
   1	1   3 
   1	1   7 
   1	1  12 
   1	1   1 
   1	1   9 
   2	1   2 
   2	1  14 
   2	1  10 
   2	1   8 
   2	1  13 
   2	1   3 
   2	1   7 
   2	1  12 
   2	2   5   0 
   3	2  11  14 
   4	2   2   5 
   5	6  11  10 
   6	1   5 
   6	2   0   2 
   8	1   2 
   8	2   0   5 
  10	1   5 
  10	1   0 
  11	2   2   5 
  13	2   0   2 
  13	6  10   9 
  15	1   2 
  16	1   2 
  17	1   2 
  19	2   5   0 
  19	6  14  12 
  21	1   5 
  21	1   0 
  22	1   5 
  25	2   4   6 
  27	2   5   4 
  27	6  11  10 
  29	1   4 
  29	6   1   0 
  35	2   6   5 
  37	1   5 
  37	6   6   1 
  37	6   9   8 
  43	2   1   4 
  45	1   4 
  45	1   1 
  46	2   5   4 
  48	2   1   5 
  50	1   5 
  50	2   4   1 
  51	1   5 
  52	1   4 
  52	1   1 
  52	1   5 
  53	1   4 
  54	2   4   8 
  56	1   8 
  57	2  12   4 
  59	1   4 
  59	2  12   8 
  61	1   8 
  61	1  12 
  62	2   4   8 
  64	2  12   4 
  66	1   4 
  66	2   8  12 
  67	1   4 
  68	1   8 
  68	1  12 
  68	2   4   1 
  70	2   5   4 
  72	1   4 
  72	2   1   5 
  72	2   8  12 
  74	1   5 
  74	2   1   4 
  76	1   4 
  76	1   1 
  77	2   5   4 
  79	2   1   5 
  81	1   5 
  81	2   4   1 
  82	1   5 
  83	1   4 
  83	1   1 
  83	2   5   6 
  85	2   2   5 
  87	1   5 
  87	2   6   2 
  89	1   2 
  89	2   6   5 
  91	1   5 
  91	1   6 
  91	2   4   1 
  93	2   2   5 
  95	2   6   2 
  97	1   2 
  97	2   5   6 
  98	1   2 
  99	1   5 
  99	1   6 
  99	1   2 
 100	1   5 
 100	6   9   6 
 106	2   5   4 
 106	6   3   2 
 108	1   4 
 112	2   1   5 
 114	1   5 
 114	2   1   4 
 116	1   4 
 116	1   1 
 117	2   5   4 
 119	2   1   5 
 121	1   5 
 121	2   4   1 
 122	1   5 
 123	1   4 
 123	1   1 
 123	1   5 
 124	1   4 
 125	2   4   8 
 127	1   8 
 128	2  12   4 
 130	1   4 
 130	2  12   8 
 132	1   8 
 132	1  12 
 133	2   4   8 
 135	2  12   4 
 137	1   4 
 137	2   8  12 
 138	1   4 
 139	1   8 
 139	1  12 
 139	2   4   1 
 141	2   5   4 
 143	1   4 
 143	2   1   5 
 143	2   8  12 
 145	1   5 
 145	2   1   4 
 147	1   4 
 147	1   1 
 148	2   5   4 
 150	2   1   5 
 152	1   5 
 152	2   4   1 
 153	1   5 
 154	1   4 
 154	1   1 
 154	2   5   9 
 156	2  10   5 
 158	1   5 
 158	2   9  10 
 158	2   4   1 
 160	1  10 
 160	2   9   5 
 162	1   5 
 162	1   9 
 163	2  10   5 
 165	2   9  10 
 167	1  10 
 167	2   5   9 
 168	1  10 
 169	1   5 
 169	1   9 
 169	1  10 
 170	1   5 
 171	2   5   4 
 173	1   4 
 173	2   1   5 
 175	1   5 
 175	2   1   4 
 177	1   4 
 177	1   1 
 178	2   5   4 
 180	2   1   5 
 182	1   5 
 182	2   4   1 
 183	1   5 
 184	1   4 
 184	1   1 
 184	1   5 
 185	1   4 
 186	2   4   8 
 188	1   8 
 189	2  12   4 
 191	1   4 
 191	2  12   8 
 193	1   8 
 193	1  12 
 194	2   4   8 
 196	2  12   4 
 198	1   4 
 198	2   8  12 
 199	1   4 
 200	1   8 
 200	1  12 
 200	2   4   1 
 202	2   5   4 
 204	1   4 
 204	2   1   5 
 204	2   8  12 
 206	1   5 
 206	2   1   4 
 208	1   4 
 208	1   1 
 209	2   5   4 
 211	2   1   5 
 213	1   5 
 213	2   4   1 
 214	1   5 
 215	1   4 
 215	1   1 
 215	2   5   9 
 217	2  10   5 
 219	1   5 
 219	2   9  10 
 219	2   4   1 
 221	1  10 
 221	2   9   5 
 223	1   5 
 223	1   9 
 224	2  10   5 
 226	2   9  10 
 228	1  10 
 228	2   5   9 
 229	1  10 
 230	1   5 
 230	1   9 
 230	1  10 
 231	1   5 
 231	6  10   2 
 237	2   5   4 
 237	6  11   7 
 239	1   4 
 239	2   1   5 
 241	1   5 
 241	2   1   4 
 243	1   4 
 243	1   1 
 244	2   5   4 
 246	2   1   5 
 248	1   5 
 248	2   4   1 
 249	1   5 
 250	1   4 
 250	1   1 
 250	1   5 
 251	1   4 
 252	2   4   8 
 254	1   8 
 255	2  12   4 
 257	1   4 
 257	2  12   8 
 259	1   8 
 259	1  12 
 260	2   4   8 
 262	2  12   4 
 264	1   4 
 264	2   8  12 
 265	1   4 
 266	1   8 
 266	1  12 
 266	2   4   1 
 268	2   5   4 
 270	1   4 
 270	2   1   5 
 270	2   8  12 
 272	1   5 
 272	2   1   4 
 274	1   4 
 274	1   1 
 275	2   5   4 
 277	2   1   5 
 279	1   5 
 279	2   4   1 
 280	1   5 
 281	1   4 
 281	1   1 
 281	2   5   9 
 283	2   6   5 
 285	1   5 
 285	2   9   6 
 287	1   6 
 287	2   9   5 
 289	1   5 
 289	1   9 
 289	2   4   1 
 291	2   6   5 
 293	2   9   6 
 295	1   6 
 295	2   5   9 
 296	1   6 
 297	1   5 
 297	1   9 
 297	1   6 
 298	1   5 
 299	2   5   4 
 301	1   4 
 301	2   1   5 
 303	1   5 
 303	2   1   4 
 305	1   4 
 305	1   1 
 306	2   5   4 
 308	2   1   5 
 310	1   5 
 310	2   4   1 
 311	1   5 
 312	1   4 
 312	1   1 
 312	1   5 
 313	1   4 
 314	2   4   8 
 316	1   8 
 317	2  12   4 
 319	1   4 
 319	2  12   8 
 321	1   8 
 321	1  12 
 322	2   4   8 
 324	2  12   4 
 326	1   4 
 326	2   8  12 
 327	1   4 
 328	1   8 
 328	1  12 
 328	2   4   1 
 330	2   5   4 
 332	1   4 
 332	2   1   5 
 332	2   8  12 
 334	1   5 
 334	2   1   4 
 336	1   4 
 336	1   1 
 337	2   5   4 
 339	2   1   5 
 341	1   5 
 341	2   4   1 
 342	1   5 
 343	1   4 
 343	1   1 
 343	2   5   9 
 345	2   6   5 
 347	1   5 
 347	2   9   6 
 349	1   6 
 349	2   9   5 
 351	1   5 
 351	1   9 
 351	2   4   1 
 353	2   6   5 
 355	2   9   6 
 357	1   6 
 357	2   5   9 
 358	1   6 
 359	1   5 
 359	1   9 
 359	1   6 
 360	1   5 
 360	6  11   6 
 366	2   5   4 
 368	1   4 
 368	2   1   5 
 370	1   5 
 370	2   1   4 
 372	1   4 
 372	1   1 
 373	2   5   4 
 375	2   1   5 
 377	1   5 
 377	2   4   1 
 378	1   5 
 379	1   4 
 379	1   1 
 379	1   5 
 380	1   4 
 381	2   4   8 
 383	1   8 
 384	2  12   4 
 386	1   4 
 386	2  12   8 
 388	1   8 
 388	1  12 
 389	2   4   8 
 391	2  12   4 
 393	1   4 
 393	2   8  12 
 394	1   4 
 395	1   8 
 395	1  12 
 395	2   4   1 
 397	2   5   4 
 399	1   4 
 399	2   1   5 
 399	2   8  12 
 401	1   5 
 401	2   1   4 
 403	1   4 
 403	1   1 
 404	2   5   4 
 406	2   1   5 
 408	1   5 
 408	2   4   1 
 409	1   5 
 410	1   4 
 410	1   1 
 410	2   5   9 
 412	2  13   5 
 414	1   5 
 414	2   9  13 
 414	2   4   1 
 416	1  13 
 416	2   9   5 
 418	1   5 
 418	1   9 
 419	2  13   5 
 421	2   9  13 
 423	1  13 
 423	2   5   9 
 424	1  13 
 425	1   5 
 425	1   9 
 425	1  13 
 426	1   5 
 427	2   5   4 
 429	1   4 
 429	2   1   5 
 431	1   5 
 431	2   1   4 
 433	1   4 
 433	1   1 
 434	2   5   4 
 436	2   1   5 
 438	1   5 
 438	2   4   1 
 439	1   5 
 440	1   4 
 440	1   1 
 440	1   5 
 441	1   4 
 442	2   4   8 
 444	1   8 
 445	2  12   4 
 447	1   4 
 447	2  12   8 
 449	1   8 
 449	1  12 
 450	2   4   8 
 452	2  12   4 
 454	1   4 
 454	2   8  12 
 455	1   4 
 456	1   8 
 456	1  12 
 456	2   4   1 
 458	2   5   4 
 460	1   4 
 460	2   1   5 
 460	2   8  12 
 462	1   5 
 462	2   1   4 
 464	1   4 
 464	1   1 
 465	2   5   4 
 467	2   1   5 
 469	1   5 
 469	2   4   1 
 470	1   5 
 471	1   4 
 471	1   1 
 471	2   5   9 
 473	2  13   5 
 475	1   5 
 475	2   9  13 
 475	2   4   1 
 477	1  13 
 477	2   9   5 
 479	1   5 
 479	1   9 
 480	2  13   5 
 482	2   9  13 
 484	1  13 
 484	2   5   9 
 485	1  13 
 486	1   5 
 486	1   9 
 486	1  13 
 487	1   5 
 488	2   5   4 
 490	1   4 
 490	2   1   5 
 492	1   5 
 492	2   1   4 
 494	1   4 
 494	1   1 
 495	2   5   4 
 497	2   1   5 
 499	1   5 
 499	2   4   1 
 500	1   5 
 501	1   4 
 501	1   1 
 501	1   5 
 502	1   4 
 503	2   4   8 
 505	1   8 
 506	2  12   4 
 508	1   4 
 508	2  12   8 
 510	1   8 
 510	1  12 
 511	2   4   8 
 513	2  12   4 
 515	1   4 
 515	2   8  12 
 516	1   4 
 517	1   8 
 517	1  12 
 517	2   4   1 
 519	2   5   4 
 521	1   4 
 521	2   1   5 
 521	2   8  12 
 523	1   5 
 523	2   1   4 
 525	1   4 
 525	1   1 
 526	2   5   4 
 528	2   1   5 
 530	1   5 
 530	2   4   1 
 531	1   5 
 532	1   4 
 532	1   1 
 532	2   5   9 
 534	2  10   5 
 536	1   5 
 536	2   9  10 
 536	2   4   1 
 538	1  10 
 538	2   9   5 
 540	1   5 
 540	1   9 
 541	2  10   5 
 543	2   9  10 
 545	1  10 
 545	2   5   9 
 546	1  10 
 547	1   5 
 547	1   9 
 547	1  10 
 548	1   5 
 549	2   5   4 
 551	1   4 
 551	2   1   5 
 553	1   5 
 553	2   1   4 
 555	1   4 
 555	1   1 
 556	2   5   4 
 558	2   1   5 
 560	1   5 
 560	2   4   1 
 561	1   5 
 562	1   4 
 562	1   1 
 562	1   5 
 563	1   4 
 564	2   4   8 
 566	1   8 
 567	2  12   4 
 569	1   4 
 569	2  12   8 
 571	1   8 
 571	1  12 
 572	2   4   8 
 574	2  12   4 
 576	1   4 
 576	2   8  12 
 577	1   4 
 578	1   8 
 578	1  12 
 578	2   4   1 
 580	2   5   4 
 582	1   4 
 582	2   1   5 
 582	2   8  12 
 584	1   5 
 584	2   1   4 
 586	1   4 
 586	1   1 
 587	2   5   4 
 589	2   1   5 
 591	1   5 
 591	2   4   1 
 592	1   5 
 593	1   4 
 593	1   1 
 593	2   5   9 
 595	2  10   5 
 597	1   5 
 597	2   9  10 
 597	2   4   1 
 599	1  10 
 599	2   9   5 
 601	1   5 
 601	1   9 
 602	2  10   5 
 604	2   9  10 
 606	1  10 
 606	2   5   9 
 607	1  10 
 608	1   5 
 608	1   9 
 608	1  10 
 609	1   5 
 609	6  11  10 
 610	2   5   4 
 612	1   4 
 612	2   1   5 
 614	1   5 
 614	2   1   4 
 616	1   4 
 616	1   1 
 617	2   5   4 
 619	2   1   5 
 621	1   5 
 621	2   4   1 
 622	1   5 
 623	1   4 
 623	1   1 
 623	1   5 
 624	1   4 
 625	2   4   8 
 627	1   8 
 628	2  12   4 
 630	1   4 
 630	2  12   8 
 632	1   8 
 632	1  12 
 633	2   4   8 
 635	2  12   4 
 637	1   4 
 637	2   8  12 
 638	1   4 
 639	1   8 
 639	1  12 
 639	2   4   1 
 640	1   8 
 641	2   5   4 
 643	1   4 
 643	2   1   5 
 643	2   8  12 
 645	1   5 
 645	2   1   4 
 647	1   4 
 647	1   1 
 648	2   5   4 
 650	2   1   5 
 652	1   5 
 652	2   4   1 
 653	1   5 
 654	1   1 
 654	1   4 
 654	6  10   5 
 660	2   9   1 
 662	2   6   9 
 664	1   9 
 664	2   1   6 
 664	6  13   8 
 666	1   6 
 670	2   1   9 
 672	1   9 
 672	1   1 
 673	2   6   9 
 675	2   1   6 
 677	1   6 
 677	2   9   1 
 678	1   6 
 679	1   9 
 679	1   1 
 679	1   6 
 680	1   9 
 681	2   9  13 
 683	1  13 
 683	2  12   9 
 685	1   9 
 685	2  12  13 
 687	1  13 
 687	1  12 
 688	2   9  13 
 690	2  12   9 
 692	1   9 
 692	2  13  12 
 693	1   9 
 694	1  13 
 694	1  12 
 695	2   9   1 
 697	2   6   9 
 699	1   9 
 699	2   1   6 
 699	2  13  12 
 701	1   6 
 701	2   1   9 
 703	1   9 
 703	1   1 
 704	2   6   9 
 706	2   1   6 
 708	1   6 
 708	2   9   1 
 709	1   6 
 710	1   9 
 710	1   1 
 710	1   6 
 711	1   9 
 711	6   4   1 
 712	2   9  13 
 714	1  13 
 708	6   7   3 
 714	6   7   6 
 717	2  12   9 
 719	1   9 
 719	2  12  13 
 721	1  13 
 721	1  12 
 722	2   9  13 
 724	2  12   9 
 726	1   9 
 726	2  13  12 
 727	1   9 
 728	1  13 
 728	1  12 
 728	2   9   4 
 730	2   5   9 
 732	1   9 
 732	2   4   5 
 732	2  13  12 
 734	1   5 
 734	2   4   9 
 736	1   9 
 736	1   4 
 737	2   5   9 
 739	2   4   5 
 741	1   5 
 741	2   9   4 
 742	1   5 
 743	1   9 
 743	1   4 
 743	1   5 
 744	1   9 
 745	2   9  13 
 747	1  13 
 747	2  12   9 
 749	1   9 
 749	2  12  13 
 751	1  13 
 751	1  12 
 752	2   9  13 
 754	2  12   9 
 756	1   9 
 756	2  13  12 
 757	1   9 
 758	1  13 
 758	1  12 
 758	2   9   4 
 760	2   5   9 
 762	1   9 
 762	2   4   5 
 762	2  13  12 
 764	1   5 
 764	2   4   9 
 766	1   9 
 766	1   4 
 767	2   5   9 
 769	2   4   5 
 771	1   5 
 771	2   9   4 
 772	1   5 
 773	1   9 
 773	1   4 
 773	1   5 
 774	1   9 
 774	6  10   5 
 780	2   9  13 
 782	1  13 
 782	2  12   9 
 784	1   9 
 784	2  12  13 
 786	1  13 
 786	1  12 
 787	2   9  13 
 789	2  12   9 
 791	1   9 
 791	2  13  12 
 792	1   9 
 793	1  13 
 793	1  12 
 793	2   9   4 
 795	2   8   9 
 797	1   9 
 797	2   4   8 
 799	1   8 
 799	2   4   9 
 801	1   9 
 801	1   4 
 801	2  13  12 
 803	2   8   9 
 805	2   4   8 
 807	1   8 
 807	2   9   4 
 808	1   8 
 809	1   9 
 809	1   4 
 809	1   8 
 810	1   9 
 811	2   9  13 
 813	1  13 
 813	2  12   9 
 815	1   9 
 815	2  12  13 
 817	1  13 
 817	1  12 
 818	2   9  13 
 820	2  12   9 
 822	1   9 
 822	2  13  12 
 823	1   9 
 824	1  13 
 824	1  12 
 824	2   9   4 
 826	2   8   9 
 828	1   9 
 828	2   4   8 
 830	1   8 
 830	2   4   9 
 832	1   9 
 832	1   4 
 832	2  13  12 
 834	2   8   9 
 836	2   4   8 
 838	1   8 
 838	2   9   4 
 839	1   8 
 840	1   9 
 840	1   4 
 840	1   8 
 841	1   9 
 841	2   1   4 
 842	2   9  13 
 843	6   4   1 
 844	1  13 
 849	2  12   9 
 851	1   9 
 851	2  12  13 
 853	1  13 
 853	1  12 
 854	2   9  13 
 856	2  12   9 
 858	1   9 
 858	2  13  12 
 859	1   9 
 860	1   9 
 860	1  12 
 860	1  13 
 861	1  12 
 861	2   5   9 
 863	2   6   5 
 863	2  13  12 
 865	1   5 
 865	2   9   6 
 867	1   6 
 867	2   9   5 
 869	1   5 
 869	1   9 
 869	6  13   8 
 870	2   6   5 
 875	2   9   6 
 877	1   6 
 877	2   5   9 
 878	1   6 
 879	1   5 
 879	1   9 
 879	1   6 
 879	6  14  10 
 880	1   5 
 881	2   5   4 
 883	1   4 
 883	2   1   5 
 885	1   5 
 885	2   1   4 
 885	6  14  13 
 887	1   4 
 887	1   1 
 888	2   5   4 
 890	2   1   5 
 892	1   5 
 892	2   4   1 
 893	1   5 
 894	1   4 
 894	1   1 
 894	1   5 
 895	1   4 
 896	2   4   8 
 898	1   8 
 899	2  12   4 
 901	1   4 
 901	2  12   8 
 903	1   8 
 903	1  12 
 904	2   4   8 
 906	2  12   4 
 908	1   4 
 908	2   8  12 
 909	1   4 
 910	1   8 
 910	1  12 
 910	2   4   1 
 912	2   5   4 
 914	1   4 
 914	2   1   5 
 914	2   8  12 
 916	1   5 
 916	2   1   4 
 918	1   4 
 918	1   1 
 919	2   5   4 
 921	2   1   5 
 923	1   5 
 923	2   4   1 
 924	1   5 
 925	1   4 
 925	1   1 
 925	2   5   9 
 927	2   6   5 
 929	1   5 
 929	2   9   6 
 931	1   6 
 931	2   9   5 
 933	1   5 
 933	1   9 
 933	2   4   1 
 935	2   6   5 
 937	2   9   6 
 939	1   6 
 939	2   5   9 
 940	1   6 
 941	1   5 
 941	1   9 
 942	1   5 
 943	2   5   4 
 945	1   4 
 945	2   1   5 
 947	1   5 
 947	2   1   4 
 949	1   4 
 949	1   1 
 949	6  14   6 
 955	2   5   4 
 955	6  11   7 
 957	2   1   5 
 959	1   5 
 959	2   4   1 
 960	1   5 
 961	1   4 
 961	1   1 
 961	1   5 
 962	1   4 
 963	2   4   8 
 965	1   8 
 966	2  12   4 
 968	1   4 
 968	2  12   8 
 970	1   8 
 970	1  12 
 971	2   4   8 
 973	2  12   4 
 975	1   4 
 975	2   8  12 
 976	1   4 
 977	1   8 
 977	1  12 
 977	2   4   1 
 979	2   5   4 
 981	1   4 
 981	2   1   5 
 981	2   8  12 
 983	1   5 
 983	2   1   4 
 985	1   4 
 985	1   1 
 986	2   5   4 
 988	2   1   5 
 990	1   5 
 990	2   4   1 
 991	1   5 
 992	1   4 
 992	1   1 
 992	2   5   9 
 994	2  10   5 
 996	1   5 
 996	2   9  10 
 996	2   4   1 
 998	1  10 
 998	2   9   5 
1000	1   5 
1000	1   9 
1001	2  10   5 
1003	2   9  10 
1005	1  10 
1005	2   5   9 
1006	1  10 
1007	1   5 
1007	1   9 
1007	1  10 
1008	1   5 
1009	2   5   4 
1011	1   4 
1011	2   1   5 
1013	1   5 
1013	2   1   4 
1015	1   4 
1015	1   1 
1016	2   5   4 
1018	2   1   5 
1020	1   5 
1020	2   4   1 
1021	1   5 
1022	1   4 
1022	1   1 
1022	1   5 
1023	1   4 
1024	2   4   8 
1026	1   8 
1027	2  12   4 
1029	1   4 
1029	2  12   8 
1031	1   8 
1031	1  12 
1032	2   4   8 
1034	2  12   4 
1036	1   4 
1036	2   8  12 
1037	1   4 
1038	1   8 
1038	1  12 
1038	2   4   1 
1040	2   5   4 
1042	1   4 
1042	2   1   5 
1042	2   8  12 
1044	1   5 
1044	2   1   4 
1046	1   4 
1046	1   1 
1047	2   5   4 
1049	2   1   5 
1051	1   5 
1051	2   4   1 
1052	1   5 
1053	1   4 
1053	1   1 
1053	2   5   9 
1055	2  10   5 
1057	1   5 
1057	2   9  10 
1057	2   4   1 
1059	1  10 
1059	2   9   5 
1061	1   5 
1061	1   9 
1062	2  10   5 
1064	2   9  10 
1066	1  10 
1066	2   5   9 
1067	1  10 
1068	1   5 
1068	1   9 
1068	1  10 
1069	1   5 
1069	6  10   7 
1070	2   5   4 
1072	1   4 
1072	2   1   5 
1074	1   5 
1074	2   1   4 
1075	6  11   7 
1076	1   4 
1076	1   1 
1077	2   5   4 
1079	2   1   5 
1081	1   5 
1081	2   4   1 
1082	1   5 
1083	1   4 
1083	1   1 
1083	1   5 
1083	6   7   2 
1084	1   4 
1085	2   4   8 
1087	1   8 
1088	2  12   4 
1090	1   4 
1090	2  12   8 
1091	6   2   0 
1092	1   8 
1092	1  12 
1097	2   4   8 
1099	2  12   4 
1101	1   4 
1101	2   8  12 
1102	1   4 
1103	1   8 
1103	1  12 
1103	2   4   1 
1105	2   5   4 
1107	1   4 
1107	2   1   5 
1107	2   8  12 
1109	1   5 
1109	2   1   4 
1111	1   4 
1111	1   1 
1112	2   5   4 
1114	2   1   5 
1116	1   5 
1116	2   4   1 
1117	1   5 
1118	1   4 
1118	1   1 
1118	2   5   9 
1120	2  13   5 
1122	1   5 
1122	2   9  13 
1122	2   4   1 
1124	1  13 
1124	2   9   5 
1126	1   5 
1126	1   9 
1127	2  13   5 
1129	2   9  13 
1131	1  13 
1131	2   5   9 
1132	1  13 
1133	1   5 
1133	1   9 
1133	1  13 
1134	1   5 
1135	2   5   4 
1137	1   4 
1137	2   1   5 
1139	1   5 
1139	2   1   4 
1141	1   4 
1141	1   1 
1142	2   5   4 
1144	2   1   5 
1146	1   5 
1146	2   4   1 
1147	1   5 
1148	1   4 
1148	1   1 
1148	1   5 
1149	1   4 
1150	2   4   8 
1152	1   8 
1153	2  12   4 
1155	1   4 
1155	2  12   8 
1157	1   8 
1157	1  12 
1158	2   4   8 
1160	2  12   4 
1162	1   4 
1162	2   8  12 
1163	1   4 
1164	1   8 
1164	1  12 
1164	2   4   1 
1166	2   5   4 
1168	1   4 
1168	2   1   5 
1168	2   8  12 
1170	1   5 
1170	2   1   4 
1172	1   4 
1172	1   1 
1173	2   5   4 
1175	2   1   5 
1177	1   5 
1177	2   4   1 
1178	1   5 
1179	1   4 
1179	1   1 
1179	2   5   9 
1181	2  13   5 
1183	1   5 
1183	2   9  13 
1183	2   4   1 
1185	1  13 
1185	2   9   5 
1187	1   5 
1187	1   9 
1188	2  13   5 
1190	2   9  13 
1192	1  13 
1192	2   5   9 
1193	1  13 
1194	1   5 
1194	1   9 
1194	1  13 
1195	1   5 
1195	6   9   6 
1201	2   5   4 
1203	1   4 
1203	2   1   5 
1205	1   5 
1205	2   1   4 
1207	1   4 
1207	1   1 
1208	2   5   4 
1210	2   1   5 
1212	1   5 
1212	2   4   1 
1213	1   5 
1214	1   4 
1214	1   1 
1214	1   5 
1215	1   4 
1216	2   4   8 
1218	1   8 
1219	2  12   4 
1221	1   4 
1221	2  12   8 
1223	1   8 
1223	1  12 
1224	2   4   8 
1226	2  12   4 
1228	1   4 
1228	2   8  12 
1229	1   4 
1230	1   8 
1230	1  12 
1230	2   4   1 
1232	2   5   4 
1234	1   4 
1234	2   1   5 
1234	2   8  12 
1236	1   5 
1236	2   1   4 
1238	1   4 
1238	1   1 
1239	2   5   4 
1241	2   1   5 
1243	1   5 
1243	2   4   1 
1244	1   5 
1245	1   4 
1245	1   1 
1245	2   5   6 
1247	2   9   5 
1249	1   5 
1249	2   6   9 
1251	1   9 
1251	2   6   5 
1253	1   5 
1253	1   6 
1253	2   4   1 
1255	2   9   5 
1257	2   6   9 
1259	1   9 
1259	2   5   6 
1260	1   9 
1261	1   5 
1261	1   6 
1261	1   9 
1262	1   5 
1263	2   5   4 
1265	1   4 
1265	2   1   5 
1267	1   5 
1267	2   1   4 
1269	1   4 
1269	1   1 
1270	2   5   4 
1272	2   1   5 
1274	1   5 
1274	2   4   1 
1275	1   5 
1276	1   4 
1276	1   1 
1276	1   5 
1277	1   4 
1278	2   4   8 
1280	1   8 
1281	2  12   4 
1283	1   4 
1283	2  12   8 
1285	1   8 
1285	1  12 
1286	2   4   8 
1288	2  12   4 
1290	1   4 
1290	2   8  12 
1291	1   4 
1292	1   8 
1292	1  12 
1292	2   4   1 
1294	2   5   4 
1296	1   4 
1296	2   1   5 
1296	2   8  12 
1298	1   5 
1298	2   1   4 
1300	1   4 
1300	1   1 
1301	2   5   4 
1303	2   1   5 
1305	1   5 
1305	2   4   1 
1306	1   5 
1307	1   4 
1307	1   1 
1307	2   5   6 
1309	2   9   5 
1311	1   5 
1311	2   6   9 
1313	1   9 
1313	2   6   5 
1315	1   5 
1315	1   6 
1315	2   4   1 
1317	2   9   5 
1319	2   6   9 
1321	1   9 
1321	2   5   6 
1322	1   9 
1323	1   5 
1323	1   6 
1323	1   9 
1324	1   5 
1325	2   5   4 
1327	1   4 
1327	2   1   5 
1329	1   5 
1329	2   1   4 
1331	1   4 
1331	1   1 
1332	2   5   4 
1334	2   1   5 
1336	1   5 
1336	2   4   1 
1337	1   5 
1338	1   4 
1338	1   1 
1338	1   5 
1339	1   4 
1340	2   4   8 
1342	1   8 
1343	2  12   4 
1345	1   4 
1345	2  12   8 
1347	1   8 
1347	1  12 
1348	2   4   8 
1350	2  12   4 
1352	1   4 
1352	2   8  12 
1353	1   4 
1354	1   8 
1354	1  12 
1354	2   4   1 
1356	2   5   4 
1358	1   4 
1358	2   1   5 
1358	2   8  12 
1360	1   5 
1360	2   1   4 
1362	1   4 
1362	1   1 
1363	2   5   4 
1365	2   1   5 
1367	1   5 
1367	2   4   1 
1368	1   5 
1369	1   4 
1369	1   1 
1369	2   5   6 
1371	2  10   5 
1373	1   5 
1373	2   6  10 
1373	2   4   1 
1375	1  10 
1375	2   6   5 
1377	1   5 
1377	1   6 
1378	2  10   5 
1380	2   6  10 
1382	1  10 
1382	2   5   6 
1383	1  10 
1384	1   5 
1384	1   6 
1384	1  10 
1385	1   5 
1386	2   5   4 
1388	1   4 
1388	2   1   5 
1390	1   5 
1390	2   1   4 
1392	1   4 
1392	1   1 
1393	2   5   4 
1395	2   1   5 
1397	1   5 
1397	2   4   1 
1398	1   5 
1399	1   4 
1399	1   1 
1399	1   5 
1400	1   4 
1401	2   4   8 
1403	1   8 
1404	2  12   4 
1406	1   4 
1406	2  12   8 
1408	1   8 
1408	1  12 
1409	2   4   8 
1411	2  12   4 
1413	1   4 
1413	2   8  12 
1414	1   4 
1415	1   8 
1415	1  12 
1415	2   4   1 
1417	2   5   4 
1419	1   4 
1419	2   1   5 
1419	2   8  12 
1421	1   5 
1421	2   1   4 
1423	1   4 
1423	1   1 
1424	2   5   4 
1426	2   1   5 
1428	1   5 
1428	2   4   1 
1429	1   5 
1430	1   4 
1430	1   1 
1430	2   5   6 
1432	2  10   5 
1434	1   5 
1434	2   6  10 
1434	2   4   1 
1436	1  10 
1436	2   6   5 
1438	1   5 
1438	1   6 
1439	2  10   5 
1441	2   6  10 
1443	1  10 
1443	2   5   6 
1444	1  10 
1445	1   5 
1445	1   6 
1445	1  10 
1446	1   5 
1446	2   2   6 
1448	2   5   4 
1450	1   4 
1450	2   1   5 
1452	1   5 
1452	2   1   4 
1454	1   4 
1454	1   1 
1455	2   5   4 
1457	2   1   5 
1459	1   5 
1459	2   4   1 
1460	1   5 
1461	1   4 
1461	1   1 
1461	1   5 
1462	1   4 
1463	2   4   8 
1465	1   8 
1466	2  12   4 
1468	1   4 
1468	2  12   8 
1470	1   8 
1470	1  12 
1471	2   4   8 
1473	2  12   4 
1475	1   4 
1475	2   8  12 
1476	1   4 
1477	1  12 
1477	1   8 
1477	2   4   1 
1478	1  12 
1479	2   5   4 
1481	1   4 
1481	2   1   5 
1481	2   8  12 
1483	1   5 
1483	2   1   4 
1485	1   4 
1485	1   1 
1485	6   9   8 
1491	2   5   4 
1493	2   1   5 
1495	1   5 
1495	2   4   1 
1496	1   5 
1495	6  10   9 
1497	1   4 
1497	1   1 
1498	2   3   1 
1501	2   5   4 
1501	6  10   7 
1501	6  13  12 
1507	2   0   5 
1507	6  15  13 
1509	1   5 
1509	2   4   0 
1511	1   0 
1511	2   4   5 
1513	1   5 
1513	1   4 
1513	6  15  11 
1514	2   0   5 
1516	2   4   0 
1518	1   0 
1518	2   5   4 
1519	1   0 
1520	1   5 
1520	1   4 
1520	1   0 
1520	6  10   9 
1521	1   5 
1526	2   5   2 
1526	6  15  13 
1528	1   2 
1528	2   6   5 
1530	1   5 
1530	2   6   2 
1532	1   2 
1532	1   6 
1532	6  13   8 
1538	2   5   2 
1540	2   6   5 
1542	1   5 
1542	2   2   6 
1543	1   5 
1544	1   2 
1544	1   6 
1544	1   5 
1545	1   2 
1546	2   2   3 
1548	1   3 
1548	2   1   2 
1550	1   2 
1551	2   1   3 
1553	1   3 
1553	1   1 
1554	2   2   3 
1556	2   1   2 
1558	1   2 
1559	1   2 
1560	1   2 
1561	2   3   1 
1563	1   3 
1563	1   1 
1564	1   3 
1565	2   3   7 
1567	1   7 
1568	2  11   3 
1570	1   3 
1570	2  11   7 
1572	1   7 
1572	1  11 
1573	2   3   7 
1575	2  11   3 
1577	1   3 
1577	2   7  11 
1578	1   3 
1579	1   7 
1579	1  11 
1580	2   3   1 
1582	2   2   3 
1584	1   3 
1584	2   1   2 
1584	2   7  11 
1586	1   2 
1587	2   1   3 
1589	1   3 
1589	1   1 
1590	2   2   3 
1592	2   1   2 
1594	1   2 
1595	1   2 
1596	2   2   6 
1598	2   5   2 
1600	1   2 
1600	2   6   5 
1602	1   5 
1602	2   6   2 
1604	1   2 
1604	1   6 
1605	2   5   2 
1607	2   6   5 
1609	1   5 
1609	2   2   6 
1610	1   5 
1611	1   2 
1611	1   6 
1611	2   5   4 
1613	2   0   5 
1615	1   5 
1615	2   4   0 
1615	2   2   6 
1617	1   0 
1617	2   4   5 
1619	1   5 
1619	1   4 
1620	2   0   5 
1622	2   4   0 
1624	1   0 
1624	2   5   4 
1625	1   0 
1626	1   5 
1626	1   4 
1626	1   0 
1627	1   5 
1627	6   9   4 
1633	2   5   2 
1635	1   2 
1635	2   6   5 
1637	1   5 
1637	2   6   2 
1639	1   2 
1639	1   6 
1640	2   5   2 
1642	2   6   5 
1644	1   5 
1644	2   2   6 
1645	1   5 
1646	1   2 
1646	1   6 
1646	1   5 
1647	1   2 
1648	2   3   1 
1650	1   3 
1650	1   1 
1651	2   3   1 
1653	2   2   3 
1655	1   3 
1655	2   1   2 
1657	1   2 
1658	2   1   3 
1660	1   3 
1660	1   1 
1661	2   2   3 
1663	2   1   2 
1665	1   2 
1666	1   2 
1667	1   2 
1668	2   3   1 
1670	1   3 
1670	1   1 
1671	1   3 
1672	2   3   7 
1674	1   7 
1675	2  11   3 
1677	1   3 
1677	2  11   7 
1679	1   7 
1679	1  11 
1680	2   3   7 
1682	2  11   3 
1684	1   3 
1684	2   7  11 
1685	1   3 
1686	1   7 
1686	1  11 
1687	2   3   1 
1689	2   2   3 
1691	1   3 
1691	2   1   2 
1691	2   7  11 
1693	1   2 
1694	2   1   3 
1696	1   3 
1696	1   1 
1697	2   2   3 
1699	2   1   2 
1701	1   2 
1702	1   2 
1703	2   2   6 
1705	2   5   2 
1707	1   2 
1707	2   6   5 
1709	1   5 
1709	2   6   2 
1711	1   2 
1711	1   6 
1712	2   5   2 
1714	2   6   5 
1716	1   5 
1716	2   2   6 
1717	1   5 
1718	1   2 
1718	1   6 
1718	2   5   9 
1720	2   4   5 
1722	1   5 
1722	2   9   4 
1722	2   2   6 
1724	1   4 
1724	2   9   5 
1726	1   5 
1726	1   9 
1727	2   4   5 
1729	2   9   4 
1731	1   4 
1731	2   5   9 
1732	1   4 
1733	1   5 
1733	1   9 
1733	1   4 
1734	1   5 
1735	2   5   2 
1737	1   2 
1737	2   6   5 
1739	1   5 
1739	2   6   2 
1741	1   2 
1741	1   6 
1742	2   5   2 
1744	2   6   5 
1746	1   5 
1746	2   2   6 
1747	1   5 
1748	1   2 
1748	1   6 
1748	1   5 
1749	1   2 
1750	2   3   1 
1752	1   3 
1752	1   1 
1753	2   3   1 
1755	2   2   3 
1757	1   3 
1757	2   1   2 
1759	1   2 
1760	2   1   3 
1762	1   3 
1762	1   1 
1763	2   2   3 
1765	2   1   2 
1767	1   2 
1768	1   2 
1769	1   2 
1770	2   3   1 
1772	1   3 
1772	1   1 
1773	1   3 
1774	2   3   7 
1776	1   7 
1777	2  11   3 
1779	1   3 
1779	2  11   7 
1781	1   7 
1781	1  11 
1782	2   3   7 
1784	2  11   3 
1786	1   3 
1786	2   7  11 
1787	1   3 
1788	1   7 
1788	1  11 
1789	2   3   1 
1791	2   2   3 
1793	1   3 
1793	2   1   2 
1793	2   7  11 
1795	1   2 
1796	2   1   3 
1798	1   3 
1798	1   1 
1799	2   2   3 
1801	2   1   2 
1803	1   2 
1804	1   2 
1805	2   2   6 
1807	2   5   2 
1809	1   2 
1809	2   6   5 
1811	1   5 
1811	2   6   2 
1813	1   2 
1813	1   6 
1814	2   5   2 
1816	2   6   5 
1818	1   5 
1818	2   2   6 
1819	1   5 
1820	1   2 
1820	1   6 
1820	2   5   9 
1822	2   4   5 
1824	1   5 
1824	2   9   4 
1824	2   2   6 
1826	1   4 
1826	2   9   5 
1828	1   5 
1828	1   9 
1829	2   4   5 
1831	2   9   4 
1833	1   4 
1833	2   5   9 
1834	1   4 
1835	1   5 
1835	1   9 
1835	1   4 
1836	1   5 
1837	2   5   2 
1839	1   2 
1839	2   6   5 
1841	1   5 
1841	2   6   2 
1843	1   2 
1843	1   6 
1844	2   5   2 
1846	2   6   5 
1848	1   5 
1848	2   2   6 
1849	1   5 
1850	1   2 
1850	1   6 
1850	1   5 
1851	1   2 
1852	2   3   1 
1854	1   3 
1854	1   1 
1855	2   3   1 
1857	2   2   3 
1859	1   3 
1859	2   1   2 
1861	1   2 
1862	2   1   3 
1864	1   3 
1864	1   1 
1865	2   2   3 
1867	2   1   2 
1869	1   2 
1870	1   2 
1871	1   2 
1872	2   3   1 
1874	1   3 
1874	1   1 
1875	1   3 
1876	2   3   7 
1878	1   7 
1879	2  11   3 
1881	1   3 
1881	2  11   7 
1883	1   7 
1883	1  11 
1884	2   3   7 
1886	2  11   3 
1888	1   3 
1888	2   7  11 
1889	1   3 
1890	1   7 
1890	1  11 
1891	2   3   1 
1893	2   2   3 
1895	1   3 
1895	2   1   2 
1895	2   7  11 
1897	1   2 
1898	2   1   3 
1900	1   3 
1900	1   1 
1901	2   2   3 
1903	2   1   2 
1905	1   2 
1906	1   2 
1907	2   2   6 
1909	2   5   2 
1911	1   2 
1911	2   6   5 
1913	1   5 
1913	2   6   2 
1915	1   2 
1915	1   6 
1916	2   5   2 
1918	2   6   5 
1920	1   5 
1920	2   2   6 
1921	1   5 
1922	1   2 
1922	1   6 
1922	2   5   9 
1924	2   8   5 
1926	1   5 
1926	2   9   8 
1926	2   2   6 
1928	1   8 
1928	2   9   5 
1930	1   5 
1930	1   9 
1931	2   8   5 
1933	2   9   8 
1933	2   3   1 
1935	1   3 
1935	1   1 
1935	1   8 
1935	2   5   9 
1936	1   8 
1937	1   5 
1937	1   9 
1937	1   8 
1938	1   5 
1939	2   5   2 
1941	1   2 
1941	2   6   5 
1943	1   5 
1943	2   6   2 
1945	1   2 
1945	1   6 
1946	2   5   2 
1948	2   6   5 
1950	1   5 
1950	2   2   6 
1951	1   5 
1952	1   2 
1952	1   6 
1952	1   5 
1953	1   2 
1954	2   3   1 
1956	2   2   3 
1958	1   3 
1958	2   1   2 
1960	1   2 
1961	2   1   3 
1963	1   3 
1963	1   1 
1964	2   2   3 
1966	2   1   2 
1968	1   2 
1969	1   2 
1970	1   2 
1971	2   3   1 
1973	1   3 
1973	1   1 
1974	1   3 
1975	2   3   7 
1977	1   7 
1978	2  11   3 
1980	1   3 
1980	2  11   7 
1982	1   7 
1982	1  11 
1983	2   3   7 
1985	2  11   3 
1987	1   3 
1987	2   7  11 
1988	1   3 
1989	1   7 
1989	1  11 
1990	2   3   1 
1992	2   2   3 
1994	1   3 
1994	2   1   2 
1994	2   7  11 
1996	1   2 
1997	2   1   3 
1999	1   3 
1999	1   1 
2000	2   2   3 
2002	2   1   2 
2004	1   2 
2005	1   2 
2006	2   2   6 
2008	2   5   2 
2010	1   2 
2010	2   6   5 
2012	1   5 
2012	2   6   2 
2014	1   2 
2014	1   6 
2015	2   5   2 
2017	2   6   5 
2019	1   5 
2019	2   2   6 
2020	1   5 
2021	1   2 
2021	1   6 
2021	2   5   9 
2023	2   8   5 
2025	1   5 
2025	2   9   8 
2025	2   2   6 
2027	1   8 
2027	2   9   5 
2029	1   5 
2029	1   9 
2030	2   8   5 
2032	2   9   8 
2032	2   3   1 
2034	1   3 
2034	1   1 
2034	1   8 
2034	2   5   9 
2035	1   8 
2036	1   5 
2036	1   9 
2036	1   8 
2037	1   5 
2038	2   5   2 
2040	1   2 
2040	2   6   5 
2042	1   5 
2042	2   6   2 
2044	1   2 
2044	1   6 
2045	2   5   2 
2047	2   6   5 
2049	1   5 
2049	2   2   6 
2050	1   5 
2051	1   2 
2051	1   6 
2051	1   5 
2052	1   2 
2053	2   3   1 
2055	2   2   3 
2057	1   3 
2057	2   1   2 
2059	1   2 
2060	2   1   3 
2062	1   3 
2062	1   1 
2063	2   2   3 
2065	2   1   2 
2067	1   2 
2068	1   2 
2069	1   2 
2070	2   3   1 
2072	1   3 
2072	1   1 
2073	1   3 
2074	2   3   7 
2076	1   7 
2077	2  11   3 
2079	1   3 
2079	2  11   7 
2081	1   7 
2081	1  11 
2082	2   3   7 
2084	2  11   3 
2086	1   3 
2086	2   7  11 
2087	1   3 
2088	1   7 
2088	1  11 
2089	2   3   1 
2091	2   2   3 
2093	1   3 
2093	2   1   2 
2093	2   7  11 
2095	1   2 
2096	2   1   3 
2098	1   3 
2098	1   1 
2099	2   2   3 
2101	2   1   2 
2103	1   2 
2104	1   2 
2105	2   2   6 
2107	2   5   2 
2109	1   2 
2109	2   6   5 
2111	1   5 
2111	2   6   2 
2113	1   2 
2113	1   6 
2114	2   5   2 
2116	2   6   5 
2118	1   5 
2118	2   2   6 
2119	1   5 
2120	1   2 
2120	1   6 
2120	2   5   9 
2122	2  13   5 
2124	1   5 
2124	2   9  13 
2124	2   2   6 
2126	1  13 
2126	2   9   5 
2128	1   5 
2128	1   9 
2129	2  13   5 
2131	2   9  13 
2131	2   3   1 
2133	1   3 
2133	1   1 
2133	1  13 
2133	2   5   9 
2134	1  13 
2135	1   5 
2135	1   9 
2135	1  13 
2136	1   5 
2137	2   5   2 
2139	1   2 
2139	2   6   5 
2141	1   5 
2141	2   6   2 
2143	1   2 
2143	1   6 
2144	2   5   2 
2146	2   6   5 
2148	1   5 
2148	2   2   6 
2149	1   5 
2150	1   2 
2150	1   6 
2150	1   5 
2151	1   2 
2152	2   3   1 
2154	2   2   3 
2156	1   3 
2156	2   1   2 
2158	1   2 
2159	2   1   3 
2161	1   3 
2161	1   1 
2162	2   2   3 
2164	2   1   2 
2166	1   2 
2167	1   2 
2168	1   2 
2169	2   3   1 
2171	1   3 
2171	1   1 
2172	1   3 
2173	2   3   7 
2175	1   7 
2176	2  11   3 
2178	1   3 
2178	2  11   7 
2180	1   7 
2180	1  11 
2181	2   3   7 
2183	2  11   3 
2185	1   3 
2185	2   7  11 
2186	1   3 
2187	1   7 
2187	1  11 
2188	2   3   1 
2190	2   2   3 
2192	1   3 
2192	2   1   2 
2192	2   7  11 
2194	1   2 
2195	2   1   3 
2197	1   3 
2197	1   1 
2198	2   2   3 
2200	2   1   2 
2202	1   2 
2203	1   2 
2204	2   2   6 
2206	2   5   2 
2208	1   2 
2208	2   6   5 
2210	1   5 
2210	2   6   2 
2212	1   2 
2212	1   6 
2213	2   5   2 
2215	2   6   5 
2217	1   5 
2217	2   2   6 
2218	1   5 
2219	1   2 
2219	1   6 
2219	2   5   9 
2221	2  13   5 
2223	1   5 
2223	2   9  13 
2223	2   2   6 
2225	1  13 
2225	2   9   5 
2227	1   5 
2227	1   9 
2228	2  13   5 
2230	2   9  13 
2230	2   3   1 
2232	1   3 
2232	1   1 
2232	1  13 
2232	2   5   9 
2233	1  13 
2234	1   5 
2234	1   9 
2234	1  13 
2235	1   5 
2236	2   5   2 
2238	1   2 
2238	2   6   5 
2240	1   5 
2240	2   6   2 
2242	1   2 
2242	1   6 
2243	2   5   2 
2245	2   6   5 
2247	1   5 
2247	2   2   6 
2248	1   5 
2249	1   2 
2249	1   6 
2249	1   5 
2250	1   2 
2251	2   3   1 
2253	2   2   3 
2255	1   3 
2255	2   1   2 
2257	1   2 
2258	2   1   3 
2260	1   3 
2260	1   1 
2261	2   2   3 
2263	2   1   2 
2265	1   2 
2266	1   2 
2267	1   2 
2268	2   3   1 
2270	1   3 
2270	1   1 
2271	1   3 
2272	2   3   7 
2274	1   7 
2275	2  11   3 
2277	1   3 
2277	2  11   7 
2279	1   7 
2279	1  11 
2280	2   3   7 
2282	2  11   3 
2284	1   3 
2284	2   7  11 
2285	1   3 
2286	1   7 
2286	1  11 
2287	2   3   1 
2289	2   2   3 
2291	1   3 
2291	2   1   2 
2291	2   7  11 
2293	1   2 
2294	2   1   3 
2296	1   3 
2296	1   1 
2297	2   2   3 
2299	2   1   2 
2301	1   2 
2302	1   2 
2303	2   2   6 
2305	2   5   2 
2307	1   2 
2307	2   6   5 
2309	1   5 
2309	2   6   2 
2311	1   2 
2311	1   6 
2312	2   5   2 
2314	2   6   5 
2316	1   5 
2316	2   2   6 
2317	1   5 
2318	1   2 
2318	1   6 
2318	2   5   9 
2320	2  10   5 
2322	1   5 
2322	2   9  10 
2323	2   3   1 
2324	1  10 
2325	1   3 
2325	1   1 
2325	2   9   5 
2327	1   5 
2327	1   9 
2327	2   2   6 
2329	2  10   5 
2331	2   9  10 
2331	2   3   1 
2333	1  10 
2333	2   5   9 
2334	1  10 
2335	1   5 
2335	1   9 
2335	1  10 
2336	1   5 
2337	2   5   2 
2339	1   2 
2339	2   6   5 
2341	1   5 
2341	2   6   2 
2343	1   2 
2343	1   6 
2344	2   5   2 
2346	2   6   5 
2348	1   5 
2348	2   2   6 
2349	1   5 
2350	1   2 
2350	1   6 
2350	1   5 
2351	1   2 
2352	2   2   3 
2354	1   3 
2354	2   1   2 
2356	1   2 
2357	2   1   3 
2359	1   3 
2359	1   1 
2360	2   2   3 
2362	2   1   2 
2364	1   2 
2365	1   2 
2366	1   2 
2367	2   3   1 
2369	1   3 
2369	1   1 
2370	1   3 
2371	2   3   7 
2373	1   7 
2374	2  11   3 
2376	1   3 
2376	2  11   7 
2378	1   7 
2378	1  11 
2379	2   3   7 
2381	2  11   3 
2383	1   3 
2383	2   7  11 
2384	1   3 
2385	1   7 
2385	1  11 
2386	2   3   1 
2388	2   2   3 
2390	1   3 
2390	2   1   2 
2390	2   7  11 
2392	1   2 
2393	2   1   3 
2395	1   3 
2395	1   1 
2396	2   2   3 
2398	2   1   2 
2400	1   2 
2401	1   2 
2402	2   2   6 
2404	2   5   2 
2406	1   2 
2406	2   6   5 
2408	1   5 
2408	2   6   2 
2410	1   2 
2410	1   6 
2411	2   5   2 
2413	2   6   5 
2415	1   5 
2415	2   2   6 
2416	1   5 
2417	1   2 
2417	1   6 
2417	2   5   9 
2419	2  10   5 
2421	1   5 
2421	2   9  10 
2422	2   3   1 
2423	1  10 
2424	1   3 
2424	1   1 
2424	2   9   5 
2426	1   5 
2426	1   9 
2426	2   2   6 
2428	2  10   5 
2430	2   9  10 
2430	2   3   1 
2432	1  10 
2432	2   5   9 
2433	1  10 
2434	1   5 
2434	1  10 
2434	1   9 
2435	1   5 
2436	2   5   2 
2438	1   2 
2438	2   6   5 
2440	1   5 
2440	2   6   2 
2442	1   2 
2442	1   6 
2443	2   5   2 
2445	2   6   5 
2447	1   5 
2447	2   2   6 
2448	1   5 
2449	1   2 
2449	1   6 
2449	1   5 
2450	1   2 
2451	2   2   3 
2453	1   3 
2453	2   1   2 
2455	1   2 
2456	2   1   3 
2458	1   3 
2458	1   1 
2459	2   2   3 
2461	2   1   2 
2463	1   2 
2464	1   2 
2465	1   2 
2466	2   3   1 
2468	1   3 
2468	1   1 
2469	1   3 
2470	2   3   7 
2472	1   7 
2473	2  11   3 
2475	1   3 
2475	2  11   7 
2477	1   7 
2477	1  11 
2478	2   3   7 
2480	2  11   3 
2482	1   3 
2482	2   7  11 
2483	1   3 
2484	1   7 
2484	1  11 
2485	2   3   1 
2487	2   2   3 
2489	1   3 
2489	2   1   2 
2489	2   7  11 
2491	1   2 
2492	2   1   3 
2494	1   3 
2494	1   1 
2495	2   2   3 
2497	2   1   2 
2499	1   2 
2500	1   2 
2501	2   2   6 
2503	2   5   2 
2505	1   2 
2505	2   6   5 
2507	1   5 
2507	2   6   2 
2509	1   2 
2509	1   6 
2510	2   5   2 
2512	2   6   5 
2514	1   5 
2514	2   2   6 
2515	1   5 
2516	1   6 
2516	1   2 
2516	2   9   5 
2518	2   3   1 
2520	1   1 
2520	1   3 
2520	6   5   0 
2521	6   7   3 
2527	2   1   6 
2529	2   5   1 
2529	6  11   7 
2531	1   1 
2535	2   6   5 
2537	1   5 
2537	2   6   1 
2539	1   1 
2539	1   6 
2539	6   7   2 
2537	6   9   8 
2543	6  13   8 
2545	2   5   1 
2547	2   6   5 
2549	1   5 
2549	2   1   6 
2550	1   5 
2551	1   1 
2551	1   6 
2551	1   5 
2552	1   1 
2553	2   1   3 
2555	1   3 
2555	2   2   1 
2557	1   1 
2557	2   2   3 
2558	6   8   0 
2559	1   3 
2559	1   2 
2564	2   1   3 
2566	2   2   1 
2568	1   1 
2568	2   3   2 
2569	1   1 
2570	1   3 
2570	1   2 
2570	2   1   6 
2572	2   5   1 
2574	1   1 
2574	2   6   5 
2576	1   5 
2576	2   6   1 
2578	1   1 
2578	1   6 
2578	2   3   2 
2580	2   5   1 
2582	2   6   5 
2584	1   5 
2584	2   1   6 
2585	1   5 
2586	1   1 
2586	1   6 
2586	1   5 
2587	1   1 
2587	6   5   0 
2593	2   1   3 
2595	1   3 
2595	2   2   1 
2597	1   1 
2597	2   2   3 
2599	1   3 
2599	1   2 
2600	2   1   3 
2602	2   2   1 
2604	1   1 
2604	2   3   2 
2605	1   1 
2606	1   3 
2606	1   2 
2606	2   1   6 
2608	2   4   1 
2610	1   1 
2610	2   6   4 
2612	1   4 
2612	2   6   1 
2614	1   1 
2614	1   6 
2614	2   3   2 
2616	2   4   1 
2618	2   6   4 
2620	1   4 
2620	2   1   6 
2621	1   4 
2622	1   1 
2622	1   6 
2622	1   4 
2623	1   1 
2624	2   1   3 
2626	1   3 
2626	2   2   1 
2628	1   1 
2628	2   2   3 
2630	1   3 
2630	1   2 
2631	2   1   3 
2633	2   2   1 
2635	1   1 
2635	2   3   2 
2636	1   1 
2637	1   3 
2637	1   2 
2637	2   1   6 
2639	2   4   1 
2641	1   1 
2641	2   6   4 
2643	1   4 
2643	2   6   1 
2645	1   1 
2645	1   6 
2645	2   3   2 
2647	2   4   1 
2649	2   6   4 
2651	1   4 
2651	2   1   6 
2652	1   4 
2653	1   1 
2653	1   6 
2653	1   4 
2654	1   1 
2655	2   1   3 
2657	1   3 
2657	2   2   1 
2659	1   1 
2659	2   2   3 
2661	1   3 
2661	1   2 
2662	2   1   3 
2664	2   2   1 
2666	1   1 
2666	2   3   2 
2667	1   1 
2668	1   3 
2668	1   2 
2668	2   1   6 
2670	2   9   1 
2672	1   1 
2672	2   6   9 
2674	1   9 
2674	2   6   1 
2676	1   1 
2676	1   6 
2676	2   3   2 
2678	2   9   1 
2680	2   6   9 
2682	1   9 
2682	2   1   6 
2683	1   9 
2684	1   1 
2684	1   6 
2684	1   9 
2685	1   1 
2686	2   1   3 
2688	1   3 
2688	2   2   1 
2690	1   1 
2690	2   2   3 
2692	1   3 
2692	1   2 
2693	2   1   3 
2695	2   2   1 
2697	1   1 
2697	2   3   2 
2698	1   1 
2699	1   3 
2699	1   2 
2699	2   1   6 
2701	2   9   1 
2703	1   1 
2703	2   6   9 
2705	1   9 
2705	2   6   1 
2707	1   1 
2707	1   6 
2707	2   3   2 
2709	2   9   1 
2711	2   6   9 
2713	1   9 
2713	2   1   6 
2714	1   9 
2715	1   1 
2715	1   6 
2715	1   9 
2716	1   1 
2716	6  10   9 
2717	2   1   3 
2719	1   3 
2719	2   2   1 
2721	1   1 
2721	2   2   3 
2721	6   4   0 
2723	1   3 
2723	1   2 
2727	2   1   3 
2729	2   2   1 
2731	1   1 
2731	2   3   2 
2732	1   1 
2733	1   3 
2733	1   2 
2733	2   1   6 
2735	2   5   1 
2737	1   1 
2737	2   6   5 
2739	1   5 
2739	2   6   1 
2741	1   1 
2741	1   6 
2741	2   3   2 
2743	2   5   1 
2745	2   6   5 
2747	1   5 
2747	2   1   6 
2748	1   5 
2749	1   1 
2749	1   6 
2749	1   5 
2750	1   1 
2751	2   1   3 
2753	1   3 
2753	2   2   1 
2755	1   1 
2755	2   2   3 
2757	1   3 
2757	1   2 
2758	2   1   3 
2760	2   2   1 
2762	1   1 
2762	2   3   2 
2763	1   1 
2764	1   3 
2764	1   2 
2764	2   1   6 
2766	2   5   1 
2768	1   1 
2768	2   6   5 
2770	1   5 
2770	2   6   1 
2772	1   1 
2772	1   6 
2772	2   3   2 
2774	2   5   1 
2776	2   6   5 
2778	1   5 
2778	2   1   6 
2779	1   5 
2780	1   1 
2780	1   6 
2780	1   5 
2781	1   1 
2781	6   5   0 
2787	2   1   3 
2789	1   3 
2789	2   2   1 
2791	1   1 
2791	2   2   3 
2793	1   3 
2793	1   2 
2794	2   1   3 
2796	2   2   1 
2798	1   1 
2798	2   3   2 
2799	1   1 
2800	1   3 
2800	1   2 
2800	2   1   6 
2802	2   9   1 
2804	1   1 
2804	2   6   9 
2806	1   9 
2806	2   6   1 
2808	1   1 
2808	1   6 
2808	2   3   2 
2810	2   9   1 
2812	2   6   9 
2814	1   9 
2814	2   1   6 
2815	1   9 
2816	1   1 
2816	1   6 
2816	1   9 
2817	1   1 
2818	2   1   3 
2820	1   3 
2820	2   2   1 
2822	1   1 
2822	2   2   3 
2824	1   3 
2824	1   2 
2825	2   1   3 
2827	2   2   1 
2829	1   1 
2829	2   3   2 
2830	1   1 
2831	1   3 
2831	1   2 
2831	2   1   6 
2833	2   9   1 
2835	1   1 
2835	2   6   9 
2837	1   9 
2837	2   6   1 
2839	1   1 
2839	1   6 
2839	2   3   2 
2841	2   9   1 
2843	2   6   9 
2845	1   9 
2845	2   1   6 
2846	1   9 
2847	1   1 
2847	1   6 
2847	1   9 
2848	1   1 
2848	1   6 
2849	2   1   3 
2851	1   3 
2851	2   2   1 
2853	1   1 
2853	2   2   3 
2855	1   3 
2855	1   2 
2856	2   1   3 
2858	2   2   1 
2860	1   1 
2860	2   3   2 
2861	1   1 
2862	1   3 
2862	1   1 
2862	1   2 
2863	2   3   6 
2865	2   1   2 
2867	6   3   1 
2873	2   5   1 
2875	1   1 
2875	2   6   5 
2877	1   5 
2877	2   6   1 
2879	1   1 
2879	1   6 
2879	6   9   4 
2885	2   5   1 
2887	2   6   5 
2889	1   5 
2889	2   1   6 
2890	1   5 
2891	1   1 
2891	1   6 
2891	1   5 
2891	6  10   9 
2892	1   1 
2893	2   1   3 
2895	1   3 
2895	2   2   1 
2897	1   1 
2897	2   2   3 
2897	6  11  10 
2899	1   3 
2899	1   2 
2900	2   1   3 
2902	2   2   1 
2903	6  11   7 
2904	1   1 
2905	1   1 
2897	6  12   8 
2903	6   9   8 
2909	2   1   6 
2911	2   5   1 
2913	1   1 
2913	2   6   5 
2915	1   5 
2915	2   6   1 
2917	1   1 
2917	1   6 
2917	2   3   2 
2917	6  11   9 
2919	1   3 
2919	1   2 
2920	2   3   2 
2923	2   5   1 
2925	2   6   5 
2927	1   5 
2927	2   1   6 
2928	1   5 
2929	1   1 
2929	1   6 
2929	1   5 
2930	1   1 
2930	6  11   6 
2936	2   1   3 
2938	1   3 
2938	2   2   1 
2940	1   1 
2940	2   2   3 
2940	6   5   0 
2942	1   3 
2942	1   2 
2946	2   1   3 
2948	2   2   1 
2950	1   1 
2950	2   3   2 
2951	1   1 
2952	1   3 
2952	1   2 
2952	6   5   1 
2958	2   3   2 
2958	6   5   4 
2960	2   7   3 
2962	1   3 
2962	2   2   7 
2964	1   7 
2964	2   2   3 
2966	1   3 
2966	1   2 
2967	2   7   3 
2969	2   2   7 
2971	1   7 
2971	2   3   2 
2972	1   7 
2973	1   3 
2973	1   2 
2973	1   7 
2974	2   3   2 
2976	2   6   3 
2978	1   3 
2978	2   2   6 
2980	1   6 
2980	2   2   3 
2982	1   3 
2982	1   2 
2983	2   6   3 
2985	2   2   6 
2987	1   6 
2987	2   3   2 
2988	1   6 
2989	1   3 
2989	1   2 
2989	1   6 
2990	2   3   2 
2992	2   1   3 
2994	1   3 
2994	2   2   1 
2996	1   1 
2996	2   2   3 
2998	1   3 
2998	1   2 
2998	6   6   5 
3004	2   1   3 
3004	6  11  10 
3006	2   2   1 
3008	1   1 
3008	2   3   2 
3009	1   1 
3008	6   5   4 
3010	1   3 
3010	1   2 
3010	1   1 
3011	2   3   2 
3014	2   6   3 
3016	1   3 
3016	2   2   6 
3018	1   6 
3018	2   2   3 
3020	1   3 
3020	1   2 
3021	2   6   3 
3023	2   2   6 
3025	1   6 
3025	2   3   2 
3026	1   6 
3027	1   2 
3027	1   3 
3027	1   6 
3028	2   2  10 
3030	2   7   2 
3032	1   2 
3032	2  10   7 
3034	1   7 
3034	2  10   2 
3036	1   2 
3036	1  10 
3036	6   6   3 
3036	6   1   0 
3042	2   7   2 
3044	2  10   7 
3046	1   7 
3046	2   2  10 
3047	1   7 
3048	1   2 
3048	1  10 
3048	1   7 
3048	2   6   5 
3049	1   2 
3050	2   2   6 
3052	1   6 
3052	2   5   2 
3054	1   2 
3054	2   5   6 
3056	1   6 
3056	1   5 
3057	2   2   6 
3059	2   5   2 
3061	1   2 
3061	2   6   5 
3062	1   2 
3063	1   6 
3063	1   5 
3064	2   2  10 
3066	2   7   2 
3068	1   2 
3068	2  10   7 
3070	1   7 
3070	2  10   2 
3072	1   2 
3072	1  10 
3072	2   6   5 
3074	2   7   2 
3076	2  10   7 
3078	1   7 
3078	2   2  10 
3079	1   7 
3080	1   2 
3080	1  10 
3080	1   7 
3080	6   6   1 
3081	1   2 
3080	6  13   9 
3086	2   2   1 
3086	6  14  12 
3088	1   1 
3088	2   5   2 
3090	1   2 
3090	2   5   1 
3092	1   1 
3092	1   5 
3092	6   4   0 
3098	2   2   1 
3100	2   5   2 
3102	1   2 
3102	2   1   5 
3103	1   2 
3104	1   1 
3104	1   5 
3105	2   2  10 
3107	2   6   2 
3109	1   2 
3109	2  10   6 
3111	1   6 
3111	2   1   5 
3113	2  10   2 
3115	1   2 
3115	1  10 
3116	2   6   2 
3118	2  10   6 
3120	1   6 
3121	1   6 
3122	1   6 
3123	2   2  10 
3125	1   2 
3125	1  10 
3126	1   2 
3127	2   2   1 
3129	1   1 
3129	2   5   2 
3131	1   2 
3131	2   5   1 
3133	1   1 
3133	1   5 
3134	2   2   1 
3136	2   5   2 
3138	1   2 
3138	2   1   5 
3139	1   2 
3140	1   1 
3140	1   5 
3141	2   2  10 
3143	2   6   2 
3145	1   2 
3145	2  10   6 
3147	1   6 
3147	2   1   5 
3149	2  10   2 
3151	1   2 
3151	1  10 
3152	2   6   2 
3154	2  10   6 
3156	1   6 
3157	1   6 
3158	1   6 
3159	2   2  10 
3161	1   2 
3161	1  10 
3161	2   6   9 
3162	1   2 
3163	1   9 
3163	2   2   1 
3165	1   1 
3165	2   5   2 
3167	1   2 
3167	2   5   1 
3169	1   1 
3169	1   5 
3169	6  10   6 
3175	2   2   1 
3175	2  14  10 
3177	1  10 
3177	2   5   2 
3179	1   2 
3179	2   1   5 
3180	1   2 
3181	1   1 
3181	1   5 
3181	2   2   6 
3181	2  14   9 
3183	1   9 
3183	1  14 
3183	2   0   2 
3184	2  10   9 
3185	1   2 
3186	2   1   5 
3186	2  14  10 
3188	1  10 
3188	2   9  14 
3189	1  10 
3188	6   2   0 
3190	1   9 
3190	1  14 
3190	1  10 
3191	1   9 
3194	2   6   2 
3196	1   2 
3196	6   5   0 
3196	6   7   3 
3202	2   6   5 
3204	1   5 
3204	1   6 
3205	2   2   5 
3207	2   6   2 
3209	1   2 
3209	2   5   6 
3210	1   2 
3211	1   5 
3211	1   6 
3211	1   2 
3212	1   5 
3213	2   5   1 
3215	1   1 
3215	2   0   5 
3217	1   5 
3217	2   0   1 
3219	1   1 
3219	1   0 
3220	2   5   1 
3222	2   0   5 
3224	1   5 
3224	2   1   0 
3225	1   5 
3226	1   1 
3226	1   0 
3226	2   5   6 
3228	2   2   5 
3230	1   5 
3230	2   6   2 
3232	1   2 
3232	2   6   5 
3234	1   5 
3234	1   6 
3234	2   1   0 
3236	2   2   5 
3238	2   6   2 
3240	1   2 
3240	2   5   6 
3242	1   5 
3242	1   6 
3243	1   5 
3243	6   2   0 
3242	6   9   8 
3248	6  10   9 
3254	2   5   1 
3254	6  11   3 
3256	1   1 
3256	6  13   9 
3262	2   2   5 
3264	1   5 
3264	2   2   1 
3266	1   1 
3266	1   2 
3267	2   5   1 
3269	2   2   5 
3271	1   5 
3271	2   1   2 
3272	1   5 
3273	1   1 
3273	1   2 
3273	2   5   6 
3275	2   4   5 
3277	1   5 
3277	2   1   2 
3279	2   6   4 
3281	1   4 
3281	2   6   5 
3283	1   5 
3283	1   6 
3284	2   4   5 
3286	2   6   4 
3288	1   4 
3288	2   5   6 
3289	1   4 
3290	1   5 
3290	1   6 
3290	1   4 
3291	1   5 
3292	2   5   1 
3294	1   1 
3294	2   2   5 
3296	1   5 
3296	2   2   1 
3298	1   1 
3298	1   2 
3299	2   5   1 
3301	2   2   5 
3303	1   5 
3303	2   1   2 
3304	1   5 
3305	1   1 
3305	1   2 
3305	2   5   6 
3307	2   4   5 
3309	1   5 
3309	2   1   2 
3311	2   6   4 
3313	1   4 
3313	2   6   5 
3315	1   5 
3315	1   6 
3316	2   4   5 
3318	2   6   4 
3320	1   4 
3320	2   5   6 
3321	1   4 
3322	1   5 
3322	1   6 
3322	1   4 
3323	1   5 
3324	2   5   1 
3326	1   1 
3326	2   2   5 
3328	1   5 
3328	2   2   1 
3330	1   1 
3330	1   2 
3331	2   5   1 
3333	2   2   5 
3335	1   5 
3335	2   1   2 
3336	1   5 
3337	1   1 
3337	1   2 
3337	2   5   6 
3339	2   7   5 
3341	1   5 
3341	2   6   7 
3343	1   7 
3343	2   6   5 
3345	1   5 
3345	1   6 
3345	2   1   2 
3347	2   7   5 
3349	2   6   7 
3351	1   7 
3351	2   5   6 
3352	1   7 
3353	1   5 
3353	1   6 
3353	1   7 
3354	1   5 
3355	2   5   1 
3357	1   1 
3357	2   2   5 
3359	1   5 
3359	2   2   1 
3361	1   1 
3361	1   2 
3362	2   5   1 
3364	2   2   5 
3366	1   5 
3366	2   1   2 
3367	1   5 
3368	1   1 
3368	1   2 
3368	2   5   6 
3370	2   7   5 
3372	1   5 
3372	2   6   7 
3374	1   7 
3374	2   6   5 
3376	1   5 
3376	1   6 
3376	2   1   2 
3378	2   7   5 
3380	2   6   7 
3382	1   7 
3382	2   5   6 
3383	1   7 
3384	1   5 
3384	1   6 
3384	1   7 
3385	1   5 
3385	1   6 
3386	2   5   1 
3388	1   1 
3388	2   2   5 
3390	1   5 
3390	2   2   1 
3392	1   1 
3392	1   2 
3393	2   5   1 
3395	2   2   5 
3397	1   5 
3397	2   1   2 
3398	1   5 
3399	1   2 
3399	1   1 
3400	1   2 
3400	2   1   5 
3402	2   2   6 
3404	2  10   2 
3406	1   2 
3406	2   6  10 
3408	1  10 
3408	2   6   2 
3410	1   2 
3410	1   6 
3411	2  10   2 
3413	2   6  10 
3415	1  10 
3415	2   2   6 
3416	1  10 
3417	1   2 
3417	1   6 
3417	1  10 
3418	1   2 
3419	2   2   1 
3421	1   1 
3421	2   5   2 
3423	1   2 
3423	2   5   1 
3425	1   1 
3425	1   5 
3426	2   2   1 
3428	2   5   2 
3430	1   2 
3430	2   1   5 
3431	1   2 
3432	1   1 
3432	1   5 
3432	2   2   6 
3434	2  10   2 
3436	1   2 
3436	2   6  10 
3438	1  10 
3438	2   6   2 
3440	1   2 
3440	1   6 
3440	2   1   5 
3442	2  10   2 
3444	2   6  10 
3446	1  10 
3446	2   2   6 
3447	1  10 
3448	1   6 
3448	1   2 
3448	1  10 
3449	1   2 
3449	2   9   6 
3451	2   2   1 
3451	2   8   9 
3453	1   1 
3453	1   9 
3453	2   5   2 
3455	1   2 
3455	2   5   1 
3457	1   1 
3457	1   5 
3457	6   9   6 
3463	2   9   8 
3463	2   2   1 
3465	1   8 
3465	2   9   6 
3467	1   6 
3467	1   9 
3467	2   5   2 
3469	1   2 
3469	2   1   5 
3470	1   2 
3471	1   1 
3471	1   5 
3471	6   9   6 
3477	2   8   9 
3477	2   3   1 
3479	2   2   5 
3481	6   6   4 
3487	2   4   8 
3487	6   6   3 
3489	1   8 
3490	1   8 
3491	1   8 
3479	6  14  13 
3492	6  14  12 
3493	6   7   5 
3499	2   9   4 
3499	6  15  11 
3501	1   9 
3501	1   4 
3502	1   9 
3503	2   9   6 
3505	1   6 
3505	2   1   9 
3507	1   9 
3507	2   1   6 
3507	6  15  14 
3509	1   6 
3509	1   1 
3510	2   9   6 
3513	2   1   9 
3515	1   9 
3515	2   6   1 
3516	1   9 
3517	1   6 
3517	1   1 
3517	1   9 
3518	1   6 
3519	2   6   2 
3521	1   2 
3521	2   7   6 
3523	1   6 
3523	2   7   2 
3525	1   2 
3525	1   7 
3526	2   6   2 
3528	2   7   6 
3530	1   6 
3530	2   2   7 
3531	1   6 
3532	1   2 
3532	1   7 
3532	2   6   1 
3534	2   9   6 
3536	1   6 
3536	2   1   9 
3538	1   9 
3538	2   1   6 
3540	1   6 
3540	1   1 
3540	2   2   7 
3542	2   9   6 
3544	2   1   9 
3546	1   9 
3546	2   6   1 
3547	1   9 
3548	1   6 
3548	1   1 
3548	2   9   4 
3550	2   8   9 
3550	2   6   1 
3552	1   9 
3552	2   4   8 
3554	1   8 
3554	2   4   9 
3556	1   9 
3556	1   4 
3557	2   8   9 
3559	2   4   8 
3561	1   8 
3561	2   9   4 
3562	1   8 
3563	1   9 
3563	1   4 
3563	2   8  13 
3565	2  12   8 
3567	1   8 
3567	2  13  12 
3569	1  12 
3569	2  13   8 
3571	1   8 
3571	1  13 
3571	2   9   4 
3573	2  12   8 
3575	2  13  12 
3577	1  12 
3577	2   8  13 
3578	1  12 
3579	1   8 
3579	1  13 
3579	1  12 
3580	1   8 
3581	2   8   9 
3583	1   9 
3583	2   4   8 
3585	1   8 
3585	2   4   9 
3587	1   9 
3587	1   4 
3588	2   8   9 
3590	2   4   8 
3592	1   8 
3592	2   9   4 
3593	1   8 
3594	1   9 
3594	1   4 
3594	1   8 
3595	1   9 
3595	6  12   4 
3601	2   9   6 
3603	1   6 
3603	2   1   9 
3605	1   9 
3605	2   1   6 
3607	1   6 
3607	1   1 
3608	2   9   6 
3610	2   1   9 
3612	1   9 
3612	2   6   1 
3613	1   9 
3614	1   6 
3614	1   1 
3614	1   9 
3615	1   6 
3616	2   6   2 
3618	1   2 
3618	2   7   6 
3620	1   6 
3620	2   7   2 
3622	1   2 
3622	1   7 
3623	2   6   2 
3625	2   7   6 
3627	1   6 
3627	2   2   7 
3628	1   6 
3629	1   2 
3629	1   7 
3629	2   6   1 
3631	2   9   6 
3633	1   6 
3633	2   1   9 
3635	1   9 
3635	2   1   6 
3637	1   6 
3637	1   1 
3637	2   2   7 
3639	2   9   6 
3641	2   1   9 
3643	1   9 
3643	2   6   1 
3644	1   9 
3645	1   6 
3645	1   1 
3645	2   9  12 
3647	2   8   9 
3647	2   6   1 
3649	1   9 
3649	2  12   8 
3651	1   8 
3651	2  12   9 
3653	1   9 
3653	1  12 
3654	2   8   9 
3656	2  12   8 
3658	1   8 
3658	2   9  12 
3659	1   8 
3660	1   9 
3660	1  12 
3660	2   8  13 
3662	2  10   8 
3664	1   8 
3664	2  13  10 
3666	1  10 
3666	2  13   8 
3668	1   8 
3668	1  13 
3668	2   9  12 
3670	2  10   8 
3672	2  13  10 
3674	1  10 
3674	2   8  13 
3675	1  10 
3676	1   8 
3676	1  13 
3676	1  10 
3677	1   8 
3678	2   8   9 
3680	1   9 
3680	2  12   8 
3682	1   8 
3682	2  12   9 
3684	1   9 
3684	1  12 
3685	2   8   9 
3687	2  12   8 
3689	1   8 
3689	2   9  12 
3690	1   8 
3691	1   9 
3691	1  12 
3691	1   8 
3692	1   9 
3693	2   9   6 
3695	1   6 
3695	2   1   9 
3697	1   9 
3697	2   1   6 
3699	1   6 
3699	1   1 
3700	2   9   6 
3702	2   1   9 
3704	1   9 
3704	2   6   1 
3705	1   9 
3706	1   6 
3706	1   1 
3706	1   9 
3707	1   6 
3708	2   6   2 
3710	1   2 
3710	2   7   6 
3712	1   6 
3712	2   7   2 
3714	1   2 
3714	1   7 
3715	2   6   2 
3717	2   7   6 
3719	1   6 
3719	2   2   7 
3720	1   6 
3721	1   2 
3721	1   7 
3721	2   6   1 
3723	2   9   6 
3725	1   6 
3725	2   1   9 
3727	1   9 
3727	2   1   6 
3729	1   6 
3729	1   1 
3729	2   2   7 
3731	2   9   6 
3733	2   1   9 
3735	1   9 
3735	2   6   1 
3736	1   9 
3737	1   6 
3737	1   1 
3737	2   9  12 
3739	2   8   9 
3739	2   6   1 
3741	1   9 
3741	2  12   8 
3743	1   8 
3743	2  12   9 
3745	1   9 
3745	1  12 
3746	2   8   9 
3748	2  12   8 
3750	1   8 
3750	2   9  12 
3751	1   8 
3752	1   9 
3752	1  12 
3752	2   8  13 
3754	2  10   8 
3756	1   8 
3756	2  13  10 
3758	1  10 
3758	2  13   8 
3760	1   8 
3760	1  13 
3760	2   9  12 
3762	2  10   8 
3764	2  13  10 
3766	1  10 
3766	2   8  13 
3767	1  10 
3768	1   8 
3768	1  13 
3768	1  10 
3769	1   8 
3770	2   8   9 
3772	1   9 
3772	2  12   8 
3774	1   8 
3774	2  12   9 
3776	1   9 
3776	1  12 
3777	2   8   9 
3779	2  12   8 
3781	1   8 
3781	2   9  12 
3782	1   8 
3783	1   9 
3783	1  12 
3783	1   8 
3784	1   9 
3785	2   9   6 
3787	1   6 
3787	2   1   9 
3789	1   9 
3789	2   1   6 
3791	1   6 
3791	1   1 
3792	2   9   6 
3794	2   1   9 
3796	1   9 
3796	2   6   1 
3797	1   9 
3798	1   6 
3798	1   1 
3798	1   9 
3799	1   6 
3800	2   6   2 
3802	1   2 
3802	2   7   6 
3804	1   6 
3804	2   7   2 
3806	1   2 
3806	1   7 
3807	2   6   2 
3809	2   7   6 
3811	1   6 
3811	2   2   7 
3812	1   6 
3813	1   2 
3813	1   7 
3813	2   6   1 
3815	2   9   6 
3817	1   6 
3817	2   1   9 
3819	1   9 
3819	2   1   6 
3821	1   6 
3821	1   1 
3821	2   2   7 
3823	2   9   6 
3825	2   1   9 
3827	1   9 
3827	2   6   1 
3828	1   9 
3829	1   6 
3829	1   1 
3829	2   9  12 
3831	2   8   9 
3831	2   6   1 
3833	1   9 
3833	2  12   8 
3835	1   8 
3835	2  12   9 
3837	1   9 
3837	1  12 
3838	2   8   9 
3840	2  12   8 
3842	1   8 
3842	2   9  12 
3843	1   8 
3844	1   9 
3844	1  12 
3844	2   8  13 
3846	2   5   8 
3848	1   8 
3848	2  13   5 
3850	1   5 
3850	2  13   8 
3852	1   8 
3852	1  13 
3852	2   9  12 
3854	2   5   8 
3856	2  13   5 
3858	1   5 
3858	2   8  13 
3859	1   5 
3860	1   8 
3860	1  13 
3860	1   5 
3861	1   8 
3862	2   8   9 
3864	1   9 
3864	2  12   8 
3866	1   8 
3866	2  12   9 
3868	1   9 
3868	1  12 
3869	2   8   9 
3871	2  12   8 
3873	1   8 
3873	2   9  12 
3874	1   8 
3875	1   9 
3875	1  12 
3875	1   8 
3876	1   9 
3877	2   9   6 
3879	1   6 
3879	2   1   9 
3881	1   9 
3881	2   1   6 
3883	1   6 
3883	1   1 
3884	2   9   6 
3886	2   1   9 
3888	1   9 
3888	2   6   1 
3889	1   9 
3890	1   6 
3890	1   1 
3890	1   9 
3891	1   6 
3892	2   6   2 
3894	1   2 
3894	2   7   6 
3896	1   6 
3896	2   7   2 
3898	1   2 
3898	1   7 
3899	2   6   2 
3901	2   7   6 
3903	1   6 
3903	2   2   7 
3904	1   6 
3905	1   2 
3905	1   7 
3905	2   6   1 
3907	2   9   6 
3909	1   6 
3909	2   1   9 
3911	1   9 
3911	2   1   6 
3913	1   6 
3913	1   1 
3913	2   2   7 
3915	2   9   6 
3917	2   1   9 
3919	1   9 
3919	2   6   1 
3920	1   9 
3921	1   6 
3921	1   1 
3921	2   9  12 
3923	2   8   9 
3923	2   6   1 
3925	1   9 
3925	2  12   8 
3927	1   8 
3927	2  12   9 
3929	1   9 
3929	1  12 
3930	2   8   9 
3932	2  12   8 
3934	1   8 
3934	2   9  12 
3935	1   8 
3936	1   9 
3936	1  12 
3936	2   8  13 
3938	2   5   8 
3940	1   8 
3940	2  13   5 
3942	1   5 
3942	2  13   8 
3944	1   8 
3944	1  13 
3944	2   9  12 
3946	2   5   8 
3948	2  13   5 
3950	1   5 
3950	2   8  13 
3952	1   8 
3952	1  13 
3953	1   8 
3954	2   8   9 
3956	1   9 
3956	2  12   8 
3958	1   8 
3958	2  12   9 
3960	1   9 
3960	1  12 
3961	2   8   9 
3963	2  12   8 
3965	1   8 
3965	2   9  12 
3966	1   8 
3967	1   9 
3967	1  12 
3967	1   8 
3968	1   9 
3969	2   9   6 
3971	1   6 
3971	2   1   9 
3973	1   9 
3973	2   1   6 
3975	1   6 
3975	1   1 
3976	2   9   6 
3978	2   1   9 
3980	1   9 
3980	2   6   1 
3981	1   9 
3982	1   6 
3982	1   1 
3982	1   9 
3983	1   6 
3984	2   6   2 
3986	1   2 
3986	2   7   6 
3988	1   6 
3988	2   7   2 
3990	1   2 
3990	1   7 
3991	2   6   2 
3993	2   7   6 
3995	1   6 
3995	2   2   7 
3996	1   6 
3997	1   2 
3997	1   7 
3997	2   6   1 
3998	1   2 
3999	2   9   6 
4001	1   6 
4001	2   1   9 
4003	1   9 
4003	2   1   6 
4005	1   6 
4005	1   1 
4005	2   2   7 
4007	2   9   6 
4009	2   1   9 
4011	1   9 
4011	2   6   1 
4012	1   9 
4013	1   6 
4013	1   1 
4013	2   9  12 
4015	2   8   9 
4015	2   6   1 
4017	1   9 
4017	2  12   8 
4017	6   6   5 
4019	1   8 
4023	2  12   9 
4023	6   1   0 
4025	1   9 
4025	1  12 
4026	2   8   9 
4028	2  12   8 
4030	1   8 
4030	2   9  12 
4031	1   8 
4032	1   9 
4032	1  12 
4033	2  13   9 
4035	2  14  13 
4037	1  13 
4037	2   9  14 
4039	1  14 
4039	2   9  13 
4041	1  13 
4041	1   9 
4041	2   8  12 
4043	2  14  13 
4045	2   9  14 
4047	1  14 
4047	2  13   9 
4048	1  14 
4049	1  13 
4049	1   9 
4049	1  14 
4050	1  13 
4051	2  13   8 
4053	1   8 
4053	2  12  13 
4055	1  13 
4055	2  12   8 
4057	1   8 
4057	1  12 
4058	2  13   8 
4060	2  12  13 
4062	1  13 
4062	2   8  12 
4063	1  13 
4064	1   8 
4064	1  12 
4064	1  13 
4065	1   8 
4066	2   8   5 
4068	1   5 
4068	2   0   8 
4070	1   8 
4070	2   0   5 
4072	1   5 
4072	1   0 
4073	2   8   5 
4075	2   0   8 
4077	1   8 
4077	2   5   0 
4078	1   8 
4079	1   5 
4079	1   0 
4079	1   8 
4080	1   5 
4081	2   5   2 
4083	1   2 
4083	2   7   5 
4085	1   5 
4085	2   7   2 
4087	1   2 
4087	1   7 
4088	2   5   2 
4090	2   7   5 
4092	1   5 
4092	2   2   7 
4093	1   5 
4094	1   2 
4094	1   7 
4094	2   5   0 
4096	2   8   5 
4098	1   5 
4098	2   0   8 
4098	2   2   7 
4100	1   8 
4100	2   0   5 
4102	1   5 
4102	1   0 
4103	2   8   5 
4105	2   0   8 
4107	1   8 
4107	2   5   0 
4108	1   8 
4109	1   5 
4109	1   0 
4109	2   8  12 
4110	2   5   0 
4112	2  13   8 
4114	1   8 
4114	2  12  13 
4116	1  13 
4116	2  12   8 
4118	1   8 
4118	1  12 
4119	2  13   8 
4121	2  12  13 
4123	1  13 
4123	2   8  12 
4124	1  13 
4125	1   8 
4125	1  12 
4125	2  13   9 
4127	2  14  13 
4129	1  13 
4129	2   9  14 
4131	1  14 
4131	2   9  13 
4133	1  13 
4133	1   9 
4133	2   8  12 
4135	2  14  13 
4137	2   9  14 
4139	1  14 
4139	2  13   9 
4140	1  14 
4141	1  13 
4141	1   9 
4142	1  13 
4143	2  13   8 
4145	1   8 
4145	2  12  13 
4147	1  13 
4147	2  12   8 
4149	1   8 
4149	1  12 
4150	2  13   8 
4152	2  12  13 
4154	1  13 
4154	2   8  12 
4155	1  13 
4156	1   8 
4156	1  12 
4156	1  13 
4157	1   8 
4158	2   8   5 
4160	1   5 
4160	2   0   8 
4162	1   8 
4162	2   0   5 
4164	1   5 
4164	1   0 
4165	2   8   5 
4167	2   0   8 
4169	1   8 
4169	2   5   0 
4170	1   8 
4171	1   5 
4171	1   0 
4171	1   8 
4172	1   5 
4173	2   5   2 
4175	1   2 
4175	2   7   5 
4177	1   5 
4177	2   7   2 
4179	1   2 
4179	1   7 
4180	2   5   2 
4182	2   7   5 
4184	1   5 
4184	2   2   7 
4185	1   5 
4186	1   2 
4186	1   7 
4186	2   5   0 
4188	2   8   5 
4190	1   5 
4190	2   0   8 
4190	2   2   7 
4192	1   8 
4192	2   0   5 
4194	1   5 
4194	1   0 
4195	2   8   5 
4197	2   0   8 
4199	1   8 
4199	2   5   0 
4200	1   8 
4201	1   5 
4201	1   0 
4201	2   8  12 
4202	2   5   0 
4204	2  13   8 
4206	1   8 
4206	2  12  13 
4206	6   5   4 
4208	1  13 
4212	2  12   8 
4212	6   2   1 
4214	1   8 
4214	1  12 
4215	2  13   8 
4217	2  12  13 
4217	6  10   7 
4219	1  13 
4219	2   8  12 
4220	1  13 
4221	1   8 
4221	1  12 
4222	2   8  12 
4223	6  10   5 
4223	6   7   3 
4229	2  13   9 
4229	6  15   7 
4235	2  10  13 
4237	1  13 
4237	2   9  10 
4239	1  10 
4239	2   9  13 
4241	1  13 
4241	1   9 
4241	6  15  14 
4235	6   3   2 
4241	6   5   0 
4247	2  10  13 
4249	2   9  10 
4251	1  10 
4251	2  13   9 
4252	1  10 
4251	6   6   2 
4253	1  13 
4253	1   9 
4253	1  10 
4254	1  13 
4255	2  13   8 
4257	1   8 
4257	2  12  13 
4259	1  13 
4259	2  12   8 
4261	1   8 
4261	1  12 
4262	2  13   8 
4264	2  12  13 
4266	1  13 
4266	2   8  12 
4267	1  13 
4268	1   8 
4268	1  12 
4268	1  13 
4269	1   8 
4270	2   8   4 
4272	1   4 
4272	2   5   8 
4274	1   8 
4274	2   5   4 
4276	1   4 
4276	1   5 
4277	2   8   4 
4279	2   5   8 
4281	1   8 
4281	2   4   5 
4282	1   8 
4283	1   4 
4283	1   5 
4283	1   8 
4284	1   4 
4285	2   4   1 
4287	1   1 
4287	2   0   4 
4289	1   4 
4289	2   0   1 
4291	1   1 
4291	1   0 
4292	2   4   1 
4294	2   0   4 
4296	1   4 
4296	2   1   0 
4297	1   4 
4298	1   1 
4298	1   0 
4298	2   4   5 
4300	2   8   4 
4302	1   4 
4302	2   5   8 
4304	1   8 
4304	2   5   4 
4306	1   4 
4306	1   5 
4306	2   1   0 
4308	2   8   4 
4310	2   5   8 
4312	1   8 
4312	2   4   5 
4313	1   8 
4314	1   4 
4314	1   5 
4314	2   8  12 
4316	2  13   8 
4318	1   8 
4318	2  12  13 
4318	2   4   5 
4320	1  13 
4320	2  12   8 
4322	1   8 
4322	1  12 
4323	2  13   8 
4325	2  12  13 
4327	1  13 
4327	2   8  12 
4328	1  13 
4329	1   8 
4329	1  12 
4329	2  13   9 
4331	2  10  13 
4333	1  13 
4333	2   9  10 
4335	1  10 
4335	2   9  13 
4337	1  13 
4337	1   9 
4337	2   8  12 
4339	2  10  13 
4341	2   9  10 
4343	1  10 
4343	2  13   9 
4345	1  13 
4345	1   9 
4345	6  10   6 
4346	1  13 
4347	2  13   8 
4349	1   8 
4349	2  12  13 
4351	1  13 
4351	2  12   8 
4353	1   8 
4353	1  12 
4354	2  13   8 
4356	2  12  13 
4358	1  13 
4358	2   8  12 
4359	1  13 
4360	1   8 
4360	1  12 
4360	1  13 
4361	1   8 
4362	2   8   4 
4364	1   4 
4364	2   5   8 
4366	1   8 
4366	2   5   4 
4368	1   4 
4368	1   5 
4369	2   8   4 
4371	2   5   8 
4373	1   8 
4373	2   4   5 
4374	1   8 
4375	1   4 
4375	1   5 
4375	1   8 
4376	1   4 
4377	2   4   1 
4379	1   1 
4379	2   0   4 
4381	1   4 
4381	2   0   1 
4383	1   1 
4383	1   0 
4384	2   4   1 
4386	2   0   4 
4388	1   4 
4388	2   1   0 
4389	1   4 
4390	1   1 
4390	1   0 
4390	2   4   5 
4392	2   8   4 
4394	1   4 
4394	2   5   8 
4396	1   8 
4396	2   5   4 
4398	1   4 
4398	1   5 
4398	2   1   0 
4400	2   8   4 
4402	2   5   8 
4404	1   8 
4404	2   4   5 
4405	1   8 
4406	1   4 
4406	1   5 
4406	2   8  12 
4408	2  13   8 
4410	1   8 
4410	2  12  13 
4410	2   4   5 
4412	1  13 
4412	2  12   8 
4414	1   8 
4414	1  12 
4415	2  13   8 
4417	2  12  13 
4419	1  13 
4419	2   8  12 
4420	1  13 
4421	1   8 
4421	1  12 
4421	2  13   9 
4423	2  14  13 
4425	1  13 
4425	2   9  14 
4427	1  14 
4427	2   9  13 
4429	1  13 
4429	1   9 
4429	2   8  12 
4431	2  14  13 
4433	2   9  14 
4435	1  14 
4435	2  13   9 
4436	1  14 
4437	1  13 
4437	1   9 
4437	1  14 
4438	1  13 
4439	2  13   8 
4441	1   8 
4441	2  12  13 
4443	1  13 
4443	2  12   8 
4445	1   8 
4445	1  12 
4446	2  13   8 
4448	2  12  13 
4450	1  13 
4450	2   8  12 
4451	1  13 
4452	1   8 
4452	1  12 
4452	1  13 
4453	1   8 
4454	2   8   4 
4456	1   4 
4456	2   5   8 
4458	1   8 
4458	2   5   4 
4460	1   4 
4460	1   5 
4461	2   8   4 
4463	2   5   8 
4465	1   8 
4465	2   4   5 
4466	1   8 
4467	1   4 
4467	1   5 
4467	1   8 
4468	1   4 
4469	2   4   1 
4471	1   1 
4471	2   0   4 
4473	1   4 
4473	2   0   1 
4475	1   1 
4475	1   0 
4476	2   4   1 
4478	2   0   4 
4480	1   4 
4480	2   1   0 
4481	1   4 
4482	1   1 
4482	1   0 
4482	2   4   5 
4484	2   8   4 
4486	1   4 
4486	2   5   8 
4488	1   8 
4488	2   5   4 
4490	1   4 
4490	1   5 
4490	2   1   0 
4492	2   8   4 
4494	2   5   8 
4496	1   8 
4496	2   4   5 
4497	1   8 
4498	1   4 
4498	1   5 
4498	2   8  12 
4500	2  13   8 
4502	1   8 
4502	2  12  13 
4502	2   4   5 
4504	1  13 
4504	2  12   8 
4506	1   8 
4506	1  12 
4507	2  13   8 
4509	2  12  13 
4511	1  13 
4511	2   8  12 
4512	1  13 
4513	1   8 
4513	1  12 
4513	2  13   9 
4515	2  14  13 
4517	1  13 
4517	2   9  14 
4519	1  14 
4519	2   9  13 
4521	1  13 
4521	1   9 
4521	2   8  12 
4523	2  14  13 
4525	2   9  14 
4527	1  14 
4527	2  13   9 
4529	1  13 
4529	1   9 
4529	6  14  10 
4530	1  13 
4535	2  13   8 
4537	1   8 
4537	2  12  13 
4539	1  13 
4539	2  12   8 
4541	1   8 
4541	1  12 
4541	6  14   9 
4547	2  13   8 
4549	2  12  13 
4551	1  13 
4551	2   8  12 
4552	1  13 
4553	1   8 
4553	1  12 
4553	1  13 
4554	1   8 
4555	2   8   4 
4557	1   4 
4557	2   5   8 
4559	1   8 
4559	2   5   4 
4561	1   4 
4561	1   5 
4562	2   8   4 
4564	2   5   8 
4566	1   8 
4566	2   4   5 
4567	1   8 
4568	1   4 
4568	1   5 
4568	1   8 
4569	1   4 
4570	2   4   1 
4572	1   1 
4572	2   0   4 
4574	1   4 
4574	2   0   1 
4576	1   1 
4576	1   0 
4577	2   4   1 
4579	2   0   4 
4581	1   4 
4581	2   1   0 
4582	1   4 
4583	1   1 
4583	1   0 
4583	2   4   5 
4584	1   1 
4585	2   8   4 
4587	1   4 
4587	2   5   8 
4589	1   8 
4589	2   5   4 
4591	1   4 
4591	1   5 
4591	2   1   0 
4593	2   8   4 
4595	2   5   8 
4597	1   8 
4597	2   4   5 
4598	1   8 
4599	1   4 
4599	1   5 
4599	2   8  12 
4600	1   4 
4601	2  13   8 
4603	1   8 
4603	2  12  13 
4605	1  13 
4605	2  12   8 
4607	1   8 
4607	1  12 
4608	2  13   8 
4610	2  12  13 
4612	1  13 
4612	2   8  12 
4613	1  13 
4614	1  12 
4614	1   8 
4615	2  12   4 
4617	2   9  12 
4619	1  12 
4619	2   4   9 
4621	1   9 
4621	2   4  12 
4623	1  12 
4623	1   4 
4623	6   8   5 
4629	2   9  12 
4631	2   4   9 
4633	1   9 
4633	2  12   4 
4634	1   9 
4635	1  12 
4635	1   4 
4635	1   9 
4635	2  13   8 
4636	1  12 
4635	6   5   1 
4637	2  12  13 
4639	1  13 
4639	2   8  12 
4641	1  12 
4641	2   8  13 
4643	1  13 
4643	1   8 
4641	6   1   0 
4644	2  12  13 
4646	2   8  12 
4647	6   6   1 
4648	1  12 
4648	2  13   8 
4649	1  12 
4650	1  13 
4650	1   8 
4650	1  12 
4651	1  13 
4652	6  13   9 
4658	2   9   5 
4660	1   5 
4660	2   6   9 
4662	1   9 
4662	2   6   5 
4662	6  13   8 
4664	1   5 
4664	1   6 
4664	6  11   7 
4668	2   9   5 
4670	2   6   9 
4672	1   9 
4672	2   5   6 
4673	1   9 
4674	1   5 
4674	1   6 
4674	2   9  13 
4676	2  12   9 
4678	1   9 
4678	2  13  12 
4678	2   5   6 
4680	1  12 
4680	2  13   9 
4682	1   9 
4682	1  13 
4682	6  11  10 
4688	2  12   9 
4690	2  13  12 
4692	1  12 
4692	2   9  13 
4693	1  12 
4694	1   9 
4694	1  13 
4694	6  14  10 
4695	2  12   4 
4697	2   8  12 
4699	1  12 
4699	2   4   8 
4701	1   8 
4701	2   9  13 
4703	2   4  12 
4705	1  12 
4705	1   4 
4705	6  10   5 
4706	2   8  12 
4711	2   4   8 
4713	1   8 
4714	1   8 
4715	1   8 
4716	2  12   4 
4718	1  12 
4718	1   4 
4719	1  12 
4719	2   0   4 
4720	2  12   9 
4722	1   9 
4722	2  13  12 
4724	1  12 
4724	2  13   9 
4726	1   9 
4726	1  13 
4727	2  12   9 
4729	2  13  12 
4731	1  12 
4731	2   9  13 
4732	1  12 
4733	1   9 
4733	1  13 
4733	1  12 
4734	1   9 
4735	2   9  10 
4737	1  10 
4737	2   6   9 
4739	1   9 
4739	2   6  10 
4740	2   8   0 
4741	1  10 
4741	1   6 
4742	1   0 
4742	2   9  10 
4744	2   6   9 
4746	1   9 
4746	2   4   8 
4746	2  10   6 
4747	1   9 
4748	1   8 
4748	1  10 
4748	1   6 
4748	2   9  13 
4748	2   4   0 
4750	1   0 
4750	1   4 
4750	2  12   9 
4752	1   9 
4752	2  13  12 
4752	2  10   6 
4754	1  12 
4754	2  13   9 
4756	1   9 
4756	1  13 
4757	2  12   9 
4759	2   8   0 
4761	2  13  12 
4763	1  12 
4763	2   4   8 
4764	1  12 
4765	1   8 
4765	2   9  13 
4765	2   0   4 
4766	1   8 
4767	1   9 
4767	1   0 
4767	1  13 
4767	1   4 
4767	1   8 
4768	1   9 
4768	1   0 
4768	2  14  12 
4769	6   4   0 
4770	2  15  13 
4772	6  14   6 
4775	6  12   8 
4781	2   5   9 
4783	2   4   5 
4785	1   5 
4785	2   9   4 
4787	1   4 
4787	2   9   5 
4789	1   5 
4789	1   9 
4790	2   4   5 
4792	2   9   4 
4794	1   4 
4794	2   5   9 
4795	1   4 
4796	1   5 
4796	1   9 
4796	1   4 
4797	1   5 
4797	6   9   6 
4778	6  15  14 
4803	2   5   9 
4805	1   9 
4805	2   8   5 
4807	1   5 
4807	2   8   9 
4809	1   9 
4809	1   8 
4810	2   5   9 
4812	2   8   5 
4814	1   5 
4814	2   9   8 
4815	1   5 
4816	1   9 
4816	1   8 
4816	1   5 
4817	1   9 
4818	2   9  14 
4820	1  14 
4820	2  13   9 
4822	1   9 
4822	2  13  14 
4824	1  14 
4824	1  13 
4825	2   9  14 
4827	2  13   9 
4829	1   9 
4829	2  14  13 
4830	1   9 
4831	1  14 
4831	1  13 
4831	1   9 
4832	1  14 
4833	2  14  10 
4835	1  10 
4835	2  15  14 
4837	1  14 
4837	2  15  10 
4839	1  10 
4839	1  15 
4840	2  14  10 
4842	2  15  14 
4844	1  14 
4844	2  10  15 
4845	1  14 
4846	1  10 
4846	1  15 
4846	2  14  13 
4848	2   9  14 
4850	1  14 
4850	2  13   9 
4852	1   9 
4852	2  13  14 
4854	1  14 
4854	1  13 
4854	2  10  15 
4856	2   9  14 
4858	2  13   9 
4860	1   9 
4860	2  14  13 
4861	1   9 
4862	1  14 
4862	1  13 
4862	2   9   8 
4864	2   5   9 
4866	1   9 
4866	2   8   5 
4866	2  14  13 
4868	1   5 
4868	2   8   9 
4870	1   9 
4870	1   8 
4871	2   5   9 
4873	2   8   5 
4875	1   5 
4875	2   9   8 
4876	1   5 
4877	1   9 
4877	1   8 
4877	2   5   6 
4879	2   4   5 
4881	1   5 
4881	2   9   8 
4883	2   6   4 
4885	1   4 
4885	2   6   5 
4885	6  12   8 
4887	1   5 
4887	1   6 
4891	2   4   5 
4891	6  13  12 
4893	2   6   4 
4895	1   4 
4895	2   5   6 
4896	1   4 
4897	1   5 
4897	1   6 
4897	2   4   0 
4899	2   8   4 
4901	1   4 
4901	2   5   6 
4903	2   0   8 
4905	1   8 
4905	2   0   4 
4907	1   4 
4907	1   0 
4908	2   8   4 
4910	2   0   8 
4912	1   8 
4912	2   4   0 
4914	1   4 
4915	1   4 
4916	2   4   5 
4918	1   5 
4919	2   6   4 
4921	1   4 
4921	2   6   5 
4923	1   5 
4923	1   6 
4924	2   4   5 
4926	2   6   4 
4928	1   4 
4928	2   5   6 
4929	1   4 
4930	1   5 
4930	1   6 
4930	1   4 
4931	1   5 
4932	2   5   9 
4934	1   9 
4935	2  13   5 
4937	1   5 
4937	2  13   9 
4939	1   9 
4939	1  13 
4940	2   5   9 
4942	2  13   5 
4944	1   5 
4944	2   9  13 
4945	1   5 
4946	1   9 
4946	1  13 
4946	1   5 
4947	1   9 
4948	2   9  14 
4950	1  14 
4950	2  12   9 
4952	1   9 
4952	2  12  14 
4954	1  14 
4954	1  12 
4955	2   9  14 
4957	2  12   9 
4959	1   9 
4959	2  14  12 
4960	1   9 
4961	1  14 
4961	1  12 
4961	1   9 
4962	1  14 
4963	2  14  10 
4965	1  10 
4965	2  15  14 
4967	1  14 
4967	2  15  10 
4969	1  10 
4969	1  15 
4970	2  14  10 
4972	2  15  14 
4974	1  14 
4974	2  10  15 
4975	1  14 
4976	2  14  12 
4978	2   9  14 
4980	1  14 
4980	2  12   9 
4982	1   9 
4982	2  12  14 
4984	1  14 
4984	1  12 
4985	2   9  14 
4987	2  12   9 
4989	1   9 
4989	2  14  12 
4990	1   9 
4991	2   9  13 
4993	2   5   9 
4995	1   9 
4996	2  13   5 
4998	1   5 
4998	2  13   9 
5000	1   9 
5000	1  13 
5001	2   5   9 
5003	2  13   5 
5005	1   5 
5005	2   9  13 
5006	1   5 
5007	2   5   6 
5009	2   4   5 
5011	1   5 
5012	2   6   4 
5014	1   4 
5014	2   6   5 
5016	1   5 
5016	1   6 
5017	2   4   5 
5019	2   6   4 
5021	1   4 
5021	2   5   6 
