   1	1   1 
   1	1   2 
   1	1   4 
   1	1   6 
   1	1   8 
   1	1   9 
   1	1   3 
   1	1  11 
   1	1  12 
   1	1  13 
   1	1  10 
   1	1   7 
   1	2   5   0 
   2	1   1 
   2	1   2 
   2	1   4 
   2	1   8 
   2	1   3 
   2	1  11 
   2	1  12 
   2	1  13 
   2	1  10 
   2	1   7 
   3	1   5 
   3	1   2 
   3	1   3 
   3	1  11 
   3	1   0 
   3	1  12 
   3	1  13 
   3	1  10 
   3	1   7 
   3	2   9   8 
   4	1   5 
   4	1   0 
   5	2   1   5 
   7	2   2   1 
   9	1   1 
   9	2   5   2 
  11	1   2 
  11	2   5   1 
  13	1   1 
  13	1   5 
  14	2   2   1 
  16	2   5   2 
  18	1   2 
  18	2   1   5 
  19	1   2 
  20	1   1 
  20	1   5 
  20	1   2 
  21	1   1 
  21	2   4   6 
  23	2   1   4 
  25	1   4 
  25	2   6   1 
  27	1   1 
  27	2   6   4 
  29	1   4 
  29	1   6 
  29	6   5   2 
  29	6  11   7 
  35	2   1   4 
  37	2   6   1 
  39	1   1 
  39	2   4   6 
  40	1   1 
  41	1   4 
  41	1   6 
  41	1   1 
  42	1   4 
  43	2   4   9 
  45	1   9 
  45	2   8   4 
  47	1   4 
  47	2   8   9 
  49	1   9 
  49	1   8 
  50	2   4   9 
  52	2   8   4 
  54	1   4 
  54	2   9   8 
  55	1   4 
  56	1   9 
  56	1   8 
  57	2   4   6 
  59	2   1   4 
  61	1   4 
  61	2   6   1 
  61	2   9   8 
  63	1   1 
  63	2   6   4 
  65	1   4 
  65	1   6 
  66	2   1   4 
  68	2   6   1 
  70	1   1 
  70	2   4   6 
  71	1   1 
  72	1   4 
  72	1   6 
  72	2   1   2 
  74	2   5   1 
  76	1   1 
  76	2   2   5 
  78	1   5 
  78	2   2   1 
  80	1   1 
  80	1   2 
  81	2   5   1 
  83	2   2   5 
  85	1   5 
  85	2   1   2 
  86	1   5 
  87	1   1 
  87	1   2 
  87	1   5 
  88	1   1 
  88	2   4   6 
  90	2   1   4 
  92	1   4 
  92	2   6   1 
  94	1   1 
  94	2   6   4 
  96	1   4 
  96	1   6 
  97	2   1   4 
  99	2   6   1 
 101	1   1 
 101	2   4   6 
 102	1   1 
 103	1   4 
 103	1   6 
 103	1   1 
 104	1   4 
 105	2   4   9 
 107	1   9 
 107	2   8   4 
 109	1   4 
 109	2   8   9 
 111	1   9 
 111	1   8 
 112	2   4   9 
 114	2   8   4 
 116	1   4 
 116	2   9   8 
 117	1   4 
 118	1   9 
 118	1   8 
 119	2   4   6 
 121	2   1   4 
 123	1   4 
 123	2   6   1 
 123	2   9   8 
 125	1   1 
 125	2   6   4 
 127	1   4 
 127	1   6 
 128	2   1   4 
 130	2   6   1 
 132	1   1 
 132	2   4   6 
 133	1   1 
 134	1   4 
 134	1   6 
 134	2   1   2 
 136	2   3   1 
 138	1   1 
 138	2   2   3 
 140	1   3 
 140	2   2   1 
 142	1   1 
 142	1   2 
 143	2   3   1 
 145	2   2   3 
 147	1   3 
 147	2   1   2 
 148	1   3 
 149	1   1 
 149	1   2 
 149	1   3 
 150	1   1 
 150	2   4   6 
 152	2   1   4 
 154	1   4 
 154	2   6   1 
 156	1   1 
 156	2   6   4 
 158	1   4 
 158	1   6 
 159	2   1   4 
 161	2   6   1 
 163	1   1 
 163	2   4   6 
 164	1   1 
 165	1   4 
 165	1   6 
 165	1   1 
 166	1   4 
 167	2   4   9 
 169	1   9 
 169	2   8   4 
 171	1   4 
 171	2   8   9 
 173	1   9 
 173	1   8 
 174	2   4   9 
 176	2   8   4 
 178	1   4 
 178	2   9   8 
 179	1   4 
 180	1   9 
 180	1   8 
 181	2   4   6 
 183	2   1   4 
 185	1   4 
 185	2   6   1 
 185	2   9   8 
 187	1   1 
 187	2   6   4 
 189	1   4 
 189	1   6 
 190	2   1   4 
 192	2   6   1 
 194	1   1 
 194	2   4   6 
 195	1   1 
 196	1   4 
 196	1   6 
 196	2   1   2 
 198	2   3   1 
 200	1   1 
 200	2   2   3 
 202	1   3 
 202	2   2   1 
 204	1   1 
 204	1   2 
 205	2   3   1 
 207	2   2   3 
 209	1   3 
 209	2   1   2 
 210	1   3 
 211	1   1 
 211	1   2 
 211	1   3 
 212	1   1 
 212	2   4   6 
 214	2   1   4 
 214	6   7   3 
 216	1   4 
 220	2   6   1 
 222	1   1 
 222	2   6   4 
 224	1   4 
 224	1   6 
 225	2   1   4 
 227	2   6   1 
 229	1   1 
 229	2   4   6 
 230	1   1 
 231	1   4 
 231	1   6 
 231	1   1 
 232	1   4 
 233	2   4   9 
 235	1   9 
 235	2   8   4 
 237	1   4 
 237	2   8   9 
 239	1   9 
 239	1   8 
 240	2   4   9 
 242	2   8   4 
 244	1   4 
 244	2   9   8 
 245	1   4 
 246	1   9 
 246	1   8 
 247	2   4   6 
 249	2   1   4 
 251	1   4 
 251	2   6   1 
 251	2   9   8 
 253	1   1 
 253	2   6   4 
 255	1   4 
 255	1   6 
 256	2   1   4 
 258	2   6   1 
 260	1   1 
 260	2   4   6 
 261	1   1 
 262	1   4 
 262	1   6 
 262	2   1   2 
 264	2   3   1 
 266	1   1 
 266	2   2   3 
 268	1   3 
 268	2   2   1 
 270	1   1 
 270	1   2 
 271	2   3   1 
 273	2   2   3 
 275	1   3 
 275	2   1   2 
 276	1   3 
 277	1   1 
 277	1   2 
 277	1   3 
 278	1   1 
 278	2   4   6 
 280	2   1   4 
 282	1   4 
 282	2   6   1 
 284	1   1 
 284	2   6   4 
 286	1   4 
 286	1   6 
 287	2   1   4 
 289	2   6   1 
 291	1   1 
 291	2   4   6 
 292	1   1 
 293	1   4 
 293	1   6 
 293	1   1 
 294	1   4 
 295	2   4   9 
 297	1   9 
 297	2   8   4 
 299	1   4 
 299	2   8   9 
 301	1   9 
 301	1   8 
 302	2   4   9 
 304	2   8   4 
 306	1   4 
 306	2   9   8 
 307	1   4 
 308	1   9 
 308	1   8 
 309	2   4   6 
 311	2   1   4 
 313	1   4 
 313	2   6   1 
 313	2   9   8 
 315	1   1 
 315	2   6   4 
 317	1   4 
 317	1   6 
 318	2   1   4 
 320	2   6   1 
 322	1   1 
 322	2   4   6 
 323	1   1 
 324	1   4 
 324	1   6 
 324	2   1   2 
 326	2   3   1 
 328	1   1 
 328	2   2   3 
 330	1   3 
 330	2   2   1 
 332	1   1 
 332	1   2 
 333	2   3   1 
 335	2   2   3 
 337	1   3 
 337	2   1   2 
 339	1   1 
 339	1   2 
 340	1   1 
 340	2   4   6 
 342	2   1   4 
 344	1   4 
 344	2   6   1 
 346	1   1 
 346	2   6   4 
 348	1   4 
 348	1   6 
 349	2   1   4 
 351	2   6   1 
 353	1   1 
 353	2   4   6 
 354	1   1 
 355	1   4 
 355	1   6 
 355	1   1 
 356	1   4 
 357	2   4   9 
 359	1   9 
 359	2   8   4 
 361	1   4 
 361	2   8   9 
 363	1   9 
 363	1   8 
 364	2   4   9 
 366	2   8   4 
 368	1   4 
 368	2   9   8 
 369	1   4 
 370	1   9 
 370	1   8 
 371	2   4   6 
 373	2   1   4 
 375	1   4 
 375	2   6   1 
 375	2   9   8 
 377	1   1 
 377	2   6   4 
 379	1   4 
 379	1   6 
 380	2   1   4 
 382	2   6   1 
 384	1   1 
 384	2   4   6 
 385	1   1 
 386	1   4 
 386	1   6 
 386	2   1   2 
 388	2   0   1 
 390	1   1 
 390	2   4   6 
 392	2   2   0 
 394	1   0 
 394	2   2   1 
 396	1   1 
 396	1   2 
 397	2   0   1 
 399	2   2   0 
 401	1   0 
 401	2   1   2 
 402	1   0 
 403	1   1 
 403	1   2 
 403	1   0 
 404	1   1 
 405	2   1   4 
 407	1   4 
 407	2   6   1 
 409	1   1 
 409	2   6   4 
 411	1   4 
 411	1   6 
 412	2   1   4 
 414	2   6   1 
 416	1   1 
 416	2   4   6 
 417	1   1 
 418	1   4 
 418	1   6 
 418	1   1 
 419	1   4 
 420	2   4   9 
 422	1   9 
 422	2   8   4 
 424	1   4 
 424	2   8   9 
 426	1   9 
 426	1   8 
 427	2   4   9 
 429	2   8   4 
 431	1   4 
 431	2   9   8 
 432	1   4 
 433	1   9 
 433	1   8 
 434	2   4   6 
 436	2   1   4 
 438	1   4 
 438	2   6   1 
 438	2   9   8 
 440	1   1 
 440	2   6   4 
 442	1   4 
 442	1   6 
 443	2   1   4 
 445	2   6   1 
 447	1   1 
 447	2   4   6 
 448	1   1 
 449	1   4 
 449	1   6 
 449	2   1   2 
 451	2   0   1 
 453	1   1 
 453	2   4   6 
 455	2   2   0 
 457	1   0 
 457	2   2   1 
 459	1   1 
 459	1   2 
 460	2   0   1 
 462	2   2   0 
 464	1   0 
 464	2   1   2 
 465	1   0 
 466	1   1 
 466	1   2 
 466	1   0 
 467	1   1 
 468	2   1   4 
 470	1   4 
 470	2   6   1 
 472	1   1 
 472	2   6   4 
 474	1   4 
 474	1   6 
 475	2   1   4 
 477	2   6   1 
 479	1   1 
 479	2   4   6 
 480	1   1 
 481	1   4 
 481	1   6 
 481	1   1 
 482	1   4 
 483	2   4   9 
 485	1   9 
 485	2   8   4 
 487	1   4 
 487	2   8   9 
 489	1   9 
 489	1   8 
 490	2   4   9 
 492	2   8   4 
 494	1   4 
 494	2   9   8 
 495	1   4 
 496	1   9 
 496	1   8 
 497	2   4   6 
 499	2   1   4 
 501	1   4 
 501	2   6   1 
 501	2   9   8 
 503	1   1 
 503	2   6   4 
 505	1   4 
 505	1   6 
 506	2   1   4 
 508	2   6   1 
 510	1   1 
 510	2   4   6 
 511	1   1 
 512	1   6 
 512	1   4 
 513	2   6   2 
 513	6   8   4 
 519	2   5   6 
 519	6  12   8 
 521	1   6 
 521	2   2   5 
 523	1   5 
 523	2   2   6 
 525	1   6 
 525	1   2 
 525	6   8   0 
 531	2   5   6 
 531	6  14  12 
 533	2   2   5 
 535	1   5 
 535	2   6   2 
 536	1   5 
 537	1   6 
 537	1   2 
 537	1   5 
 537	6  14  10 
 538	1   6 
 543	2   6   9 
 545	1   9 
 545	2   4   6 
 547	1   6 
 547	2   4   9 
 549	1   9 
 549	1   4 
 550	2   6   9 
 552	2   4   6 
 554	1   6 
 554	2   9   4 
 555	1   6 
 556	1   9 
 556	1   4 
 556	2   6   2 
 557	2   9   4 
 559	2   5   6 
 561	1   6 
 561	2   2   5 
 563	1   5 
 563	2   2   6 
 565	1   6 
 565	1   2 
 566	2   5   6 
 568	2   2   5 
 570	1   5 
 570	2   6   2 
 571	1   5 
 572	1   6 
 572	1   2 
 572	6  10   5 
 573	1   6 
 578	2   6   9 
 580	1   9 
 580	2   4   6 
 582	1   6 
 582	2   4   9 
 584	1   9 
 584	1   4 
 584	6  13   8 
 590	2   6   9 
 592	2   4   6 
 594	1   6 
 594	2   9   4 
 595	1   6 
 596	1   9 
 596	1   4 
 596	2   6   2 
 597	2   9   4 
 598	2   7   6 
 600	1   6 
 600	2   2   7 
 602	1   7 
 602	2   2   6 
 604	1   6 
 604	1   2 
 605	2   7   6 
 607	2   2   7 
 609	1   7 
 609	2   6   2 
 610	1   7 
 611	1   6 
 611	1   2 
 611	1   7 
 612	1   6 
 613	2   6   9 
 615	1   9 
 615	2   4   6 
 617	1   6 
 617	2   4   9 
 619	1   9 
 619	1   4 
 620	2   6   9 
 622	2   4   6 
 624	1   6 
 624	2   9   4 
 625	1   6 
 626	1   9 
 626	1   4 
 626	2   6   2 
 627	2   9   4 
 628	2   7   6 
 630	1   6 
 630	2   2   7 
 632	1   7 
 632	2   2   6 
 634	1   6 
 634	1   2 
 635	2   7   6 
 637	2   2   7 
 639	1   7 
 639	2   6   2 
 640	1   7 
 641	1   2 
 641	1   6 
 641	1   7 
 642	1   6 
 642	2   1   2 
 644	2   0   1 
 644	2   6   9 
 646	1   1 
 646	1   9 
 646	2   4   6 
 648	1   6 
 648	2   4   9 
 650	1   9 
 650	1   4 
 651	2   2   0 
 653	1   0 
 653	2   2   1 
 655	1   1 
 655	1   2 
 655	2   6   9 
 656	2   0   1 
 658	2   2   0 
 660	1   0 
 660	2   1   2 
 661	1   0 
 662	1   1 
 662	1   2 
 662	1   0 
 663	1   1 
 663	2   4   6 
 665	1   6 
 665	2   9   4 
 666	1   6 
 667	1   9 
 667	1   4 
 667	2   5   6 
 668	1   9 
 669	2   1   5 
 671	1   5 
 671	2   6   1 
 673	1   1 
 673	2   6   5 
 675	1   5 
 675	1   6 
 675	2   9   4 
 677	2   1   5 
 679	2   6   1 
 681	1   1 
 681	2   5   6 
 682	1   1 
 683	1   5 
 683	1   6 
 683	1   1 
 684	1   5 
 685	2   5   9 
 687	1   9 
 687	2   4   5 
 689	1   5 
 689	2   4   9 
 691	1   9 
 691	1   4 
 692	2   5   9 
 694	2   4   5 
 696	1   5 
 696	2   9   4 
 697	1   5 
 698	1   9 
 698	1   4 
 698	2   5   6 
 700	2   1   5 
 702	1   5 
 702	2   6   1 
 704	1   1 
 704	2   6   5 
 706	1   5 
 706	1   6 
 706	2   9   4 
 708	2   1   5 
 710	2   6   1 
 712	1   1 
 712	2   5   6 
 713	1   1 
 714	1   5 
 714	1   6 
 714	2   1   2 
 716	2   0   1 
 718	1   1 
 718	2   5   6 
 720	2   2   0 
 722	1   0 
 722	2   2   1 
 724	1   1 
 724	1   2 
 725	2   0   1 
 727	2   2   0 
 729	1   0 
 729	2   1   2 
 731	1   1 
 731	1   2 
 732	1   1 
 733	2   1   5 
 735	1   5 
 735	2   6   1 
 737	1   1 
 737	2   6   5 
 739	1   5 
 739	1   6 
 739	6   8   0 
 745	2   1   5 
 747	2   6   1 
 749	1   1 
 749	2   5   6 
 750	1   1 
 751	1   5 
 751	1   6 
 751	1   1 
 752	1   5 
 752	6   2   0 
 758	2   5   9 
 760	1   9 
 760	2   4   5 
 762	1   5 
 762	2   4   9 
 764	1   9 
 764	1   4 
 765	2   5   9 
 767	2   4   5 
 769	1   5 
 769	2   9   4 
 770	1   5 
 771	1   9 
 771	1   4 
 771	2   5   6 
 773	2   1   5 
 775	1   5 
 775	2   6   1 
 777	1   1 
 777	2   6   5 
 779	1   5 
 779	1   6 
 779	2   9   4 
 781	2   1   5 
 783	2   6   1 
 785	1   1 
 785	2   5   6 
 786	1   1 
 787	1   5 
 787	1   6 
 787	2   1   0 
 789	2   2   1 
 791	1   1 
 791	2   5   6 
 793	2   0   2 
 795	1   2 
 795	2   0   1 
 797	1   1 
 797	1   0 
 798	2   2   1 
 800	2   0   2 
 802	1   2 
 802	2   1   0 
 803	1   2 
 804	1   1 
 804	1   0 
 804	1   2 
 805	1   1 
 806	2   1   5 
 808	1   5 
 808	2   6   1 
 810	1   1 
 810	2   6   5 
 812	1   5 
 812	1   6 
 813	2   1   5 
 815	2   6   1 
 817	1   1 
 817	2   5   6 
 818	1   1 
 819	1   5 
 819	1   6 
 819	1   1 
 820	1   5 
 821	2   5   9 
 823	1   9 
 823	2   4   5 
 825	1   5 
 825	2   4   9 
 827	1   9 
 827	1   4 
 828	2   5   9 
 830	2   4   5 
 832	1   5 
 832	2   9   4 
 833	1   5 
 834	1   9 
 834	1   4 
 834	2   5   6 
 836	2   1   5 
 838	1   5 
 838	2   6   1 
 840	1   1 
 840	2   6   5 
 842	1   5 
 842	1   6 
 842	2   9   4 
 844	2   1   5 
 846	2   6   1 
 848	1   1 
 848	2   5   6 
 849	1   1 
 850	1   5 
 850	1   6 
 850	2   1   0 
 852	2   2   1 
 854	1   1 
 854	2   5   6 
 856	2   0   2 
 858	1   2 
 858	2   0   1 
 860	1   1 
 860	1   0 
 861	2   2   1 
 863	2   0   2 
 865	1   2 
 865	2   1   0 
 866	1   2 
 867	1   1 
 867	1   0 
 867	1   2 
 868	1   1 
 869	2   1   5 
 871	1   5 
 871	2   6   1 
 873	1   1 
 873	2   6   5 
 875	1   5 
 875	1   6 
 876	2   1   5 
 878	2   6   1 
 880	1   1 
 880	2   5   6 
 881	1   1 
 882	1   5 
 882	1   6 
 882	1   1 
 883	1   5 
 884	2   5   9 
 886	1   9 
 886	2   4   5 
 888	1   5 
 888	2   4   9 
 890	1   9 
 890	1   4 
 891	2   5   9 
 893	2   4   5 
 895	1   5 
 895	2   9   4 
 896	1   5 
 897	1   4 
 897	1   9 
 897	2   5   6 
 899	2   4   0 
 901	2   1   5 
 903	1   5 
 903	2   6   1 
 905	1   1 
 905	2   6   5 
 907	1   5 
 907	1   6 
 908	2   1   5 
 910	2   6   1 
 912	1   1 
 912	2   5   6 
 913	1   1 
 914	1   6 
 914	1   5 
 914	1   1 
 915	2   6   9 
 917	6   2   0 
 923	2   0   4 
 925	1   4 
 925	6   5   2 
 917	6  13  12 
 925	6  12   8 
 931	2   5   0 
 933	1   0 
 933	2   5   4 
 935	1   4 
 935	1   5 
 936	2   0   4 
 938	2   5   0 
 940	1   0 
 940	2   4   5 
 941	1   0 
 942	1   4 
 942	1   5 
 942	1   0 
 943	1   4 
 944	2   4   6 
 946	1   6 
 946	2   9   4 
 948	1   4 
 948	2   9   6 
 950	1   6 
 950	1   9 
 951	2   4   6 
 953	2   9   4 
 955	1   4 
 955	2   6   9 
 956	1   4 
 957	1   6 
 957	1   9 
 957	2   4   5 
 959	2   0   4 
 959	2   6   9 
 961	1   4 
 961	2   5   0 
 963	1   0 
 963	2   5   4 
 965	1   4 
 965	1   5 
 966	2   0   4 
 968	2   5   0 
 970	1   0 
 970	2   4   5 
 972	1   4 
 972	1   5 
 973	1   4 
 974	2   4   6 
 976	1   6 
 976	2   9   4 
 978	1   4 
 978	2   9   6 
 980	1   6 
 980	1   9 
 981	2   4   6 
 983	2   9   4 
 985	1   4 
 985	2   6   9 
 986	1   4 
 987	1   6 
 987	1   9 
 987	2   4   5 
 989	2   8   4 
 991	1   4 
 991	2   5   8 
 993	1   8 
 993	2   5   4 
 995	1   4 
 995	1   5 
 995	2   6   9 
 997	2   8   4 
 999	2   5   8 
1001	1   8 
1001	2   4   5 
1002	1   8 
1003	1   4 
1003	1   5 
1003	1   8 
1004	1   4 
1005	2   4   6 
1007	1   6 
1007	2   9   4 
1009	1   4 
1009	2   9   6 
1011	1   6 
1011	1   9 
1012	2   4   6 
1014	2   9   4 
1016	1   4 
1016	2   6   9 
1017	1   4 
1018	1   6 
1018	1   9 
1018	2   4   5 
1020	2   8   4 
1022	1   4 
1022	2   5   8 
1024	1   8 
1024	2   5   4 
1026	1   4 
1026	1   5 
1026	2   6   9 
1028	2   8   4 
1030	2   5   8 
1032	1   8 
1032	2   4   5 
1033	1   8 
1034	1   4 
1034	1   5 
1034	1   8 
1035	1   4 
1035	2   2   5 
1037	2   4   6 
1039	1   6 
1039	2   1   2 
1039	2   9   4 
1041	1   2 
1041	1   4 
1041	2   5   1 
1043	1   1 
1043	2   9   6 
1045	1   6 
1045	1   9 
1045	2   5   2 
1047	1   2 
1047	1   5 
1048	2   4   6 
1050	2   1   2 
1050	2   9   4 
1052	1   4 
1052	2   5   1 
1053	1   4 
1054	1   1 
1054	2   6   9 
1055	1   1 
1056	1   6 
1056	1   9 
1056	1   1 
1056	2   2   5 
1057	1   6 
1058	1   2 
1058	1   5 
1058	2  10   6 
1059	1   2 
1058	6   8   4 
1060	2   2  10 
1062	1  10 
1062	2   6   2 
1064	1   2 
1064	2   6  10 
1066	1  10 
1066	1   6 
1066	2   9   8 
1068	2   2  10 
1070	2   6   2 
1072	1   2 
1072	2  10   6 
1073	1   2 
1074	1  10 
1074	1   6 
1074	1   2 
1075	1  10 
1076	2  10   9 
1078	1   9 
1079	2   8  10 
1081	1  10 
1081	2   8   9 
1083	1   9 
1083	1   8 
1084	2  10   9 
1086	2   8  10 
1088	1  10 
1088	2   9   8 
1089	1  10 
1090	1   9 
1090	1   8 
1090	2  10   6 
1092	2   2  10 
1094	1  10 
1094	2   6   2 
1094	2   9   8 
1096	1   2 
1096	2   6  10 
1098	1  10 
1098	1   6 
1099	2   2  10 
1101	2   6   2 
1103	1   2 
1103	2  10   6 
1104	1   2 
1105	1  10 
1105	1   6 
1105	2   2   5 
1107	2   1   2 
1109	1   2 
1109	2   5   1 
1111	1   1 
1111	2   5   2 
1113	1   2 
1113	1   5 
1113	2  10   6 
1115	2   1   2 
1117	2   5   1 
1119	1   1 
1119	2   2   5 
1120	1   1 
1121	1   2 
1121	1   5 
1122	1   2 
1122	2   1   5 
1124	2   2  10 
1126	1  10 
1126	2   6   2 
1128	1   2 
1128	2   6  10 
1130	1  10 
1130	1   6 
1131	2   2  10 
1133	2   6   2 
1135	1   2 
1135	2  10   6 
1136	1   2 
1137	1  10 
1137	1   6 
1137	1   2 
1138	1  10 
1139	2  10   9 
1141	1   9 
1142	2   8  10 
1144	1  10 
1144	2   8   9 
1146	1   9 
1146	1   8 
1147	2  10   9 
1149	2   8  10 
1151	1  10 
1151	2   9   8 
1152	1  10 
1153	1   9 
1153	1   8 
1153	2  10   6 
1155	2   2  10 
1157	1  10 
1157	2   6   2 
1157	2   9   8 
1159	1   2 
1159	2   6  10 
1161	1  10 
1161	1   6 
1162	2   2  10 
1164	2   6   2 
1166	1   2 
1166	2  10   6 
1167	1   2 
1168	1   2 
1168	1  10 
1168	1   6 
1169	2   2   1 
1171	1   1 
1171	2   5   2 
1173	1   2 
1173	2   5   1 
1175	1   1 
1175	1   5 
1175	2  10   6 
1177	2   2   1 
1179	2   5   2 
1181	1   2 
1181	2   1   5 
1182	1   2 
1183	1   1 
1183	1   5 
1183	1   2 
1183	6  10   6 
1184	1   1 
1189	2   1   6 
1191	1   6 
1191	6   9   1 
1197	2  10   9 
1199	1   9 
1199	2  10   6 
1199	6   8   4 
1201	1   6 
1201	1  10 
1205	2   9   6 
1207	2  10   9 
1209	1   9 
1209	2   6  10 
1210	1   9 
1211	1   6 
1211	1  10 
1211	1   9 
1212	1   6 
1213	2   6   1 
1215	1   1 
1215	2   4   6 
1217	1   6 
1217	2   4   1 
1219	1   1 
1219	1   4 
1220	2   6   1 
1222	2   4   6 
1224	1   6 
1224	2   1   4 
1225	1   6 
1226	1   1 
1226	1   4 
1226	2   6  10 
1227	2   1   4 
1229	2   9   6 
1231	1   6 
1231	2  10   9 
1231	6   2   1 
1233	1   9 
1237	2  10   6 
1237	6   4   1 
1239	1   6 
1239	1  10 
1243	2   9   6 
1245	2  10   9 
1247	1   9 
1247	2   6  10 
1248	1   9 
1249	1   6 
1249	1  10 
1249	2   9   5 
1251	2   4   9 
1253	1   9 
1253	2   5   4 
1255	1   4 
1255	2   5   9 
1257	1   9 
1257	1   5 
1257	2   6  10 
1259	2   4   9 
1261	2   5   4 
1263	1   4 
1263	2   9   5 
1264	1   4 
1265	1   9 
1265	1   5 
1265	1   4 
1266	1   9 
1267	2   9   6 
1269	1   6 
1269	2  10   9 
1271	1   9 
1271	2  10   6 
1273	1   6 
1273	1  10 
1274	2   9   6 
1276	2  10   9 
1278	1   9 
1278	2   6  10 
1279	1   9 
1280	1   6 
1280	1  10 
1280	1   9 
1281	1   6 
1282	2   6   2 
1284	1   2 
1284	2   1   6 
1286	1   6 
1286	2   1   2 
1288	1   2 
1288	1   1 
1289	2   6   2 
1291	2   1   6 
1293	1   6 
1293	2   2   1 
1294	1   6 
1295	1   1 
1295	1   2 
1295	2   6  10 
1297	2   1   5 
1299	2   9   6 
1301	1   6 
1301	2   4   1 
1301	2  10   9 
1303	1   1 
1303	1   9 
1303	2   5   4 
1305	1   4 
1305	2  10   6 
1307	1   6 
1307	1  10 
1307	2   5   1 
1309	1   1 
1309	1   5 
1309	2   9   6 
1311	2   4   1 
1311	2  10   9 
1313	1   9 
1313	2   5   4 
1314	1   9 
1315	1   4 
1315	2   6  10 
1316	1   4 
1317	1  10 
1317	1   4 
1317	2   1   5 
1319	1   1 
1319	1   5 
1319	6  10   6 
1320	1   1 
1325	2   6   2 
1327	2   1   6 
1329	1   6 
1329	2   2   1 
1331	1   1 
1331	2   2   6 
1333	1   6 
1333	1   2 
1333	6   7   3 
1339	2   1   6 
1341	2   2   1 
1343	1   1 
1343	2   6   2 
1344	1   1 
1345	1   6 
1345	1   2 
1345	2   1   5 
1347	2   4   1 
1349	1   1 
1349	2   5   4 
1351	1   4 
1351	2   5   1 
1353	1   1 
1353	1   5 
1353	2   6   2 
1355	2   4   1 
1357	2   5   4 
1359	1   4 
1359	2   1   5 
1360	1   4 
1361	1   1 
1361	1   5 
1362	1   1 
1362	6   5   2 
1368	2   1   6 
1370	1   6 
1370	2   5   1 
1372	1   1 
1372	2   5   6 
1374	1   6 
1374	1   5 
1374	6  10   9 
1380	2   1   6 
1382	2   5   1 
1382	6  14  11 
1384	1   1 
1384	2   6   5 
1385	1   1 
1386	1   6 
1386	1   5 
1386	2   1   2 
1388	2   3   1 
1390	1   1 
1390	2   2   3 
1392	1   3 
1392	2   2   1 
1394	1   1 
1394	1   2 
1394	2   6   5 
1396	2   3   1 
1398	2   2   3 
1400	1   3 
1400	2   1   2 
1401	1   3 
1402	1   1 
1402	1   2 
1402	1   3 
1403	1   1 
1404	2   1   6 
1406	1   6 
1406	2   5   1 
1408	1   1 
1408	2   5   6 
1410	1   6 
1410	1   5 
1411	2   1   6 
1413	2   5   1 
1415	1   1 
1415	2   6   5 
1416	1   1 
1417	1   6 
1417	1   5 
1417	2   1   2 
1419	2   3   1 
1421	1   1 
1421	2   2   3 
1423	1   3 
1423	2   2   1 
1425	1   1 
1425	1   2 
1425	2   6   5 
1427	2   3   1 
1429	2   2   3 
1431	1   3 
1431	2   1   2 
1432	1   3 
1433	1   2 
1433	1   1 
1433	1   3 
1434	1   2 
1434	1   1 
1435	2  10   2 
1437	2   1   6 
1439	1   6 
1439	2  11  10 
1439	2   5   1 
1441	1  10 
1441	1   1 
1441	2   5   6 
1443	1   6 
1443	1   5 
1443	6   7   2 
1443	6   9   4 
1449	2   7  11 
1451	1  11 
1451	2   7  10 
1453	1  10 
1453	1   7 
1453	2   1   6 
1455	2  11  10 
1455	2   5   1 
1457	1   1 
1457	2   7  11 
1458	1   1 
1459	1  11 
1459	2   6   5 
1460	1  11 
1461	1   6 
1461	1   5 
1461	1  11 
1461	2  10   7 
1462	2   5   1 
1463	1  10 
1463	1   7 
1464	1  10 
1464	2   9   6 
1466	2  10   9 
1468	1   9 
1468	2   6  10 
1470	1  10 
1470	2   6   9 
1472	1   9 
1472	1   6 
1473	2  10   9 
1475	2   6  10 
1477	1  10 
1477	2   9   6 
1478	1  10 
1479	1   9 
1479	1   6 
1479	1  10 
1480	1   9 
1480	6  14   6 
1486	2   9   5 
1488	1   5 
1489	2   1   9 
1491	1   9 
1491	2   1   5 
1493	1   5 
1493	1   1 
1494	2   9   5 
1496	2   1   9 
1498	1   9 
1498	2   5   1 
1499	1   9 
1500	1   5 
1500	1   1 
1500	2   9  14 
1502	2  10   9 
1504	1   9 
1504	2  14  10 
1504	2   5   1 
1506	1  10 
1506	2  14   9 
1508	1   9 
1508	1  14 
1509	2  10   9 
1511	2  14  10 
1513	1  10 
1513	2   9  14 
1514	1  10 
1515	1   9 
1515	1  14 
1515	2  10   7 
1517	2  11  10 
1519	1  10 
1519	2   7  11 
1519	2   9  14 
1521	1  11 
1521	2   7  10 
1523	1  10 
1523	1   7 
1524	2  11  10 
1526	2   7  11 
1528	1  11 
1528	2  10   7 
1529	1  11 
1530	1  10 
1530	1   7 
1530	1  11 
1531	1  10 
1532	2  10   9 
1534	1   9 
1534	2  14  10 
1536	1  10 
1536	2  14   9 
1538	1   9 
1538	1  14 
1539	2  10   9 
1541	2  14  10 
1543	1  10 
1543	2   9  14 
1544	1  10 
1545	1   9 
1545	1  14 
1545	1  10 
1546	1   9 
1547	2   9   5 
1549	1   5 
1550	2   1   9 
1552	1   9 
1552	2   1   5 
1554	1   5 
1554	1   1 
1555	2   9   5 
1557	2   1   9 
1559	1   9 
1559	2   5   1 
1560	1   9 
1561	1   5 
1561	1   1 
1561	2   9  14 
1563	2  10   9 
1565	1   9 
1565	2  14  10 
1565	2   5   1 
1567	1  10 
1567	2  14   9 
1569	1   9 
1569	1  14 
1570	2  10   9 
1572	2  14  10 
1574	1  10 
1574	2   9  14 
1575	1  10 
1576	1   9 
1576	1  14 
1576	2  10   7 
1578	2   6  10 
1580	1  10 
1580	2   7   6 
1580	2   9  14 
1582	1   6 
1582	2   7  10 
1584	1  10 
1584	1   7 
1585	2   6  10 
1587	2   7   6 
1589	1   6 
1589	2  10   7 
1590	1   6 
1591	1  10 
1591	1   7 
1591	1   6 
1592	1  10 
1593	2  10   9 
1595	1   9 
1595	2  14  10 
1597	1  10 
1597	2  14   9 
1599	1   9 
1599	1  14 
1600	2  10   9 
1602	2  14  10 
1604	1  10 
1604	2   9  14 
1605	1  10 
1606	1   9 
1606	1  14 
1606	1  10 
1607	1   9 
1608	2   9   5 
1610	1   5 
1611	2   1   9 
1613	1   9 
1613	2   1   5 
1615	1   5 
1615	1   1 
1616	2   9   5 
1618	2   1   9 
1620	1   9 
1620	2   5   1 
1621	1   9 
1622	1   5 
1622	1   1 
1622	2   9  14 
1624	2  10   9 
1626	1   9 
1626	2  14  10 
1626	2   5   1 
1628	1  10 
1628	2  14   9 
1630	1   9 
1630	1  14 
1631	2  10   9 
1633	2  14  10 
1635	1  10 
1635	2   9  14 
1636	1  10 
1637	1   9 
1637	1  14 
1637	2  10   7 
1639	2   6  10 
1641	1  10 
1641	2   7   6 
1641	2   9  14 
1643	1   6 
1643	2   7  10 
1645	1  10 
1645	1   7 
1646	2   6  10 
1648	2   7   6 
1650	1   6 
1650	2  10   7 
1652	1  10 
1652	1   7 
1652	6   6   1 
1653	1  10 
1658	2  10   9 
1660	1   9 
1660	2  14  10 
1662	1  10 
1662	2  14   9 
1664	1   9 
1664	1  14 
1665	2  10   9 
1667	2  14  10 
1669	1  10 
1669	2   9  14 
1670	1  10 
1671	1   9 
1671	1  14 
1671	1  10 
1672	1   9 
1673	2   9   5 
1675	1   5 
1675	2   6   9 
1677	1   9 
1677	2   6   5 
1679	1   5 
1679	1   6 
1680	2   9   5 
1682	2   6   9 
1684	1   9 
1684	2   5   6 
1685	1   9 
1686	1   6 
1686	1   5 
1686	2   9  14 
1687	2   6   7 
1688	6  14   9 
1694	2  10  14 
1696	1  14 
1696	2  11   6 
1698	1   6 
1698	2   9  10 
1700	1  10 
1700	2   7  11 
1700	2   9  14 
1702	1  14 
1702	1  11 
1702	1   9 
1702	2   7   6 
1704	1   6 
1704	1   7 
1704	2  10  14 
1706	2  11   6 
1708	2   9  10 
1710	1  10 
1710	2   7  11 
1710	2  14   9 
1712	1   9 
1712	1  11 
1712	2   6   7 
1713	1  11 
1714	1   6 
1714	1   7 
1714	1  11 
1714	2   9   5 
1715	1   6 
1716	2   6   9 
1718	1   9 
1718	2   5   6 
1720	1   6 
1720	2   5   9 
1722	1   9 
1722	1   5 
1722	6  10   7 
1728	2   6   9 
1730	2   5   6 
1732	1   6 
1732	2   9   5 
1733	1   6 
1732	6   7   3 
1734	1   9 
1734	1   5 
1735	2   9   5 
1738	2   6  10 
1740	2  11   6 
1742	1   6 
1742	2  10  11 
1744	1  11 
1744	2  10   6 
1746	1   6 
1746	1  10 
1747	2  11   6 
1749	2  10  11 
1751	1  11 
1751	2   6  10 
1753	1   6 
1753	1  10 
1753	6  11   7 
1754	1   6 
1754	1  10 
1759	2   6   9 
1761	1   9 
1761	2   5   6 
1763	1   6 
1763	2   5   9 
1765	1   9 
1765	1   5 
1766	2   6   9 
1768	2   5   6 
1770	1   6 
1770	2   9   5 
1772	1   9 
1773	2  10   9 
1775	2  11  10 
1777	1  10 
1778	2   9  11 
1780	1  11 
1780	2   9  10 
1782	1  10 
1782	1   9 
1783	2  11  10 
1785	2   9  11 
1787	1  11 
1787	2  10   9 
1789	1  10 
1789	1   9 
1790	2  10   9 
1792	2   8  10 
1794	1  10 
1794	2   9   8 
1796	1   8 
1796	2   9  10 
1798	1  10 
1798	1   9 
1799	2   8  10 
1801	2   9   8 
1803	1   8 
1803	2  10   9 
