   1	1   5 
   2	1   5 
   3	2   5   0 
   5	1   5 
   6	2   5   0 
   8	1   5 
   8	1   0 
   9	1   0 
   9	2   5   1 
  11	1   5 
  12	2   5   1 
  14	1   5 
  14	2   0   1 
  16	1   0 
  16	2   5   4 
  18	1   5 
  18	2   0   1 
  20	1   0 
  20	1   1 
  20	2   5   4 
  21	1   1 
  22	1   5 
  22	2   0   4 
  24	1   0 
  24	2   5   2 
  26	1   5 
  26	2   0   4 
  28	1   0 
  28	2   5   2 
  30	1   5 
  30	2   1   4 
  32	1   1 
  32	2   5   8 
  34	1   5 
  34	2   0   2 
  36	1   0 
  36	2   1   4 
  38	1   1 
  38	1   4 
  38	2   5   8 
  39	1   4 
  40	1   5 
  40	2   0   2 
  42	1   0 
  42	2   1   2 
  42	6   8   4 
  44	1   1 
  45	2   1   2 
  47	1   1 
  48	2   0   4 
  48	6  10   2 
  50	1   0 
  51	2   0   4 
  53	1   0 
  54	2   5   6 
  56	1   5 
  56	2   8  10 
  56	6   1   0 
  58	1   8 
  59	2   8  10 
  61	1   8 
  61	1  10 
  62	1  10 
  62	2   5   6 
  64	1   5 
  64	2   0   4 
  66	1   0 
  66	2   1   6 
  68	1   1 
  68	2   5   9 
  70	1   5 
  70	2   0   4 
  72	1   0 
  72	2   1   6 
  72	2   8   4 
  74	1   1 
  74	1   8 
  74	2   5   9 
  76	1   5 
  76	2   8   4 
  76	6   6   1 
  78	1   8 
  79	6   8   4 
  82	6  13  10 
  85	2   0   1 
  87	1   0 
  87	6   4   1 
  88	6  13  12 
  93	2   5   2 
  94	2  12   8 
  95	1   5 
  96	1  12 
  96	2   6   9 
  96	2   0   4 
  98	1   6 
  98	1   0 
  98	2   5   2 
  98	2  12   8 
 100	1   5 
 100	1  12 
 100	1   8 
 100	2   6   9 
 101	1   8 
 100	6   1   0 
 102	1   6 
 106	2   0   4 
 106	2   6   2 
 108	1   0 
 108	1   6 
 109	2   1   9 
 111	1   1 
 111	2   0   4 
 111	2   6   2 
 113	1   0 
 113	1   6 
 113	6   9   4 
 119	2   5   7 
 121	1   5 
 121	2   1   4 
 123	1   1 
 123	2  12   9 
 123	2   0   4 
 125	1  12 
 125	1   0 
 125	2   5   7 
 127	1   5 
 127	2   1   2 
 127	2  12   9 
 129	1   1 
 129	1  12 
 129	2   6   7 
 129	2   0   4 
 131	1   6 
 131	1   0 
 131	2   5  10 
 133	1   5 
 133	2   1   2 
 133	2   8   9 
 135	1   1 
 135	1   8 
 135	2   6   7 
 136	2  12   4 
 137	1   6 
 138	1  12 
 138	2   5  10 
 137	6   7   3 
 140	1   5 
 140	2   8   9 
 142	1   8 
 142	1   9 
 142	6  10   5 
 143	1   9 
 148	2   0   2 
 150	1   0 
 150	2   6   5 
 152	1   6 
 152	2   1   3 
 154	1   1 
 154	2  12   4 
 154	2  10   7 
 156	1  12 
 156	1  10 
 156	2   0   2 
 158	1   0 
 158	2   8   4 
 158	2  10   7 
 160	1   8 
 160	1  10 
 160	2   1   3 
 161	2  10  13 
 162	1   1 
 162	2   8   4 
 163	1  10 
 162	6   3   2 
 164	1   8 
 164	2   9   4 
 166	1   9 
 166	2  10  13 
 168	1  10 
 168	2   6   5 
 168	6  12   8 
 170	1   6 
 170	2   1   5 
 170	2  10  11 
 172	1   1 
 172	1  10 
 172	2   6   7 
 174	1   6 
 174	2   1   5 
 174	2  10  11 
 176	1   1 
 176	1  10 
 176	2   6   7 
 176	2   9   4 
 178	1   6 
 178	1   9 
 178	1   4 
 178	2  10  14 
 179	1   4 
 178	6   3   1 
 180	1  10 
 181	2  10  14 
 183	1  10 
 183	6  13   9 
 184	2   0   2 
 186	1   0 
 186	2   3   7 
 188	1   3 
 186	6   4   1 
 189	2   3   7 
 189	2  10  15 
 191	1   3 
 191	1  10 
 192	2   8   4 
 192	2  10  15 
 192	6   7   3 
 194	1   8 
 194	1  10 
 195	2   8   4 
 197	1   8 
 195	6  15  10 
 198	2   0   2 
 200	1   0 
 200	6   8   4 
 200	6   2   1 
 201	6  10   7 
 206	2  12   8 
 207	2   0   5 
 208	1  12 
 207	6   3   2 
 209	1   0 
 209	2  12   8 
 210	2   0   5 
 211	1  12 
 212	1   0 
 212	2  13   8 
 213	2   0   2 
 214	1  13 
 214	6  12   8 
 215	1   0 
 216	2   0   2 
 218	1   0 
 219	6   2   0 
 220	2  13  12 
 222	1  13 
 223	6  13  12 
 225	2   4   1 
 227	1   4 
 228	2   4   1 
 229	6  15  13 
 230	1   4 
 231	2   4   5 
 233	1   4 
 234	2   4   5 
 236	1   4 
 236	2   6   9 
 237	2   4   0 
 238	1   6 
 239	1   4 
 239	2   6   9 
 240	2   4   0 
 241	1   6 
 241	2  10   9 
 242	1   4 
 243	1  10 
 243	2   6  11 
 243	6   8   0 
 245	1   6 
 246	2   6  11 
 248	1   6 
 249	2   0   1 
 249	2  10   9 
 251	1   0 
 251	1  10 
 251	6   4   1 
 252	2  10  11 
 254	1  10 
 255	2  10  11 
 257	1  10 
 257	2   0   4 
 258	2   6  14 
 259	1   0 
 260	1   6 
 260	2  12   4 
 260	6  11   3 
 262	1  12 
 262	2   0   5 
 264	1   0 
 265	2  12   4 
 266	2  11  15 
 267	1  12 
 267	2   0   5 
 268	1  11 
 269	1   0 
 269	2  11  15 
 270	2   0   8 
 271	1  11 
 271	1  15 
 272	1   0 
 272	1  15 
 272	6   9   5 
 272	6  14  11 
 278	2   2   5 
 278	6  14  13 
 280	1   2 
 280	2   6  11 
 282	1   6 
 282	2   2   5 
 284	1   2 
 284	2  12   9 
 284	2   6   7 
 286	1  12 
 286	1   6 
 286	2   1   5 
 286	2  10  11 
 288	1   1 
 288	1  10 
 288	2   2   3 
 288	2  12   9 
 290	1   2 
 290	1  12 
 290	2   1   5 
 290	2  10  11 
 292	1   1 
 292	1  10 
 292	2   2   3 
 293	2   0   8 
 294	1   2 
 294	2   6   7 
 295	1   0 
 295	2  12   8 
 296	1   6 
 296	2   0   5 
 297	1  12 
 296	6   3   2 
 298	1   0 
 298	2  12   8 
 299	2   0   5 
 300	1  12 
 301	1   0 
 301	6   9   4 
 302	2   1   2 
 304	1   1 
 304	2   3  11 
 306	1   3 
 306	2   1   2 
 307	2  13   9 
 308	1   1 
 308	2   3  11 
 309	1  13 
 309	6   8   5 
 310	1   3 
 310	6  15  14 
 315	2  12   8 
 315	2   0   2 
 316	6  11  10 
 317	1  12 
 317	1   0 
 318	2  12   8 
 318	2   0   2 
 320	1  12 
 320	1   0 
 320	6  13   8 
 322	2  11   7 
 324	1  11 
 325	2  11   7 
 326	2   8   9 
 327	1  11 
 327	2   3   7 
 328	1   8 
 328	2  14   9 
 329	1   3 
 329	6   6   2 
 330	1  14 
 330	2   8   4 
 332	1   8 
 332	2  14   9 
 334	1  14 
 334	1   9 
 334	2   8   4 
 335	1   9 
 335	2   3   7 
 336	1   8 
 336	6   9   4 
 337	1   3 
 337	6   2   1 
 342	2  14   9 
 343	6   1   0 
 344	1  14 
 345	2  14   9 
 347	1  14 
 347	6  10   6 
 347	6  13  12 
 353	2   8   5 
 353	6   7   3 
 355	1   8 
 355	2   4   9 
 357	1   4 
 357	2   8   5 
 359	1   8 
 359	2   2   6 
 359	2   4   9 
 361	1   2 
 361	1   4 
 361	1   9 
 361	2   8  12 
 362	1   9 
 362	2   2   6 
 363	1   8 
 363	6  14   9 
 364	1   2 
 365	2   2   3 
 367	1   2 
 368	2   2   3 
 369	2   9   5 
 370	1   2 
 371	1   9 
 371	2  13  10 
 373	1  13 
 373	2   1   6 
 373	2   8  12 
 375	1   1 
 375	1   8 
 375	2   9   5 
 377	1   9 
 377	2  13  10 
 377	2   4   5 
 379	1  13 
 379	1   4 
 379	2   1   6 
 380	6  14  13 
 381	1   1 
 381	2   4   5 
 383	1   4 
 383	2   1   3 
 385	1   1 
 385	6   8   5 
 385	6   3   2 
 386	6  14  11 
 391	2   1   2 
 392	2   9  12 
 393	1   1 
 392	6  11   7 
 394	1   9 
 394	2  13   8 
 396	1  13 
 396	2   9  12 
 398	1   9 
 398	2   5  10 
 400	1   5 
 400	2   7   6 
 400	2  13   8 
 402	1   7 
 402	1  13 
 402	1   8 
 402	2   5  10 
 403	1   8 
 404	1   5 
 404	2   7   6 
 405	2   4  12 
 406	1   7 
 407	1   4 
 407	2   9  10 
 407	2   7   2 
 409	1   9 
 409	1   7 
 409	2   5   6 
 411	1   5 
 411	2   9  10 
 411	2   7   2 
 413	1   9 
 413	1   7 
 413	2   4  12 
 414	6  10   2 
 415	1   4 
 420	2   5   6 
 420	2  13  12 
 422	1   5 
 422	1  13 
 422	2   9   6 
 424	1   9 
 424	2   5  10 
 424	2  13  12 
 426	1   5 
 426	1  13 
 426	2   9   6 
 428	1   9 
 428	2   8  12 
 428	2   5  10 
 430	1   8 
 430	1   5 
 430	2   9  10 
 430	6   2   0 
 432	1   9 
 432	2   8  12 
 434	1   8 
 434	1  12 
 434	2   9  10 
 435	1  12 
 436	1   9 
 436	2   4   0 
 437	6  13   9 
 438	1   4 
 439	2   4   0 
 441	1   4 
 443	2   4   6 
 445	1   4 
 445	6   5   0 
 443	6  13  12 
 451	2   9   5 
 453	1   9 
 453	2   4   6 
 455	1   4 
 455	2   9   5 
 457	1   9 
 457	2   8   5 
 459	1   8 
 459	2   9   6 
 461	1   9 
 461	2   8   5 
 463	1   8 
 463	2   9   6 
 465	1   9 
 465	6   6   4 
 471	2   6  10 
 471	2   8   4 
 473	1   6 
 473	1   8 
 474	2   6  10 
 474	2   8   4 
 476	1   8 
 476	1   6 
 476	2   9  10 
 478	1   9 
 478	6  12   4 
 484	2  13   5 
 486	1  13 
 486	2   9  10 
 488	1   9 
 488	6   8   5 
 494	2  13   8 
 496	1  13 
 496	1   8 
 496	2   5  10 
 497	1   8 
 497	2  13  12 
 498	1   5 
 499	1  13 
 499	2   5  10 
 500	2  13  12 
 501	1   5 
 502	1  13 
 502	2   8  12 
 504	1   8 
 504	2  13  10 
 506	1  13 
 506	2   8  12 
 508	1   8 
 508	1  12 
 508	2  13  10 
 509	1  12 
 510	1  13 
 510	2   8  10 
 512	1   8 
 512	6  12   9 
 518	2   8  10 
 520	1   8 
 520	2   9  10 
 522	1   9 
 523	2   9  10 
 525	1  10 
 525	1   9 
 526	1  10 
