   1	1   7 
   1	1   6 
   1	1   2 
   1	1   1 
   1	1   8 
   1	1  11 
   1	1   0 
   1	1   9 
   1	1  10 
   1	1   5 
   1	1  14 
   1	1   4 
   2	2   6   9 
   4	1   6 
   4	1   9 
   4	2   2   7 
   6	1   7 
   6	1   2 
   6	2   8  10 
   8	1   8 
   8	1  10 
   8	2   5   0 
   8	2  14  11 
  10	1  11 
  10	1   0 
  10	1   5 
  10	1  14 
  10	2   4   1 
  11	2  11  14 
  12	1   1 
  12	1   4 
  12	2   0   5 
  13	1  14 
  14	1   5 
  14	2   7   2 
  16	1   2 
  16	2   1   4 
  16	2  14  11 
  18	1   4 
  18	1  11 
  18	1  14 
  18	2   9   6 
  19	1  11 
  19	1  14 
  20	1   6 
  20	2   2   7 
  22	1   7 
  22	1   2 
  22	2  10   8 
  23	1   7 
  23	1   2 
  24	1   8 
  24	2   6   9 
  26	1   6 
  26	1   9 
  26	2   5   0 
  26	2   7  11 
  27	1   6 
  27	1   9 
  28	1   0 
  28	1   5 
  28	1   7 
  28	1  11 
  28	2   4   1 
  29	1   0 
  29	1   5 
  29	2  11   7 
  30	1   1 
  30	1   4 
  30	2   9  14 
  31	1   1 
  31	1   4 
  31	1   7 
  32	1   9 
  32	1  14 
  32	2   1   0 
  32	2   7  11 
  33	2  14   9 
  34	1   1 
  34	1   0 
  34	1   7 
  34	1  11 
  35	1   9 
  35	1   7 
  35	1  11 
  35	2   5   6 
  37	1   6 
  37	1   5 
  37	2   0   1 
  37	2   9  14 
  39	1   1 
  39	1   9 
  39	1  14 
  39	2   6   5 
  40	1   9 
  40	1  14 
  41	1   5 
  41	2   8  10 
  41	2   1   0 
  43	1   8 
  43	1  10 
  43	1   1 
  43	1   0 
  43	2   5   6 
  44	1   8 
  44	1  10 
  44	1   1 
  44	1   0 
  43	6  14  11 
  45	1   6 
  45	1   5 
  45	2   8   4 
  46	1   6 
  46	1   5 
  47	1   8 
  47	1   4 
  47	2   5   9 
  49	1   9 
  49	1   5 
  49	2   4   8 
  49	2  11   7 
  51	1   8 
  51	1   7 
  51	1  11 
  51	2   9   5 
  52	2   7  11 
  53	1   5 
  53	2   8   4 
  54	1  11 
  55	1   8 
  55	1   4 
  55	2  10   2 
  56	1   8 
  56	1   4 
  57	1   2 
  57	1  10 
  57	2   0   8 
  57	2  11   7 
  59	1   8 
  59	1   0 
  59	1   7 
  59	1  11 
  59	2   5   9 
  60	1   7 
  60	1  11 
  61	1   9 
  61	1   5 
  61	2  11   7 
  62	1   9 
  62	1   5 
  63	1   7 
  63	1  11 
  63	2   8   0 
  64	2   7  11 
  65	1   0 
  66	1  11 
  66	2   6   4 
  68	1   6 
  68	1   4 
  68	2  11   7 
  69	2   0   8 
  70	1   7 
  70	1  11 
  71	1   8 
  71	1   0 
  71	1   7 
  71	1  11 
  72	1   8 
  72	1   0 
  72	2   2  10 
  74	1  10 
  74	2   0   5 
  73	6  12   8 
  76	1   0 
  76	1   5 
  76	2  10   2 
  78	1   2 
  78	1  10 
  78	2   5   0 
  79	1   2 
  79	1  10 
  78	6  11   7 
  80	1   0 
  80	2   2   1 
  82	1   2 
  82	1   1 
  82	2   0   5 
  84	1   0 
  84	1   5 
  84	2  10  14 
  84	2   1   2 
  85	1   0 
  85	1   5 
  86	1  14 
  86	1  10 
  86	1   2 
  86	2   7   5 
  88	1   5 
  88	1   7 
  88	2  14  10 
  88	2   2   1 
  90	1  10 
  90	1   2 
  90	1   1 
  91	1   2 
  91	1   1 
  91	2  10  14 
  92	6   8   0 
  93	1  14 
  93	1  10 
  94	1  14 
  94	1  10 
  98	2   4   6 
  98	6  13  12 
 100	1   6 
 101	2   6   4 
 103	1   6 
 103	1   4 
 104	1   6 
 104	1   4 
 104	2  14  13 
 105	2   6   1 
 106	1  13 
 106	1  14 
 107	1   6 
 107	1   1 
 107	2   9   4 
 109	1   9 
 109	1   4 
 109	2   1   6 
 109	2  13  14 
 111	1   6 
 111	1  14 
 111	2   4   9 
 113	1   9 
 113	2   6   1 
 113	2  14  13 
 115	1   6 
 115	1   1 
 115	1  13 
 115	1  14 
 115	2   9   4 
 116	1   6 
 116	1   1 
 116	1  13 
 116	1  14 
 117	1   9 
 117	1   4 
 117	2  14  13 
 118	1   9 
 118	1   4 
 119	1  13 
 119	1  14 
 119	2   4   6 
 120	2  13  14 
 121	1   6 
 121	1   4 
 122	1  14 
 122	2  11   9 
 124	1  11 
 124	1   9 
 124	2   6   4 
 124	2  14  13 
 126	1   4 
 126	1  13 
 126	1  14 
 127	1  13 
 127	1  14 
 127	2   5   7 
 128	6  14  12 
 129	1   7 
 130	2   7   5 
 132	1   5 
 132	1   7 
 133	1   5 
 133	1   7 
 134	2   2  10 
 136	1   2 
 136	1  10 
 136	6  14  13 
 137	2   4   6 
 139	1   6 
 139	1   4 
 140	1   6 
 140	1   4 
 142	2  10   2 
 142	2   4  12 
 144	1   2 
 144	1  12 
 144	1   4 
 144	2   9  11 
 146	1  11 
 146	2  12   4 
 147	2   2  10 
 148	1   4 
 149	1   2 
 149	1  10 
 149	2   4  12 
 150	1   2 
 150	1  10 
 151	1  12 
 151	1   4 
 151	2   1   2 
 151	2  11   9 
 152	1  12 
 152	1   4 
 153	1   2 
 153	1   1 
 153	1  11 
 153	1   9 
 153	6  13  12 
 154	1  11 
 154	1   9 
 154	2   2   1 
 155	2  11   7 
 156	1   1 
 157	1  11 
 157	1   7 
 157	2   1   2 
 158	2   7  11 
 159	1   2 
 159	1   1 
 160	1   2 
 160	1   1 
 160	1  11 
 161	2   8  10 
 163	1   8 
 163	1  10 
 163	2   6   2 
 165	1   6 
 165	1   2 
 165	2  11   7 
 166	2   1   9 
 167	1  11 
 167	1   7 
 168	1   1 
 168	1   9 
 168	1  11 
 168	1   7 
 168	2   2   6 
 169	6  14  11 
 170	1   6 
 171	2   6   2 
 173	1   6 
 173	1   2 
 174	1   6 
 174	1   2 
 173	6   4   1 
 175	6  14  12 
 179	6   7   2 
 181	2   9   4 
 183	1   4 
 184	2   4   9 
 186	1   4 
 186	1   9 
 187	1   4 
 187	1   9 
 188	2  10   8 
 190	1   8 
 190	6   9   4 
 196	2   8  10 
 198	1   8 
 198	1  10 
 198	2   9  13 
 199	1   8 
 199	1  10 
 198	6   4   1 
 200	1   9 
 200	1  13 
 200	2  10  11 
 202	1  11 
 202	1  10 
 202	2  13   9 
 204	1   9 
 204	2   5   8 
 204	2  11  10 
 206	1   8 
 206	1   5 
 206	1  10 
 206	2   1   2 
 206	2   9  13 
 208	1   1 
 208	1   2 
 208	1   9 
 208	1  13 
 208	2   8   5 
 208	2  10  11 
 209	1   9 
 209	1  13 
 210	1   5 
 210	1  11 
 210	1  10 
 210	2   2   1 
 210	2  13   9 
 211	1  11 
 211	1  10 
 212	1   1 
 212	1   9 
 212	1  13 
 212	2   5   8 
 212	2   7  11 
 214	1   8 
 214	1   5 
 214	1   7 
 214	1  11 
 214	2  10   6 
 215	1   8 
 215	1   5 
 216	1   6 
 216	1  10 
 216	2  12   8 
 216	2  11   7 
 216	2   1   2 
 218	1  12 
 218	1   8 
 218	1   7 
 218	1   1 
 218	1   2 
 218	2   4   5 
 219	1   1 
 219	1   2 
 219	2   7  11 
 220	1   5 
 220	1   4 
 220	2   8  12 
 220	2   2   1 
 221	1   7 
 221	1  11 
 222	1  12 
 222	1   7 
 222	1  11 
 222	1   1 
 222	1   2 
 222	2   6  10 
 223	2  12   8 
 224	1  10 
 224	2   1   2 
 225	1  12 
 225	1   8 
 225	2   9  13 
 226	1  12 
 226	1   8 
 226	1   2 
 224	6  11   7 
 227	1  13 
 227	2   5   4 
 229	1   4 
 229	2  13   9 
 229	2   2   1 
 231	1   9 
 231	1  13 
 231	1   1 
 231	1   2 
 231	2  10   6 
 232	1   9 
 232	1  13 
 232	1   1 
 232	1   2 
 231	6  12   8 
 233	1   6 
 233	1  10 
 234	1   6 
 234	1  10 
 235	2   7   6 
 237	1   6 
 237	1   7 
 237	2   4   5 
 237	6  14  12 
 239	1   5 
 239	1   4 
 239	2   6   7 
 240	1   5 
 240	1   4 
 241	1   7 
 242	2   7   6 
 243	2   8   4 
 244	1   6 
 244	1   7 
 244	2  11  14 
 245	1   8 
 245	1   4 
 245	1   6 
 245	1   7 
 244	6   3   2 
 246	1  11 
 246	1  14 
 246	2  10   5 
 248	1  10 
 248	1   5 
 248	2  14  11 
 248	2   4   8 
 250	1   8 
 250	1  11 
 250	2   5  10 
 252	1  10 
 252	2   8   4 
 252	2  11  14 
 254	1   8 
 254	1  11 
 254	1  14 
 254	1   4 
 254	2  10   5 
 255	1   8 
 255	1  11 
 255	1  14 
 255	1   4 
 256	1  10 
 256	1   5 
 256	2   6   7 
 257	1  10 
 257	1   5 
 256	6   9   4 
 258	1   6 
 258	1   7 
 259	2  11   3 
 261	1  11 
 261	1   3 
 261	2   7   6 
 262	2   4   1 
 263	1   6 
 263	2  13  10 
 264	1   4 
 264	1   1 
 265	1  13 
 265	1  10 
 265	2   5   8 
 266	2   3  11 
 267	1   8 
 267	1   5 
 267	2   1   4 
 268	1  11 
 268	2  10  13 
 269	1   4 
 270	1  13 
 270	2   9  14 
 270	2   6   7 
 272	1  14 
 272	1   9 
 272	1   6 
 272	1   7 
 272	2   8   5 
 273	1   6 
 273	1   7 
 274	1   5 
 274	2  14   9 
 274	6   7   6 
 276	1   9 
 276	2   4   1 
 278	1   4 
 278	1   1 
 278	2   9  14 
 279	1   4 
 279	1   1 
 280	1  14 
 280	1   9 
 280	2  11   3 
 280	2   5   8 
 281	1  14 
 281	1   9 
 282	1   8 
 282	1  11 
 282	1   5 
 282	1   3 
 282	2  13  10 
 283	1   8 
 283	1  11 
 283	1   5 
 283	1   3 
 284	1  13 
 284	1  10 
 284	2  11   7 
 285	1  13 
 285	1  10 
 284	6   5   2 
 286	1   7 
 286	1  11 
 287	2   7  11 
 289	1  11 
 289	6  14  12 
 290	2   2   3 
 292	1   2 
 292	1   3 
 293	2   3   2 
 295	1   2 
 295	2   8  13 
 295	2  11   7 
 295	6   5   1 
 297	1   8 
 297	1  13 
 297	1   7 
 297	1  11 
 298	2  13   8 
 300	1   8 
 301	2   4  12 
 301	2   2   3 
 303	1   4 
 303	1  12 
 303	1   2 
 303	1   3 
 303	2   6   9 
 305	1   6 
 305	1   9 
 305	2  10   5 
 307	1   5 
 307	1  10 
 307	2   9   6 
 309	1   6 
 309	2  12   4 
 311	1   4 
 311	2   5  10 
 313	1  10 
 313	2   8  13 
 315	1   8 
 315	1  13 
 315	2   6   9 
 317	1   6 
 317	1   9 
 317	2   4  12 
 319	1   4 
 319	1  12 
 319	2  10   5 
 321	1   5 
 321	1  10 
