   1	1   9 
   1	1   1 
   1	1  11 
   1	1   5 
   1	1   0 
   1	1   8 
   1	1   2 
   1	1  10 
   1	1   3 
   1	1   7 
   1	1   4 
   1	1   6 
   2	1  11 
   2	1   2 
   2	1  10 
   2	1   7 
   2	2   5   0 
   3	6  11   3 
   4	6   9   5 
   9	6   3   2 
  10	6   9   4 
  16	2   1   5 
  18	2   2   1 
  20	1   1 
  20	2   5   2 
  22	1   2 
  22	2   5   1 
  24	1   1 
  24	1   5 
  24	6   6   3 
  30	2   2   1 
  32	2   5   2 
  34	1   2 
  34	2   1   5 
  35	1   2 
  36	1   1 
  36	1   5 
  36	1   2 
  37	1   1 
  38	2   1   4 
  40	1   4 
  40	2   0   1 
  42	1   1 
  42	2   0   4 
  44	1   4 
  44	1   0 
  45	2   1   4 
  47	2   0   1 
  49	1   1 
  49	2   4   0 
  50	1   1 
  51	1   4 
  51	1   0 
  51	2   1   5 
  53	2   2   1 
  55	1   1 
  55	2   5   2 
  57	1   2 
  57	2   5   1 
  59	1   1 
  59	1   5 
  59	2   4   0 
  61	2   2   1 
  63	2   5   2 
  65	1   2 
  65	2   1   5 
  66	1   2 
  67	1   1 
  67	1   2 
  67	1   5 
  68	1   1 
  68	6   5   0 
  74	2   1   4 
  76	1   4 
  76	2   5   1 
  78	1   1 
  78	2   5   4 
  80	1   4 
  80	1   5 
  80	6   9   6 
  86	2   1   4 
  86	6  11   3 
  88	2   5   1 
  90	1   1 
  90	2   4   5 
  91	1   1 
  92	1   5 
  92	1   4 
  93	2   5   8 
  95	2   9   5 
  97	1   5 
  97	2   8   9 
  99	1   9 
  99	2   8   5 
 101	1   5 
 101	1   8 
 101	2   1   4 
 103	2   9   5 
 105	2   8   9 
 107	1   9 
 107	2   5   8 
 108	1   9 
 109	1   5 
 109	1   8 
 109	1   9 
 110	1   5 
 111	2   5   1 
 113	1   1 
 113	2   4   5 
 115	1   5 
 115	2   4   1 
 117	1   1 
 117	1   4 
 118	2   5   1 
 120	2   4   5 
 122	1   5 
 122	2   1   4 
 123	1   5 
 124	1   1 
 124	1   4 
 124	2   5   8 
 126	2   9   5 
 128	1   5 
 128	2   8   9 
 130	1   9 
 130	2   8   5 
 132	1   5 
 132	1   8 
 132	2   1   4 
 134	2   9   5 
 136	2   8   9 
 138	1   9 
 138	2   5   8 
 139	1   9 
 140	1   5 
 140	1   8 
 140	1   9 
 141	1   5 
 141	6  10   9 
 140	6   2   0 
 146	6   3   2 
 152	2   5   1 
 154	1   1 
 154	2   4   5 
 156	1   5 
 156	2   4   1 
 156	6  10   6 
 158	1   1 
 158	1   4 
 162	2   5   1 
 164	2   4   5 
 166	1   5 
 166	2   1   4 
 167	1   5 
 168	1   4 
 168	1   1 
 169	2   8   4 
 169	2   2   1 
 171	2   9   8 
 173	1   8 
 173	2   4   9 
 175	1   9 
 175	2   4   8 
 177	1   8 
 177	1   4 
 178	2   9   8 
 180	2   4   9 
 182	1   9 
 182	2   8   4 
 183	1   9 
 184	1   8 
 184	1   4 
 184	1   9 
 185	2   8   4 
 187	2   0   8 
 189	1   8 
 189	2   4   0 
 189	6  10   9 
 191	1   0 
 195	2   4   8 
 197	1   8 
 197	1   4 
 198	2   0   8 
 200	2   4   0 
 202	1   0 
 202	2   8   4 
 203	1   0 
 204	1   0 
 204	1   8 
 204	1   4 
 205	2   0   2 
 207	1   2 
 207	2   1   0 
 209	1   0 
 209	2   1   2 
 211	1   2 
 211	1   1 
 212	2   0   2 
 214	2   1   0 
 216	1   0 
 216	2   2   1 
 217	1   0 
 218	1   2 
 218	1   1 
 218	1   0 
 219	2   2   1 
 221	2   6   2 
 223	1   2 
 223	2   1   6 
 225	1   6 
 225	2   1   2 
 227	1   2 
 227	1   1 
 228	2   6   2 
 230	2   1   6 
 232	1   6 
 232	2   2   1 
 233	1   6 
 234	1   2 
 234	1   1 
 234	1   6 
 235	2   5   2 
 237	2   7   5 
 239	1   5 
 239	2   2   7 
 241	1   7 
 241	2   2   5 
 243	1   5 
 243	1   2 
 244	2   7   5 
 246	2   2   7 
 248	1   7 
 248	2   5   2 
 249	1   7 
 250	1   5 
 250	1   2 
 250	1   7 
 251	1   5 
 252	2   9   1 
 254	2   5   9 
 256	1   9 
 256	2   1   5 
 258	1   5 
 259	2   1   9 
 261	1   9 
 261	1   1 
 262	2   5   9 
 264	2   1   5 
 266	1   5 
 267	1   5 
 268	2   5   2 
 270	2   7   5 
 272	1   5 
 272	2   2   7 
 274	1   7 
 274	2   2   5 
 276	1   5 
 276	1   2 
 277	2   7   5 
 279	2   2   7 
 281	1   7 
 281	2   9   1 
 282	1   7 
 283	1   9 
 283	1   1 
 283	1   7 
 283	2   5   2 
 285	1   5 
 285	1   2 
 285	6  10   7 
 286	1   5 
 291	2   9   1 
 293	2   5   9 
 295	1   9 
 295	2   1   5 
 297	1   5 
 298	2   1   9 
 300	1   9 
 300	1   1 
 301	2   5   9 
 303	2   1   5 
 305	1   5 
 306	1   5 
 307	2   9   1 
 309	1   9 
 309	1   1 
 310	2  11   9 
 310	2   2   1 
 312	2   6  11 
 314	1  11 
 314	2   9   6 
 316	1   6 
 316	2   9  11 
 318	1  11 
 318	1   9 
 319	2   6  11 
 321	2   9   6 
 323	1   6 
 323	2  11   9 
 324	1   6 
 325	1  11 
 325	1   9 
 325	1   6 
 326	2  11   9 
 328	2  10  11 
 330	1  11 
 330	2   9  10 
 332	1  10 
 332	6   7   5 
 338	2   9  11 
 340	1  11 
 340	1   9 
 340	6   3   1 
 341	2  10  11 
 343	2   9  10 
 345	1  10 
 346	1  10 
 346	6   4   1 
 347	1  10 
 352	2  11   9 
 354	1  11 
 354	1   9 
 355	2   7  11 
 355	2   9   8 
 357	2  10   7 
 359	1   7 
 359	2  11  10 
 361	1  10 
 361	2  11   7 
 361	6   9   5 
 363	1   7 
 363	1  11 
 367	2  10   7 
 369	2  11  10 
 367	6   8   4 
 371	1  10 
 371	2   7  11 
 372	1  10 
 373	1   7 
 373	1  11 
 373	1  10 
 373	6   9   4 
 374	1   7 
 375	2   7   2 
 377	1   2 
 377	2   3   7 
 379	1   7 
 379	2   3   2 
 381	1   2 
 381	1   3 
 381	6   9   6 
 387	2   7   2 
 389	2   3   7 
 391	1   7 
 391	2   2   3 
 392	1   7 
 393	1   2 
 393	1   3 
 393	2   7  11 
 395	2  10   7 
 397	1   7 
 397	2  11  10 
 397	2   2   3 
 399	1  10 
 399	2  11   7 
 401	1   7 
 401	1  11 
 402	2  10   7 
 404	2  11  10 
 406	1  10 
 406	2   7  11 
 407	1  10 
 408	1   7 
 408	1  11 
 408	1  10 
 409	1   7 
 409	1  11 
 410	2   7   2 
 412	1   2 
 412	2   3   7 
 414	1   7 
 414	2   3   2 
 416	1   2 
 416	1   3 
 417	2   7   2 
 419	2   3   7 
 421	1   7 
 421	2   2   3 
 422	1   7 
 423	1   3 
 423	1   2 
 423	2   7  11 
 424	6   5   2 
 430	2  10   7 
 432	1   7 
 432	2  11  10 
 433	2   3   1 
 434	1  10 
 435	2  11   7 
 437	1   7 
 437	1  11 
 438	2  10   7 
 440	2  11  10 
 440	6   3   1 
 442	1  10 
 443	1  10 
 444	1  10 
 446	2   7  11 
 448	1   7 
 448	1  11 
 449	1   7 
 450	2   7   2 
 452	1   2 
 452	2   6   7 
 454	1   7 
 454	2   6   2 
 456	1   2 
 456	1   6 
 457	2   7   2 
 459	2   6   7 
 461	1   7 
 461	2   2   6 
 462	1   7 
 463	1   2 
 463	1   6 
 463	1   7 
 464	1   2 
 465	2   2   1 
 467	1   1 
 467	2   3   2 
 469	1   2 
 470	2   3   1 
 472	1   1 
 472	1   3 
 473	2   2   1 
 475	2   3   2 
 477	1   2 
 478	1   2 
 479	2   2   6 
 481	2   7   2 
 483	1   2 
 483	2   6   7 
 485	1   7 
 485	2   6   2 
 487	1   2 
 487	1   6 
 488	2   7   2 
 490	2   6   7 
 492	1   7 
 492	2   2   6 
 493	1   7 
 494	1   6 
 494	1   2 
 494	2   7  11 
 496	2  10   7 
 498	1   7 
 498	2  11  10 
 499	2   1   3 
 500	1  10 
 501	1   1 
 501	1   3 
 501	2  11   7 
 503	1   7 
 503	1  11 
 503	2   2   6 
 505	2  10   7 
 507	2  11  10 
 507	2   1   3 
 509	1  10 
 509	2   7  11 
 510	1  10 
 511	1   7 
 511	1  11 
 511	1  10 
 512	1   7 
 513	2   7   2 
 515	1   2 
 515	2   6   7 
 517	1   7 
 517	2   6   2 
 519	1   2 
 519	1   6 
 520	2   7   2 
 522	2   6   7 
 524	1   7 
 524	2   2   6 
 525	1   7 
 526	1   2 
 526	1   6 
 526	1   7 
 527	1   2 
 528	2   2   1 
 530	1   1 
 530	2   3   2 
 532	1   2 
 533	2   3   1 
 535	1   1 
 535	1   3 
 536	2   2   1 
 538	2   3   2 
 540	1   2 
 541	1   2 
 542	2   2   6 
 544	2   7   2 
 546	1   2 
 546	2   6   7 
 548	1   7 
 548	2   6   2 
 550	1   2 
 550	1   6 
 551	2   7   2 
 553	2   6   7 
 555	1   7 
 555	2   2   6 
 556	1   7 
 557	1   6 
 557	1   2 
 557	2   7  11 
 558	1   2 
 559	2  10   7 
 561	1   7 
 561	2  11  10 
 562	2   1   3 
 563	1  10 
 564	1   1 
 564	1   3 
 564	2  11   7 
 565	2   1   5 
 566	1   7 
 566	1  11 
 567	2  10   7 
 567	6   2   1 
 569	2  11  10 
 571	1  10 
 571	2   7  11 
 572	1  10 
 567	6   8   4 
 573	1   7 
 573	1  11 
 573	1  10 
 573	2   6   3 
 574	1   7 
 575	2   7   2 
 577	1   2 
 577	2   5   7 
 579	1   7 
 579	2   5   2 
 581	1   2 
 581	1   5 
 582	2   7   2 
 584	2   5   7 
 586	1   7 
 586	2   2   5 
 587	1   7 
 588	1   2 
 588	1   5 
 588	1   7 
 589	1   2 
 590	2   2   6 
 592	1   6 
 592	2   3   2 
 594	1   2 
 594	2   3   6 
 596	1   6 
 596	1   3 
 597	2   2   6 
 599	2   3   2 
 601	1   2 
 601	2   6   3 
 602	1   2 
 603	1   6 
 603	1   3 
 603	2   2   5 
 605	2   7   2 
 607	1   2 
 607	2   5   7 
 609	1   7 
 609	2   5   2 
 611	1   2 
 611	1   5 
 611	2   6   3 
 613	2   7   2 
 615	2   5   7 
 617	1   7 
 617	2   2   5 
 618	1   7 
 619	1   5 
 619	1   2 
 619	2   7  11 
 620	2   2   5 
 622	2  10   7 
 624	1   7 
 624	2  11  10 
 626	1  10 
 626	2  11   7 
 628	1   7 
 628	1  11 
 629	2  10   7 
 631	2  11  10 
 633	1  10 
 633	2   7  11 
 634	1  10 
 635	1   7 
 635	1  10 
 635	1  11 
 636	1   7 
 637	2   7   2 
 639	1   2 
 639	2   5   7 
 641	1   7 
 641	2   5   2 
 643	1   2 
 643	1   5 
 644	2   7   2 
 646	2   5   7 
 648	1   7 
 648	2   2   5 
 649	1   7 
 650	1   2 
 650	1   5 
 650	1   7 
 651	1   2 
 651	6   7   5 
 657	2   2   6 
 659	1   6 
 659	2   3   2 
 661	1   2 
 661	2   3   6 
 663	1   6 
 663	1   3 
 664	2   2   6 
 666	2   3   2 
 668	1   2 
 668	2   6   3 
 669	1   2 
 670	1   6 
 670	1   3 
 670	2   2   7 
 672	2   5   2 
 674	1   2 
 674	2   7   5 
 676	1   5 
 676	2   7   2 
 678	1   2 
 678	1   7 
 679	2   5   2 
 681	2   7   5 
 683	1   5 
 683	2   2   7 
 684	1   5 
 685	1   7 
 685	1   2 
 686	2   5   7 
 688	2  10   5 
 690	1   5 
 690	2   7  10 
 692	1  10 
 692	2   7   5 
 694	1   5 
 694	1   7 
 694	2   2   6 
 696	2  10   5 
 698	2   7  10 
 700	1  10 
 700	2   5   7 
 701	1  10 
 702	1   5 
 702	1   7 
 702	1  10 
 703	1   5 
 704	2   5   2 
 706	1   2 
 706	2   6   5 
 708	1   5 
 708	2   6   2 
 710	1   2 
 710	1   6 
 711	2   5   2 
 713	2   6   5 
 715	1   5 
 715	2   2   6 
 716	1   5 
 717	1   2 
 717	1   6 
 717	1   5 
 718	1   2 
 719	2   1   3 
 721	2   2   1 
 723	1   1 
 723	2   3   2 
 725	1   2 
 726	2   3   1 
 728	1   1 
 728	1   3 
 729	2   2   1 
 731	2   3   2 
 733	1   2 
 734	1   2 
 735	2   2   6 
 737	2   5   2 
 739	1   2 
 739	2   6   5 
 741	1   5 
 741	2   6   2 
 743	1   2 
 743	1   6 
 744	2   5   2 
 746	2   6   5 
 748	1   5 
 748	2   2   6 
 749	1   5 
 750	1   6 
 750	1   2 
 751	2   5   7 
 753	2  10   5 
 755	1   5 
 755	2   7  10 
 757	1  10 
 757	2   7   5 
 759	1   5 
 759	1   7 
 759	2   2   6 
 761	2  10   5 
 763	2   7  10 
 765	1  10 
 765	2   5   7 
 766	1  10 
 767	1   5 
 767	1  10 
 767	1   7 
 768	1   5 
 769	2   5   2 
 771	1   2 
 771	2   6   5 
 773	1   5 
 773	2   6   2 
 775	1   2 
 775	1   6 
 776	2   5   2 
 778	2   6   5 
 780	1   5 
 780	2   2   6 
 781	1   5 
 782	1   2 
 782	1   6 
 782	1   5 
 783	1   2 
 784	2   1   3 
 786	1   1 
 786	1   3 
 787	2   1   3 
 789	2   2   1 
 791	1   1 
 791	2   3   2 
 793	1   2 
 794	2   3   1 
 796	1   1 
 796	1   3 
 797	2   2   1 
 799	2   3   2 
 801	1   2 
 802	1   2 
 803	2   2   6 
 805	2   5   2 
 807	1   2 
 807	2   6   5 
 809	1   5 
 809	2   6   2 
 811	1   2 
 811	1   6 
 812	2   5   2 
 814	2   6   5 
 816	1   5 
 816	2   2   6 
 817	1   5 
 818	1   6 
 818	1   2 
 819	2   5   6 
 821	2  10   5 
 823	1   5 
 823	2   6  10 
 825	1  10 
 825	2   6   5 
 827	1   5 
 827	1   6 
 828	2  10   5 
 830	2   6  10 
 832	1  10 
 832	2   1   3 
 833	1  10 
 834	1   1 
 834	1   3 
 834	1  10 
 834	2   5   6 
 836	1   5 
 836	1   6 
 836	2   4   1 
 837	1   5 
 838	2   5   4 
 838	2   2   3 
 840	1   4 
 840	2   1   5 
 842	1   5 
 842	2   1   4 
 844	1   4 
 844	1   1 
 845	2   5   4 
 847	2   1   5 
 849	1   5 
 849	2   4   1 
 850	1   5 
 851	1   4 
 851	1   1 
 851	1   5 
 852	1   4 
 852	6   5   2 
 858	2   4   5 
 858	6   3   2 
 860	1   5 
 861	6   5   4 
 867	2   2   5 
 869	1   5 
 869	6   2   0 
 875	2   0   4 
 875	6   6   3 
 877	1   4 
 877	1   0 
 881	2   5   4 
 881	6  10   7 
 887	2   0   5 
 887	6  11   3 
 889	1   5 
 889	2   4   0 
 890	1   5 
 891	1   4 
 891	1   0 
 891	2   5   1 
 893	2   6   5 
 895	1   5 
 895	2   1   6 
 897	1   6 
 897	2   1   5 
 899	1   5 
 899	1   1 
 899	2   4   0 
 899	6  10   9 
 899	6   3   2 
 905	2   6   5 
 907	2   1   6 
 909	1   6 
 909	2   5   1 
 910	1   6 
 911	1   5 
 911	1   1 
 911	2   6  11 
 913	2   7   6 
 915	1   6 
 915	2  11   7 
 915	2   5   1 
 917	1   7 
 917	2  11   6 
 919	1   6 
 919	1  11 
 920	2   7   6 
 922	2  11   7 
 924	1   7 
 924	2   6  11 
 925	1   7 
 926	1   6 
 926	1  11 
 926	1   7 
 927	1   6 
 928	2   6   5 
 930	1   5 
 930	2   1   6 
 932	1   6 
 932	2   1   5 
 934	1   5 
 934	1   1 
 935	2   6   5 
 937	2   1   6 
 939	1   6 
 939	2   5   1 
 940	1   6 
 941	1   5 
 941	1   1 
 941	1   6 
 942	1   5 
 942	6   6   1 
 948	2   5   4 
 950	1   4 
 950	2   0   5 
 952	1   5 
 952	2   0   4 
 954	1   4 
 954	1   0 
 955	2   5   4 
 957	2   0   5 
 959	1   5 
 959	2   4   0 
 960	1   5 
 961	1   4 
 961	1   0 
 961	2   5   6 
 963	2   1   5 
 965	1   5 
 965	2   6   1 
 965	6   8   4 
 967	1   1 
 971	2   6   5 
 973	1   5 
 973	1   6 
 973	2   8   9 
 975	2   1   5 
 977	2   6   1 
 979	1   1 
 979	2   5   6 
 980	1   1 
 981	1   6 
 981	1   5 
 981	2   0   1 
 983	2   2   6 
 985	2  10   2 
 987	1   2 
 987	2   6  10 
 989	1  10 
 989	2   6   2 
 991	1   2 
 991	1   6 
 992	2  10   2 
 994	2   6  10 
 996	1  10 
 996	2   2   6 
 997	1  10 
 998	1  10 
 998	1   6 
 998	1   2 
 999	2  10   8 
1001	1   8 
1001	2   9  10 
1003	1  10 
1003	2   9   8 
1005	1   8 
1005	1   9 
1005	2   6   5 
1007	2  10   8 
1009	2   9  10 
1011	1  10 
1011	2   8   9 
1012	1  10 
1013	1   8 
1013	1   9 
1013	1  10 
1013	6   6   5 
1014	1   8 
1019	2   8   5 
1021	1   5 
1021	6   9   6 
1027	2   9   8 
1029	1   8 
1029	2   9   5 
1031	1   5 
1031	1   9 
1032	2   8   5 
1034	2   9   8 
1036	1   8 
1036	2   5   9 
1037	1   8 
1038	1   5 
1038	1   9 
1038	1   8 
1039	1   5 
1038	6  10   6 
1044	2   5   0 
1046	1   0 
1046	2   1   5 
1048	1   5 
1048	2   1   0 
1048	6  10   8 
1050	1   0 
1050	1   1 
1054	2   5   0 
1056	2   1   5 
1058	1   5 
1058	2   0   1 
1059	1   5 
1058	6   9   6 
1060	1   0 
1060	1   1 
1061	2   0   1 
1064	2   5   6 
1066	2  10   5 
1068	1   5 
1068	2   6  10 
1068	6   4   1 
1070	1  10 
1070	6  11   7 
1076	2   6   5 
1078	1   5 
1078	1   6 
1078	6   7   3 
1079	2  10   5 
1084	2   6  10 
1086	1  10 
1086	2   5   6 
1087	1  10 
1088	1   6 
1088	1   5 
1089	2  10   8 
1089	6   3   1 
1091	2   9  10 
1093	1  10 
1093	2   8   9 
1095	1   9 
1095	2   5   6 
1097	2   8  10 
1099	1  10 
1099	1   8 
1100	2   9  10 
1102	2   8   9 
1104	1   9 
1105	1   9 
1106	1   9 
1107	2  10   8 
1109	1  10 
1109	1   8 
1110	1  10 
1111	2  10   5 
1113	1   5 
1113	2   6  10 
1115	1  10 
1115	2   6   5 
1117	1   5 
1117	1   6 
1118	2  10   5 
1120	2   6  10 
1122	1  10 
1122	2   5   6 
1123	1  10 
1124	1   5 
1124	1   6 
1124	1  10 
1125	1   5 
1125	6  10   2 
1131	2   5   0 
1133	1   0 
1133	2   4   5 
1135	1   5 
1135	2   4   0 
1137	1   0 
1137	1   4 
1138	2   5   0 
1140	2   4   5 
1142	1   5 
1142	2   0   4 
1143	1   5 
1144	1   4 
1144	1   0 
1144	2   5   6 
1146	2   4   8 
1148	2   9   4 
1150	1   4 
1150	2   8   9 
1150	2   1   0 
1152	1   9 
1152	2   8   4 
1154	1   4 
1154	1   8 
1154	2   2   5 
1156	1   5 
1156	2   9   4 
1156	2   6   2 
1158	1   2 
1158	2   8   9 
1160	1   9 
1160	2   4   8 
1161	1   9 
1162	1   4 
1162	1   8 
1162	1   9 
1162	2   6   5 
1163	1   4 
1164	1   5 
1164	1   6 
1164	2   4   1 
1166	1   1 
1166	2   0   4 
1168	1   4 
1168	2   0   1 
1170	1   1 
1170	1   0 
1170	2   2   5 
1172	2   4   1 
1174	2   0   4 
1174	2   6   2 
1176	1   4 
1176	1   2 
1176	2   1   0 
1177	1   4 
1177	1   2 
1178	1   1 
1178	1   0 
1178	2   4   8 
1180	2   9   4 
1182	1   4 
1182	2   8   9 
1182	2   1   0 
1184	1   9 
1184	2   8   4 
1186	1   4 
1186	1   8 
1186	2   5   6 
1188	1   6 
1188	1   5 
1188	2   9   4 
1190	2   8   9 
1192	1   9 
1192	2   4   8 
1193	1   9 
1194	1   4 
1194	1   8 
1194	1   9 
1194	2  10   5 
1195	1   4 
1195	1   8 
1196	2   4   1 
1198	1   1 
1198	2   0   4 
1200	1   4 
1200	2   0   1 
1202	1   1 
1202	1   0 
1202	6   9   5 
1208	2   4   1 
1210	2   0   4 
1212	1   4 
1212	2   1   0 
1213	1   4 
1214	1   0 
1214	1   1 
1214	6   5   4 
1220	2   0   8 
1222	2   4   0 
1224	1   0 
1224	2   8   4 
1224	2   2   1 
1226	1   4 
1226	2   6   5 
1228	2   8   0 
1230	1   0 
1230	1   8 
1231	2   4   0 
1233	2   8   4 
1235	1   4 
1236	1   4 
1237	1   4 
1238	2   0   8 
1240	1   0 
1240	1   8 
1241	1   0 
1242	2   0   2 
1244	1   2 
1244	2   1   0 
1246	1   0 
1246	2   1   2 
1248	1   2 
1248	1   1 
1249	2   0   2 
1251	2   1   0 
1253	1   0 
1253	2   2   1 
1254	1   0 
1255	1   2 
1255	1   1 
1255	1   0 
1256	1   2 
1257	2   2   6 
1259	1   6 
1259	2   5   2 
1261	1   2 
1261	2   5   6 
1263	1   6 
1263	1   5 
1264	2   2   6 
1266	2   5   2 
1268	1   2 
1268	2   6   5 
1269	1   2 
1270	1   6 
1270	1   5 
1270	2   2   1 
1272	2   0   2 
1274	1   2 
1274	2   1   0 
1276	1   0 
1276	2   1   2 
1278	1   2 
1278	1   1 
1278	2   6   5 
1280	2   0   2 
1282	2   1   0 
1284	1   0 
1284	2   2   1 
1285	1   0 
1286	1   1 
1286	1   2 
1287	2   0   8 
1289	2   4   0 
1291	1   0 
1291	2   8   4 
1291	2   2   1 
1293	1   4 
1294	2   8   0 
1296	1   0 
1296	1   8 
1297	2   4   0 
1299	2   8   4 
1301	1   4 
1302	1   4 
1303	1   4 
1304	2   0   8 
1306	1   0 
1306	1   8 
1307	1   0 
1307	6  10   8 
1313	2   0   2 
1315	1   2 
1315	2   1   0 
1315	6  11   7 
1317	1   0 
1317	2   1   2 
1319	1   2 
1319	1   1 
1313	6   9   8 
1319	6   8   4 
1325	2   0   2 
1327	2   1   0 
1329	1   0 
1329	2   2   1 
1330	1   0 
1331	1   2 
1331	1   1 
1331	1   0 
1332	1   2 
1333	2   2   6 
1335	1   6 
1335	2   5   2 
1337	1   2 
1337	2   5   6 
1339	1   6 
1339	1   5 
1340	2   2   6 
1342	2   5   2 
1344	1   2 
1344	2   6   5 
1345	1   2 
1346	1   6 
1346	1   5 
1346	2   2   1 
1348	2   0   2 
1350	1   2 
1350	2   1   0 
1352	1   0 
1352	2   1   2 
1354	1   2 
1354	1   1 
1354	6   5   0 
1360	2   5   2 
1362	2   1   5 
1364	1   5 
1364	2   2   1 
1365	1   5 
1366	1   2 
1366	1   1 
1366	2   5   0 
1368	2   2  10 
1370	2   7   2 
1370	6   8   0 
1372	1   2 
1372	2  10   7 
1374	1   7 
1376	2  10   2 
1378	1   2 
1378	1  10 
1378	2   1   6 
1380	2   7   2 
1382	2  10   7 
1384	1   7 
1384	2   2  10 
1385	1   7 
1386	1   2 
1386	1  10 
1386	1   7 
1387	1   2 
1388	2   2   1 
1390	1   1 
1390	2   6   2 
1392	1   2 
1392	2   6   1 
1394	1   1 
1394	1   6 
1395	2   2   1 
1397	2   6   2 
1399	1   2 
1399	2   1   6 
1400	1   2 
1401	1   1 
1401	1   6 
1401	1   2 
1402	1   1 
1403	2   1   9 
1405	1   9 
1405	2   4   1 
1407	1   1 
1407	2   4   9 
1409	1   9 
1409	1   4 
1410	2   1   9 
1412	2   4   1 
1414	1   1 
1414	2   9   4 
1415	1   1 
1416	1   9 
1416	1   4 
1416	1   1 
1417	1   9 
1418	2   9   5 
1420	1   5 
1420	2   8   9 
1422	1   9 
1422	2   8   5 
1424	1   5 
1424	1   8 
1425	2   9   5 
1427	2   8   9 
1429	1   9 
1429	2   5   8 
1430	1   9 
1431	1   5 
1431	1   8 
1431	2   9   4 
1433	2   1   9 
1435	1   9 
1435	2   4   1 
1437	1   1 
1437	2   4   9 
1439	1   9 
1439	1   4 
1439	2   5   8 
1441	2   1   9 
1443	2   4   1 
1445	1   1 
1445	2   9   4 
1446	1   1 
1447	1   9 
1447	1   4 
1447	2   1   6 
1449	2   2   1 
1449	2   9   4 
1451	1   1 
1451	2   6   2 
1453	1   2 
1453	2   6   1 
1455	1   1 
1455	1   6 
1456	2   2   1 
1458	2   6   2 
1460	1   2 
1460	2   1   6 
1461	1   2 
1462	1   1 
1462	1   6 
1463	2   2  10 
1465	2   7   2 
1467	1   2 
1467	2  10   7 
1469	1   7 
1469	2  10   2 
1471	1   2 
1471	1  10 
1471	2   1   6 
1473	2   7   2 
1475	2  10   7 
1477	1   7 
1477	2   2  10 
1478	1   7 
1479	1   2 
1479	1  10 
1479	1   7 
1480	1   2 
1481	2   2   1 
1483	1   1 
1483	2   6   2 
1485	1   2 
1485	2   6   1 
1487	1   1 
1487	1   6 
1488	2   2   1 
1490	2   6   2 
1492	1   2 
1492	2   1   6 
1493	1   2 
1494	1   1 
1494	1   6 
1494	1   2 
1495	1   1 
1496	2   1   9 
1498	1   9 
1498	2   4   1 
1500	1   1 
1500	2   4   9 
1502	1   9 
1502	1   4 
1503	2   1   9 
1505	2   4   1 
1507	1   1 
1507	2   9   4 
1508	1   1 
1509	1   9 
1509	1   4 
1509	1   1 
1510	1   9 
1511	2   9   5 
1513	1   5 
1513	2   8   9 
1515	1   9 
1515	2   8   5 
1517	1   5 
1517	1   8 
1518	2   9   5 
1520	2   8   9 
1522	1   9 
1522	2   5   8 
1523	1   9 
1524	1   5 
1524	1   8 
1524	2   9   4 
1526	2   1   9 
1528	1   9 
1528	2   4   1 
1530	1   1 
1530	2   4   9 
1532	1   9 
1532	1   4 
1532	2   5  10 
1534	2   1   9 
1536	2   4   1 
1538	1   1 
1538	2   9   4 
1539	1   1 
1540	1   9 
1540	1   4 
1540	2   1   6 
1541	2   4   8 
1542	2   2   1 
1544	1   1 
1544	2   6   2 
1546	1   2 
1546	2   7   5 
1548	1   5 
1548	2  10   7 
1550	1   7 
1550	2   6   1 
1552	1   1 
1552	1   6 
1552	2  10   5 
1554	1   5 
1554	1  10 
1554	2   2   1 
1556	2   7   5 
1558	2   6   2 
1560	1   2 
1560	2  10   7 
1561	1   2 
1562	1   7 
1562	2   1   6 
1563	1   7 
1564	1   1 
1564	1   6 
1564	1   7 
1564	2   5  10 
1566	1   5 
1566	1  10 
1566	2   2   1 
1567	1   5 
1568	2   5   2 
1570	1   2 
1570	2   1   5 
1572	1   5 
1572	2   1   2 
1572	6  10   9 
1574	1   2 
1574	1   1 
1578	2   5   2 
1580	2   1   5 
1582	1   5 
1582	2   2   1 
1583	1   5 
1582	6   9   4 
1584	1   2 
1584	1   1 
1584	1   5 
1585	1   2 
1588	2  10   6 
1590	2   2  10 
1592	1  10 
1592	2   6   2 
1594	1   2 
1594	2   6  10 
1596	1  10 
1596	1   6 
1597	2   2  10 
1599	2   6   2 
1601	1   2 
1601	2  10   6 
1602	1   2 
1603	1  10 
1603	1   6 
1603	1   2 
1604	1  10 
1605	2  10   9 
1607	1   9 
1608	2   8  10 
1610	1  10 
1610	2   8   9 
1612	1   9 
1612	1   8 
1613	2  10   9 
1615	2   8  10 
1617	1  10 
1617	2   9   8 
1618	1  10 
1619	1   9 
1619	1   8 
1619	2  10   6 
1621	2   2  10 
1623	1  10 
1623	2   6   2 
1623	2   9   8 
1625	1   2 
1625	2   6  10 
1627	1  10 
1627	1   6 
1627	6   9   4 
1633	2   2  10 
1635	2   6   2 
1637	1   2 
1637	2  10   6 
1638	1   2 
1639	1  10 
1639	1   6 
1639	2   2   1 
1640	6  10   7 
1646	2   5   2 
1648	1   2 
1648	2   1   5 
1650	1   5 
1650	2   1   2 
1652	1   2 
1652	1   1 
1652	2   7   6 
1654	2   5   2 
1656	2   1   5 
1658	1   5 
1658	2   2   1 
1659	1   5 
1660	1   1 
1660	1   2 
1660	2   5   9 
1662	2  10   5 
1664	1   5 
1664	2   9  10 
1664	2   2   1 
1666	1  10 
1666	2   9   5 
1668	1   5 
1668	1   9 
1669	2  10   5 
1671	2   9  10 
1673	1  10 
1673	2   5   9 
1674	1  10 
1675	1   5 
1675	1  10 
1675	1   9 
1676	1   5 
1676	6   9   4 
1682	2   5   2 
1684	1   2 
1684	2   1   5 
1686	1   5 
1686	2   1   2 
1686	6  10   9 
1688	1   2 
1688	1   1 
1692	2   5   2 
1694	2   1   5 
1694	6  13   8 
1696	1   5 
1696	2   2   1 
1697	1   5 
1698	1   2 
1698	1   1 
1698	1   5 
1699	1   2 
1700	2   2   7 
1700	6  15  13 
1702	1   7 
1702	2   6   2 
1704	1   2 
1704	2   6   7 
1706	1   7 
1706	1   6 
1706	6  15  11 
1706	6   9   4 
1712	2   2   7 
1714	2   6   2 
1716	1   2 
1716	2   7   6 
1717	1   2 
1718	1   7 
1718	1   6 
1718	1   2 
1719	1   7 
1720	2   7  10 
1722	1  10 
1722	2  11   7 
1724	1   7 
1724	2  11  10 
1726	1  10 
1726	1  11 
1727	2   7  10 
1729	2  11   7 
1731	1   7 
1731	2  10  11 
1732	1   7 
1733	1  10 
1733	1  11 
1733	2   7   6 
1735	2   2   7 
1737	1   7 
1737	2   6   2 
1739	1   2 
1739	2   6   7 
1741	1   7 
1741	1   6 
1742	2   2   7 
1744	2   6   2 
1746	1   2 
1746	2   7   6 
1747	1   2 
1748	1   6 
1748	1   7 
1748	2   2   1 
1749	2   7  10 
1751	2   5   2 
1751	6  11   7 
1753	1   2 
1753	2   1   5 
1755	1   5 
1755	2   1   2 
1757	1   2 
1757	1   1 
1757	2   9   6 
1759	2   5   2 
1761	2   1   5 
1763	1   5 
1763	2   2   1 
1764	1   5 
1765	1   1 
1765	1   2 
1766	1   2 
1766	2   5   1 
1768	2   4   5 
1768	2   2   7 
1770	1   5 
1770	2   1   4 
1772	1   4 
1772	2   1   5 
1774	1   5 
1774	1   1 
1774	6   7   2 
1775	2   4   5 
1780	2   1   4 
1782	1   4 
1782	2   5   1 
1783	1   4 
1784	1   5 
1784	1   1 
1784	1   4 
1784	6   3   2 
1785	1   5 
1786	2   5   9 
1788	1   9 
1790	2   6   5 
1792	1   5 
1792	2   6   9 
1794	1   9 
1794	1   6 
1795	2   5   9 
1797	2   6   5 
1799	1   5 
1799	2   9   6 
1800	1   5 
1801	1   9 
1801	1   6 
1801	1   5 
1802	1   9 
1803	2   9  11 
1805	1  11 
1805	2  10   9 
1807	1   9 
1807	2  10  11 
1809	1  11 
1809	1  10 
1810	2   9  11 
1812	2  10   9 
1814	1   9 
1814	2  11  10 
1815	1   9 
1816	1  11 
1816	1  10 
1816	1   9 
1817	1  11 
1818	2  11   7 
1820	1   7 
1821	2   3  11 
1823	1  11 
1823	2   3   7 
1825	1   7 
1825	1   3 
1826	2  11   7 
1828	2   3  11 
1830	1  11 
1830	2   7   3 
1831	1  11 
1832	1   7 
1832	1   3 
1832	2  11  10 
1834	2   9  11 
1836	1  11 
1836	2  10   9 
1836	2   7   3 
1838	1   9 
1838	2  10  11 
1840	1  11 
1840	1  10 
1841	2   9  11 
1843	2  10   9 
1845	1   9 
1845	2  11  10 
1846	1   9 
1847	1  11 
1847	1  10 
1847	2   9   6 
1849	2   5   9 
1851	1   9 
1851	2   6   5 
1853	1   5 
1853	2   6   9 
1855	1   9 
1855	1   6 
1855	2  11  10 
1857	2   5   9 
1859	2   6   5 
1861	1   5 
1861	2   9   6 
1862	1   5 
1863	1   9 
1863	1   6 
1863	2   5   1 
1865	2   4   5 
1867	1   5 
1867	2   1   4 
1869	1   4 
1869	2   1   5 
1871	1   5 
1871	1   1 
1871	2   9   6 
1873	2   4   5 
1875	2   1   4 
1877	1   4 
1877	2   5   1 
1878	1   4 
1879	1   5 
1879	1   1 
1879	1   4 
1880	1   5 
1881	2   5   9 
1883	1   9 
1883	2   6   5 
1885	1   5 
1885	2   6   9 
1887	1   9 
1887	1   6 
1888	2   5   9 
1890	2   6   5 
1892	1   5 
1892	2   9   6 
1893	1   5 
1894	1   9 
1894	1   6 
1894	1   5 
1895	1   9 
1896	2   9  11 
1898	1  11 
1898	2  10   9 
1900	1   9 
1900	2  10  11 
1902	1  11 
1902	1  10 
1903	2   9  11 
1905	2  10   9 
1907	1   9 
1907	2  11  10 
1908	1   9 
1909	1  11 
1909	1  10 
1909	1   9 
1910	1  11 
1911	2  11   7 
1913	1   7 
1914	2   3  11 
1916	1  11 
1916	2   3   7 
1918	1   7 
1918	1   3 
1919	2  11   7 
1921	2   3  11 
1923	1  11 
1923	2   7   3 
1924	1  11 
1925	1   7 
1925	1   3 
1925	2  11  10 
1926	6   3   2 
1927	2   9  11 
1929	1  11 
1929	2  10   9 
1931	1   9 
1931	2  10  11 
1933	1  11 
1933	1  10 
1934	2   9  11 
1936	2  10   9 
1938	1   9 
1938	2  11  10 
1939	1   9 
1940	1  10 
1940	1  11 
1940	2   9   6 
1942	2   5   9 
1942	2  11   7 
1944	1   9 
1944	2   6   5 
1946	1   5 
1946	2   6   9 
1948	1   9 
1948	1   6 
1949	2   5   9 
1951	2   6   5 
1953	1   5 
1953	2   9   6 
1954	1   5 
1955	1   6 
1955	1   9 
1955	2   5   2 
1957	2   1   6 
1959	2   4   1 
1959	2   9  10 
1961	1   1 
1961	2   6   4 
1963	1   4 
1963	2   6   1 
1965	1   1 
1965	1   6 
1965	6  10   5 
1971	2   4   1 
1971	6  10   7 
1977	2   6   4 
1979	1   4 
1979	2   1   6 
1980	1   4 
1981	1   1 
1981	1   6 
1981	1   4 
1981	6   3   2 
1982	1   1 
1977	6  15  13 
1987	2   1   9 
1989	1   9 
1989	2   5   1 
1991	1   1 
1991	2   5   9 
1993	1   9 
1993	1   5 
1994	2   1   9 
1996	2   5   1 
1998	1   1 
1998	2   9   5 
1999	1   1 
2000	1   9 
2000	1   5 
2000	1   1 
2001	1   9 
2002	2   9  11 
2004	1  11 
2004	2  10   9 
2006	1   9 
2006	2  10  11 
2008	1  11 
2008	1  10 
2009	2   9  11 
2011	2  10   9 
2013	1   9 
2013	2  11  10 
2014	1   9 
2015	1  11 
2015	1  10 
2015	1   9 
2016	1  11 
2017	2  11   7 
2019	1   7 
2020	2   3  11 
2022	1  11 
2022	2   3   7 
2024	1   7 
2024	1   3 
2025	2  11   7 
2027	2   3  11 
2029	1  11 
2029	2   7   3 
2030	1  11 
2031	1   7 
2031	1   3 
2031	2  11  10 
2033	2   9  11 
2035	1  11 
2035	2  10   9 
2035	2   7   3 
2037	1   9 
2037	2  10  11 
2039	1  11 
2039	1  10 
2040	2   9  11 
2042	2  10   9 
2044	1   9 
2044	2  11  10 
2045	1   9 
2046	1  11 
2046	1  10 
2046	2   9   5 
2048	2   1   9 
2050	1   9 
2050	2   5   1 
2050	2  11  10 
2052	1   1 
2052	2   5   9 
2054	1   9 
2054	1   5 
2055	2   1   9 
2057	2   5   1 
2059	1   1 
2059	2   9   5 
2060	1   1 
2061	1   9 
2061	1   5 
2061	2   1   6 
2063	2   4   1 
2065	1   1 
2065	2   6   4 
2067	1   4 
2067	2   6   1 
2069	1   1 
2069	1   6 
2069	2   9   5 
2071	2   4   1 
2073	2   6   4 
2075	1   4 
2075	2   1   6 
2076	1   4 
2077	1   1 
2077	1   6 
2077	1   4 
2078	1   1 
2079	2   1   9 
2081	1   9 
2081	2   5   1 
2083	1   1 
2083	2   5   9 
2085	1   9 
2085	1   5 
2086	2   1   9 
2088	2   5   1 
2090	1   1 
2090	2   9   5 
2091	1   1 
2092	1   9 
2092	1   5 
2092	1   1 
2093	1   9 
2094	2   9  11 
2096	1  11 
2096	2  10   9 
2098	1   9 
2098	2  10  11 
2100	1  11 
2100	1  10 
2101	2   9  11 
2103	2  10   9 
2105	1   9 
2105	2  11  10 
2106	1   9 
2107	1  11 
2107	1  10 
2107	1   9 
2108	1  11 
2109	2  11   7 
2111	1   7 
2112	2   3  11 
2114	1  11 
2114	2   3   7 
2116	1   7 
2116	1   3 
2117	2  11   7 
2119	2   3  11 
2121	1  11 
2121	2   7   3 
2122	1  11 
2123	1   7 
2123	1   3 
2123	2  11  10 
2125	2   9  11 
2127	1  11 
2127	2  10   9 
2127	6   7   2 
2129	1   9 
2133	2  10  11 
2135	1  11 
2135	1  10 
2135	2   6   3 
2137	2   9  11 
2139	2  10   9 
2141	1   9 
2141	2  11  10 
2142	1   9 
2143	1  10 
2143	1  11 
2143	2   9   5 
2145	2   1   9 
2147	1   9 
2147	2   5   1 
2147	6  13  10 
2149	1   1 
2153	2   5   9 
2155	1   9 
2155	1   5 
2155	6   6   1 
2161	2   6   9 
2163	2   5   6 
2165	1   6 
2165	2   9   5 
2166	1   6 
2167	1   9 
2167	1   6 
2167	1   5 
2168	2   9  13 
2168	2   2   6 
2170	2  10   9 
2172	1   9 
2172	2  13  10 
2174	1  10 
2174	2  13   9 
2176	1   9 
2176	1  13 
2176	6   5   0 
2182	2  10   9 
2184	2  13  10 
2186	1  10 
2186	2   9  13 
2187	1  10 
2188	1  10 
2188	1  13 
2188	1   9 
2189	2  10   2 
2191	1   2 
2191	2   6  10 
2193	1  10 
2193	2   6   2 
2193	6  13   9 
2195	1   2 
2195	1   6 
2199	2  10   2 
2201	2   6  10 
2203	1  10 
2203	2   2   6 
2204	1  10 
2205	1   2 
2205	1   6 
2205	1  10 
2206	1   2 
2206	6  11   9 
2207	2   2   1 
2209	1   1 
2209	2   3   2 
2211	1   2 
2212	2   3   1 
2214	1   1 
2214	1   3 
2214	6  11   7 
2215	2   2   1 
2220	2   3   2 
2222	1   2 
2223	1   2 
2224	2   2   6 
2226	2  10   2 
2228	1   2 
2228	2   6  10 
2230	1  10 
2230	2   6   2 
2232	1   2 
2232	1   6 
2233	2  10   2 
2235	2   6  10 
2237	1  10 
2237	2   1   3 
2238	1  10 
2239	1   1 
2239	1   3 
2239	1  10 
2239	2   2   6 
2241	1   2 
2241	1   6 
2242	1   2 
2243	2   1   3 
2245	2   2   1 
2247	1   1 
2247	2   3   2 
2249	1   2 
2250	2   3   1 
2252	1   1 
2252	1   3 
2253	2   2   1 
2255	2   3   2 
2257	1   2 
2258	1   2 
2259	2   2   6 
2261	2   5   2 
2263	1   2 
2263	2   6   5 
2265	1   5 
2265	2   6   2 
2267	1   2 
2267	1   6 
2268	2   5   2 
2270	2   6   5 
2272	1   5 
2272	2   2   6 
2273	1   5 
2274	1   2 
2274	1   6 
2274	1   5 
2275	1   2 
2275	6   5   0 
2281	2   1   3 
2283	1   1 
2283	1   3 
2283	6   5   2 
2289	2   2   1 
2291	2   5   2 
2293	1   2 
2293	2   1   5 
2293	2   7   3 
2295	1   5 
2295	2   1   2 
2297	1   2 
2297	1   1 
2297	6   4   0 
2237	6  15  13 
2303	2   5   2 
2305	2   1   5 
2307	1   5 
2307	2   2   1 
2308	1   5 
2307	6   9   4 
2309	1   2 
2309	1   1 
2309	1   5 
2310	1   2 
2311	2   2   7 
2313	1   7 
2313	2   3   2 
2313	6  15  10 
2315	1   2 
2315	2   3   7 
2317	1   7 
2317	1   3 
2319	2   2   7 
2321	2   3   2 
2323	1   2 
2323	2   7   3 
2324	1   2 
2325	1   7 
2325	1   3 
2325	2   2   1 
2327	2   5   2 
2329	1   2 
2329	2   1   5 
2329	2   7   3 
2331	1   5 
2331	2   1   2 
2333	1   2 
2333	1   1 
2334	2   5   2 
2336	2   1   5 
2338	1   5 
2338	2   2   1 
2339	1   5 
2340	1   1 
2340	1   2 
2340	2   5   6 
2342	2   9   5 
2344	1   5 
2344	2   6   9 
2346	1   9 
2346	2   6   5 
2348	1   5 
2348	1   6 
2348	2   2   1 
2350	2   9   5 
2352	2   6   9 
2354	1   9 
2354	2   5   6 
2355	1   9 
2356	1   5 
2356	1   6 
2356	1   9 
2357	1   5 
2358	2   5   2 
2360	1   2 
2360	2   1   5 
2362	1   5 
2362	2   1   2 
2364	1   2 
2364	1   1 
2365	2   5   2 
2367	2   1   5 
2369	1   5 
2369	2   2   1 
2370	1   5 
2371	1   2 
2371	1   1 
2371	1   5 
2372	1   2 
2373	2   2   7 
2375	1   7 
2375	2   3   2 
2377	1   2 
2377	2   3   7 
2379	1   7 
2379	1   3 
2380	2   2   7 
2382	2   3   2 
2384	1   2 
2384	2   7   3 
2385	1   2 
2386	1   7 
2386	1   3 
2386	2   2   1 
2387	2   7  10 
2389	2   5   2 
2391	1   2 
2391	2   1   5 
2393	1   5 
2393	2   1   2 
2395	1   2 
2395	1   1 
2396	2   5   2 
2398	2   1   5 
2400	1   5 
2400	2   2   1 
2401	1   5 
2402	1   2 
2402	1   1 
2402	2   5   4 
2404	2   0   5 
2406	1   5 
2406	2   4   0 
2406	2   2   6 
2408	1   0 
2408	2   4   5 
2410	1   5 
2410	1   4 
2411	2   0   5 
2413	2   4   0 
2415	1   0 
2415	2   5   4 
2416	1   0 
2417	1   5 
2417	1   4 
2417	1   0 
2418	1   5 
2419	2   5   7 
2421	1   7 
2421	2  10   5 
2423	1   5 
2423	2  10   7 
2425	1   7 
2425	1  10 
2426	2   5   7 
2428	2  10   5 
2430	1   5 
2430	2   7  10 
2431	1   5 
2432	1   7 
2432	1  10 
2432	1   5 
2433	1   7 
2434	2   7   2 
2436	1   2 
2436	2   6   7 
2438	1   7 
2438	2   6   2 
2440	1   2 
2440	1   6 
2441	2   7   2 
2443	2   6   7 
2445	1   7 
2445	2   2   6 
2446	1   7 
2447	1   2 
2447	1   6 
2447	1   7 
2448	1   2 
2449	2   1   3 
2451	2   2   1 
2453	1   1 
2453	2   3   2 
2455	1   2 
2456	2   3   1 
2458	1   1 
2458	1   3 
2459	2   2   1 
2461	2   3   2 
2463	1   2 
2464	1   2 
2465	2   2   6 
2467	2   7   2 
2469	1   2 
2469	2   6   7 
2471	1   7 
2471	2   6   2 
2473	1   2 
2473	1   6 
2474	2   7   2 
2476	2   6   7 
2478	1   7 
2478	2   2   6 
2479	1   7 
2480	1   6 
2480	1   2 
2480	2   7  10 
2482	2   5   7 
2484	1   7 
2484	2  10   5 
2486	1   5 
2486	2  10   7 
2488	1   7 
2488	1  10 
2488	2   2   6 
2490	2   5   7 
2492	2  10   5 
2494	1   5 
2494	2   7  10 
2495	1   5 
2496	1  10 
2496	1   7 
2496	2   5   4 
2497	2   7  10 
2499	2   0   5 
2501	1   5 
2501	2   4   0 
2503	1   0 
2503	2   4   5 
2505	1   5 
2505	1   4 
2506	2   0   5 
2508	2   4   0 
2510	1   0 
2510	2   5   4 
2511	1   0 
2512	1   5 
2512	1   4 
2512	1   0 
2513	1   5 
2514	2   5   7 
2516	1   7 
2516	2  10   5 
2518	1   5 
2518	2  10   7 
2520	1   7 
2520	1  10 
2521	2   5   7 
2523	2  10   5 
2525	1   5 
2525	2   7  10 
2526	1   5 
2527	1   7 
2527	1  10 
2527	1   5 
2528	1   7 
2529	2   7   2 
2531	1   2 
2531	2   6   7 
2533	1   7 
2533	2   6   2 
2535	1   2 
2535	1   6 
2536	2   7   2 
2538	2   6   7 
2540	1   7 
2540	2   2   6 
2541	1   7 
2542	1   2 
2542	1   6 
2542	1   7 
2543	1   2 
2544	2   1   3 
2546	1   1 
2546	1   3 
2547	2   1   3 
2549	2   2   1 
2551	1   1 
2551	2   3   2 
2553	1   2 
2554	2   3   1 
2556	1   1 
2556	1   3 
2557	2   2   1 
2559	2   3   2 
2561	1   2 
2562	1   2 
2563	2   2   6 
2565	2   7   2 
2567	1   2 
2567	2   6   7 
2569	1   7 
2569	2   6   2 
2571	1   2 
2571	1   6 
2572	2   7   2 
2574	2   6   7 
2576	1   7 
2576	2   2   6 
2577	1   7 
2578	1   6 
2578	1   2 
2578	2   7  10 
2580	2   5   7 
2582	1   7 
2582	2  10   5 
2584	1   5 
2584	2  10   7 
2586	1   7 
2586	1  10 
2586	2   2   6 
2588	2   5   7 
2590	2  10   5 
2592	1   5 
2592	2   7  10 
2593	1   5 
2594	1  10 
2594	1   7 
2594	2   5   4 
2596	2   0   5 
2598	1   5 
2598	2   4   0 
2598	6  10   2 
2600	1   0 
2604	2   4   5 
2606	1   5 
2606	1   4 
2607	2   0   5 
2609	2   4   0 
2611	1   0 
2611	2   5   4 
2612	1   0 
2613	1   5 
2613	1   4 
2613	1   0 
2614	1   5 
2615	2   5  10 
2617	1  10 
2617	2   6   5 
2619	1   5 
2619	2   6  10 
2621	1  10 
2621	1   6 
2621	2   1   3 
2623	1   1 
2623	1   3 
2623	2   5  10 
2624	2   7   3 
2625	6  10   5 
2631	2   6  10 
2631	6   8   4 
2633	1  10 
2633	2   2   1 
2634	1  10 
2635	1  10 
2637	2   5   6 
2639	1   5 
2639	1   6 
2639	6   4   0 
2640	1   5 
2645	2   5   2 
2647	1   2 
2647	2   1   5 
2649	1   5 
2649	2   1   2 
2649	6   9   4 
2651	1   2 
2651	1   1 
2655	2   5   2 
2657	2   1   5 
2659	1   5 
2659	2   2   1 
2660	1   5 
2661	1   2 
2661	1   1 
2661	1   5 
2662	1   2 
2663	2   2   7 
2665	1   7 
2665	2   3   2 
2667	1   2 
2667	2   3   7 
2669	1   7 
2669	1   3 
2670	2   2   7 
2672	2   3   2 
2674	1   2 
2674	2   7   3 
2675	1   2 
2676	1   7 
2676	1   3 
2676	2   2   1 
2678	2   5   2 
2680	1   2 
2680	2   1   5 
2680	2   7   3 
2682	1   5 
2682	2   1   2 
2684	1   2 
2684	1   1 
2685	2   5   2 
2687	2   1   5 
2689	1   5 
2689	2   2   1 
2690	1   5 
2691	1   2 
2691	1   1 
2691	2   5   6 
2693	2  10   5 
2695	1   5 
2695	2   6  10 
2697	1  10 
2697	2   6   5 
2699	1   5 
2699	1   6 
2699	2   2   1 
2701	2  10   5 
2703	2   6  10 
2705	1  10 
2705	2   5   6 
2706	1  10 
2707	1   6 
2707	1   5 
2708	2  10   8 
2710	2   9  10 
2712	1  10 
2712	2   8   9 
2714	1   9 
2714	2   5   6 
2716	2   8  10 
2718	1  10 
2718	1   8 
2719	2   9  10 
2721	2   8   9 
2723	1   9 
2724	1   9 
2725	1   9 
2726	2  10   8 
2728	1  10 
2728	1   8 
2729	1  10 
2730	2  10   5 
2732	1   5 
2732	2   6  10 
2734	1  10 
2734	2   6   5 
2736	1   5 
2736	1   6 
2737	2  10   5 
2739	2   6  10 
2741	1  10 
2741	2   5   6 
2742	1  10 
2743	1   5 
2743	1   6 
2743	1  10 
2744	1   5 
2745	2   5   2 
2747	1   2 
2747	2   1   5 
2749	1   5 
2749	2   1   2 
2751	1   2 
2751	1   1 
2752	2   5   2 
2754	2   1   5 
2756	1   5 
2756	2   2   1 
2757	1   5 
2758	1   2 
2758	1   1 
2758	1   5 
2759	1   2 
2760	2   2   7 
2762	1   7 
2762	2   3   2 
2764	1   2 
2764	2   3   7 
2766	1   7 
2766	1   3 
2767	2   2   7 
2769	2   3   2 
2771	1   2 
2771	2   7   3 
2772	1   2 
2773	1   7 
2773	1   3 
2773	2   2   1 
2775	2   5   2 
2777	1   2 
2777	2   1   5 
2779	1   5 
2779	2   1   2 
2781	1   2 
2781	1   1 
2782	2   5   2 
2784	2   1   5 
2786	1   5 
2786	2   2   1 
2787	1   5 
2788	1   1 
2788	1   2 
2788	2   5   6 
2790	2  10   5 
2790	6   3   2 
2792	1   5 
2796	2   6  10 
2798	1  10 
2798	2   6   5 
2800	1   5 
2800	1   6 
2800	6   7   2 
2806	2  10   5 
2808	2   6  10 
2810	1  10 
2810	2   5   6 
2811	1  10 
2812	1   6 
2812	1  10 
2812	1   5 
2813	2   6  10 
2815	2   5   1 
2817	2  11   6 
2819	1   6 
2819	2   4   5 
2819	2  10  11 
2821	1   5 
2821	1  11 
2821	2   1   4 
2821	2  10   6 
2823	1   6 
2823	1   4 
2823	1  10 
2823	2   1   5 
2825	1   5 
2825	1   1 
2825	2  11   6 
2827	2   4   5 
2827	2  10  11 
2829	1  11 
2829	2   1   4 
2829	2   6  10 
2830	1  11 
2831	1   6 
2831	1  10 
2831	1   4 
2831	1  11 
2831	2   5   1 
2832	1   4 
2832	2  10   7 
2833	1   5 
2833	1   1 
2833	1   4 
2834	1   5 
2834	2   6   2 
2836	2   5   6 
2838	1   6 
2838	2   2   5 
2840	1   5 
2840	2   2   6 
2842	1   6 
2842	1   2 
2843	2   5   6 
2845	2   2   5 
2847	1   5 
2847	2   6   2 
2848	1   5 
2849	1   6 
2849	1   2 
2849	1   5 
2850	1   6 
2851	2   6  10 
2853	1  10 
2853	2   7   6 
2855	1   6 
2855	2   7  10 
2857	1  10 
2857	1   7 
2858	2   6  10 
2860	2   7   6 
2862	1   6 
2862	2  10   7 
2863	1   6 
2864	1  10 
2864	1   7 
2864	2   6   2 
2866	2   5   6 
2868	1   6 
2868	2   2   5 
2870	1   5 
2870	2   2   6 
2872	1   6 
2872	1   2 
2872	2  10   7 
2874	2   5   6 
2876	2   2   5 
2878	1   5 
2878	2   6   2 
2879	1   5 
2880	1   6 
2880	1   2 
2880	2   5   1 
2882	2   4   5 
2884	1   5 
2884	2   1   4 
2886	1   4 
2886	2   1   5 
2888	1   5 
2888	1   1 
2888	2   6   2 
2890	2   4   5 
2892	2   1   4 
2894	1   4 
2894	2   5   1 
2895	1   4 
2896	1   5 
2896	1   1 
2896	1   4 
2897	1   5 
2897	6   4   0 
2903	2   5   6 
2905	1   6 
2905	2   2   5 
2907	1   5 
2907	2   2   6 
2907	6   8   4 
2909	1   6 
2909	1   2 
2913	2   5   6 
2915	2   2   5 
2917	1   5 
2917	2   6   2 
2918	1   5 
2919	1   6 
2919	1   2 
2919	1   5 
2920	1   6 
2921	2   6  10 
2923	1  10 
2923	2   7   6 
2925	1   6 
2925	2   7  10 
2927	1  10 
2927	1   7 
2928	2   6  10 
2930	2   7   6 
2932	1   6 
2932	2  10   7 
2933	1   6 
2934	1  10 
2934	1   7 
2934	2   6   2 
2936	2   5   6 
2938	1   6 
2938	2   2   5 
2940	1   5 
2940	2   2   6 
2942	1   6 
2942	1   2 
2942	2  10   7 
2944	2   5   6 
2946	2   2   5 
2948	1   5 
2948	2   6   2 
2949	1   5 
2950	1   2 
2950	1   6 
2951	2   2   1 
2953	2   0   2 
2955	1   2 
2955	2   1   0 
2957	1   0 
2957	2   1   2 
2959	1   2 
2959	1   1 
2959	6   6   5 
2965	2   0   2 
2967	2   1   0 
2967	2   6   3 
2969	1   0 
2969	2   2   1 
2970	1   0 
2971	1   2 
2971	1   1 
2971	1   0 
2972	1   2 
2973	2   2  10 
2975	1  10 
2975	2   7   2 
2977	1   2 
2977	2   7  10 
2979	1  10 
2979	1   7 
2980	2   2  10 
2982	2   7   2 
2984	1   2 
2984	2  10   7 
2985	1   2 
2986	1  10 
2986	1   7 
2986	2   2   1 
2987	2  10   7 
2989	2   0   2 
2991	1   2 
2991	2   1   0 
2993	1   0 
2993	2   1   2 
2995	1   2 
2995	1   1 
2996	2   0   2 
2998	2   1   0 
3000	1   0 
3000	2   2   1 
3001	1   0 
3002	1   2 
3002	1   1 
3002	1   0 
3003	1   2 
3003	2   5   1 
3005	2   2  10 
3007	1  10 
3007	2   7   2 
3007	6   5   4 
3009	1   2 
3009	2   7  10 
3011	1  10 
3011	1   7 
3013	2   2  10 
3015	2   7   2 
3017	1   2 
3017	2  10   7 
3018	1   2 
3019	1  10 
3019	1   7 
3019	2   2   5 
3021	2  10   7 
3023	6   5   2 
3029	2   9   5 
3031	1   5 
3031	6   9   6 
3037	2   2   6 
3039	1   6 
3039	2   2   5 
3041	1   5 
3041	1   2 
3042	2   6   5 
3044	2   2   6 
3046	1   6 
3046	2   5   2 
3047	1   6 
3048	1   5 
3048	1   2 
3048	1   6 
3049	1   5 
3049	6   6   3 
3055	2   5   9 
3057	1   9 
3057	2   6   5 
3059	1   5 
3059	2   6   9 
3061	1   9 
3061	1   6 
3061	6  10   5 
3067	2  10   9 
3067	6   7   2 
3069	6   5   4 
3075	2   6  10 
3075	6   4   1 
3077	1  10 
3078	1  10 
3079	1  10 
3080	6  11   3 
3086	2   9   6 
3088	1   9 
3088	1   6 
3089	1   9 
3090	2   9   5 
3092	1   5 
3092	2   4   9 
3094	1   9 
3094	2   4   5 
3096	1   5 
3096	1   4 
3097	2   9   5 
3099	2   4   9 
3101	1   9 
3101	2   5   4 
3102	1   9 
3103	1   5 
3103	1   4 
3103	1   9 
3104	1   5 
3105	2   5   1 
3107	1   1 
3107	2   2   5 
3109	1   5 
3109	2   2   1 
3111	1   1 
3111	1   2 
3112	2   5   1 
3114	2   2   5 
3116	1   5 
3116	2   1   2 
3117	1   5 
3118	1   1 
3118	1   2 
3118	2   5   4 
3120	2   9   5 
3122	1   5 
3122	2   4   9 
3122	2   1   2 
3124	1   9 
3124	2   4   5 
3126	1   5 
3126	1   4 
3127	2   9   5 
3129	2   4   9 
3131	1   9 
3131	2   5   4 
3132	1   9 
3133	1   5 
3133	1   4 
3133	2   9   6 
3135	2  10   9 
3137	1   9 
3137	2   6  10 
3139	1  10 
3139	2   6   9 
3141	1   9 
3141	1   6 
3141	2   5   4 
3143	2  10   9 
3145	2   6  10 
3147	1  10 
3147	2   9   6 
3148	1  10 
3149	1   6 
3149	1   9 
3149	2  10   7 
3151	2  11  10 
3153	1  10 
3153	2   7  11 
3155	1  11 
3155	2   7  10 
3157	1  10 
3157	1   7 
3157	2   9   6 
3159	2  11  10 
3161	2   7  11 
3163	1  11 
3163	2  10   7 
3164	1  11 
3165	1  10 
3165	1   7 
3165	1  11 
3166	1  10 
3166	6  11   7 
3172	2  10   9 
3174	1   9 
3174	2   6  10 
3176	1  10 
3176	2   6   9 
3178	1   9 
3178	1   6 
3179	2  10   9 
3181	2   6  10 
3183	1  10 
3183	2   9   6 
3184	1  10 
3185	1   9 
3185	1   6 
3185	1  10 
3186	1   9 
3187	2   9   5 
3189	1   5 
3189	2   4   9 
3191	1   9 
3191	2   4   5 
3193	1   5 
3193	1   4 
3194	2   9   5 
3196	2   4   9 
3198	1   9 
3198	2   5   4 
3199	1   9 
3200	1   5 
3200	1   4 
3200	1   9 
3201	1   5 
3202	2   5   1 
3204	1   1 
3204	2   2   5 
3206	1   5 
3206	2   2   1 
3208	1   1 
3208	1   2 
3209	2   5   1 
3211	2   2   5 
3213	1   5 
3213	2   1   2 
3214	1   5 
3215	1   1 
3215	1   2 
3215	2   5   4 
3217	2   9   5 
3219	1   5 
3219	2   4   9 
3219	2   1   2 
3221	1   9 
3221	2   4   5 
3223	1   5 
3223	1   4 
3224	2   9   5 
3226	2   4   9 
3228	1   9 
3228	2   5   4 
3229	1   9 
3230	1   5 
3230	1   4 
3230	2   9   6 
3232	2  10   9 
3234	1   9 
3234	2   6  10 
3236	1  10 
3236	2   6   9 
3238	1   9 
3238	1   6 
3238	2   5   4 
3240	2  10   9 
3242	2   6  10 
3244	1  10 
3244	2   9   6 
3245	1  10 
3246	1   9 
3246	1   6 
3246	6  10   7 
3252	2   9  11 
3254	2  10   9 
3256	1   9 
3256	2  11  10 
3258	1  10 
3258	2   6   7 
3260	2  11   9 
3262	1   9 
3262	1  11 
3263	2  10   9 
3265	2  11  10 
3267	1  10 
3268	1  10 
3269	1  10 
3270	2   9  11 
3272	1   9 
3272	1  11 
3273	1   9 
3274	2   9   5 
3276	1   5 
3276	2   4   9 
3278	1   9 
3278	2   4   5 
3280	1   5 
3280	1   4 
3281	2   9   5 
3283	2   4   9 
3285	1   9 
3285	2   5   4 
3286	1   9 
3287	1   5 
3287	1   4 
3287	1   9 
3288	1   5 
3289	2   5   6 
3291	1   6 
3292	2   7   5 
3294	1   5 
3294	2   7   6 
3296	1   6 
3296	1   7 
3297	2   5   6 
3299	2   7   5 
3301	1   5 
3301	2   6   7 
3302	1   5 
3303	1   6 
3303	1   7 
3303	1   5 
3304	1   6 
3305	2   6   1 
3307	1   1 
3307	2   2   6 
3309	1   6 
3309	2   2   1 
3311	1   1 
3311	1   2 
3312	2   6   1 
3314	2   2   6 
3316	1   6 
3316	2   1   2 
3317	1   6 
3318	1   1 
3318	1   2 
3318	2   6   7 
3320	2   5   6 
3322	1   6 
3322	2   1   2 
3324	2   7   5 
3326	1   5 
3326	2   7   6 
3328	1   6 
3328	1   7 
3329	2   5   6 
3331	2   7   5 
3333	1   5 
3333	2   6   7 
3334	1   5 
3335	1   6 
3335	1   7 
3335	2   5   4 
3337	2   9   5 
3339	1   5 
3339	2   4   9 
3339	2   6   7 
3341	1   9 
3341	2   4   5 
3343	1   5 
3343	1   4 
3344	2   9   5 
3346	2   4   9 
3348	1   9 
3348	2   5   4 
3349	1   9 
3350	1   5 
3350	1   4 
3351	2   9  11 
3353	2  10   9 
3355	1   9 
3355	2  11  10 
3355	2   5   4 
3357	1  10 
3358	2  11   9 
3360	1   9 
3360	1  11 
3361	2  10   9 
3363	2  11  10 
3365	1  10 
3366	2   9  11 
3368	1   9 
3369	1   9 
3370	2   9   5 
3372	1   5 
3372	2   4   9 
3374	1   9 
3374	2   4   5 
3376	1   5 
3376	1   4 
3377	2   9   5 
3379	2   4   9 
3381	1   9 
3381	2   5   4 
3382	1   9 
3383	1   5 
3383	1   4 
3383	1   9 
3384	1   5 
3385	2   5   6 
3387	1   6 
3388	2   7   5 
3390	1   5 
3390	2   7   6 
3392	1   6 
3392	1   7 
3393	2   5   6 
3395	2   7   5 
3397	1   5 
3397	2   6   7 
3398	1   5 
3399	1   6 
3399	1   7 
3399	1   5 
3400	1   6 
3401	2   6   1 
3403	1   1 
3403	2   2   6 
3405	1   6 
3405	2   2   1 
3407	1   1 
3407	1   2 
3408	2   6   1 
3410	2   2   6 
3412	1   6 
3412	2   1   2 
3413	1   6 
3414	1   2 
3414	2   6   7 
3416	2   5   6 
3418	1   6 
3418	6   2   1 
3424	2   7   5 
3426	1   5 
3426	2   7   6 
3428	1   6 
3428	1   7 
3428	6   3   2 
3434	2   5   6 
3436	2   7   5 
3438	1   5 
3438	2   6   7 
3439	1   5 
3440	2   5   4 
3442	2   9   5 
3444	1   5 
3444	2   4   9 
3444	6   6   2 
3446	1   9 
3368	6  15  14 
3446	6  14  13 
3450	2   4   5 
3452	1   5 
3452	1   4 
3452	6  13   8 
3458	2   9   5 
3460	2   4   9 
3462	1   9 
3462	2   5   4 
3464	1   4 
3464	6   8   5 
3470	2   4  12 
3472	1   4 
3472	6  12   9 
3478	2   4   1 
3480	2   6   4 
3482	1   4 
3482	2   1   6 
3484	1   6 
3484	2   1   4 
3486	1   4 
3486	1   1 
3487	2   6   4 
3489	2   1   6 
3491	1   6 
3491	2   4   1 
3493	1   4 
3493	1   1 
3494	2   4   1 
3496	2   5   4 
3498	1   4 
3498	2   1   5 
3500	1   5 
3500	2   1   4 
3502	1   4 
3502	1   1 
3503	2   5   4 
3505	2   1   5 
3507	1   5 
3507	2   4   1 
3509	1   4 
3509	1   1 
3510	2   4   1 
3512	2   0   4 
3514	1   4 
3514	2   1   0 
3516	1   0 
3516	2   1   4 
3518	1   4 
3518	1   1 
3519	2   0   4 
3521	2   1   0 
3523	1   0 
3523	2   4   1 
3525	1   1 
3526	2   1   9 
3528	2   1   6 
3530	2   1   5 
3532	2   1   0 
