   1	1   0 
   1	1   5 
   1	1   4 
   1	1   8 
   1	1   6 
   1	1   1 
   1	1   3 
   1	1   9 
   1	1   2 
   1	1  10 
   2	1   4 
   2	1   8 
   2	1   3 
   2	2   0   5 
   4	2   4   0 
   4	6   9   6 
   6	1   0 
  10	2   5   4 
  10	6   3   2 
  12	1   4 
  12	2   5   0 
  14	1   0 
  14	1   5 
  15	2   4   0 
  17	2   5   4 
  19	1   4 
  19	2   0   5 
  20	1   4 
  21	1   0 
  21	1   5 
  21	1   4 
  22	2   0   5 
  24	2   8   0 
  26	1   0 
  26	2   5   8 
  28	1   8 
  28	2   5   0 
  30	1   0 
  30	1   5 
  31	2   8   0 
  33	2   5   8 
  35	1   8 
  35	2   0   5 
  36	1   8 
  37	1   5 
  37	1   8 
  38	2   5   9 
  40	2   4   5 
  42	1   5 
  42	2   9   4 
  44	1   4 
  44	2   9   5 
  46	1   5 
  46	1   9 
  47	2   4   5 
  49	2   9   4 
  51	1   4 
  51	2   5   9 
  52	1   4 
  53	1   5 
  53	1   9 
  53	1   4 
  54	2   5   9 
  56	2   8   5 
  58	1   5 
  58	2   9   8 
  60	1   8 
  60	2   9   5 
  62	1   5 
  62	1   9 
  63	2   8   5 
  65	2   9   8 
  67	1   8 
  67	2   5   9 
  68	1   8 
  69	1   5 
  69	1   8 
  69	1   9 
  70	2   1   5 
  72	2   2   1 
  72	6   9   8 
  74	1   1 
  78	2   5   2 
  80	1   2 
  80	2   5   1 
  82	1   1 
  82	1   5 
  83	2   2   1 
  85	2   5   2 
  87	1   2 
  87	2   1   5 
  89	1   1 
  89	1   5 
  90	1   5 
  90	2   1   6 
  92	2   4   1 
  94	1   1 
  94	2   6   4 
  96	1   4 
  96	2   6   1 
  98	1   1 
  98	1   6 
  99	2   4   1 
 101	2   6   4 
 103	1   4 
 103	2   1   6 
 105	1   1 
 105	1   6 
 105	2   0   4 
 107	1   4 
 107	2   1   6 
 108	1   4 
 109	2   9   1 
 111	1   1 
 111	2   6   9 
 113	1   9 
 113	2   6   1 
 115	1   1 
 115	1   6 
 115	6   5   4 
 121	2   9   1 
 123	2   6   9 
 125	1   9 
 125	2   1   6 
 126	1   9 
 127	1   1 
 127	1   6 
 127	1   9 
 127	6   5   2 
 133	2   1   3 
 133	6  10   8 
 135	2   2   1 
 137	1   1 
 137	2   3   2 
 139	1   2 
 139	2   0   5 
 141	1   5 
 141	1   0 
 141	6   6   3 
 142	1   5 
 147	2   6   1 
 149	1   1 
 149	1   6 
 149	6  11   3 
 155	2   2   1 
 157	2   6   2 
 159	1   2 
 159	2   1   6 
 160	1   2 
 161	1   6 
 161	1   2 
 161	1   1 
 162	2   6  10 
 162	2   1   0 
 164	2   2   6 
 166	1   6 
 166	6   7   2 
 164	6   9   4 
 172	2  10   7 
 174	1   7 
 174	2  10   6 
 176	1   6 
 176	1  10 
 177	2   7   6 
 179	2  10   7 
 181	1   7 
 181	2   6  10 
 182	1   7 
 183	1   6 
 183	1  10 
 183	1   7 
 184	2   6  10 
 186	2   5   6 
 188	1   6 
 188	2  10   5 
 190	1   5 
 190	2  10   6 
 192	1   6 
 192	1  10 
 193	2   5   6 
 195	2  10   5 
 197	1   5 
 197	2   6  10 
 198	1   5 
 199	1  10 
 199	1   6 
 199	1   5 
 200	2  11  10 
 202	2   7  11 
 204	1  11 
 204	2  10   7 
 206	1   7 
 206	2  10  11 
 208	1  11 
 208	1  10 
 208	6   9   6 
 214	2   7  11 
 214	6   9   4 
 220	2  10   7 
 222	1   7 
 222	2  11  10 
 223	1   7 
 222	6   8   5 
 224	1  11 
 224	1   7 
 224	1  10 
 228	2  11   6 
 230	2   7  11 
 232	1  11 
 232	2   6   7 
 234	1   7 
 234	2   6  11 
 236	1  11 
 236	1   6 
 236	2  10   5 
 238	2   7  11 
 240	2   6   7 
 242	1   7 
 242	2  11   6 
 243	1   7 
 244	1  11 
 244	1   6 
 244	1   7 
 245	2  11   6 
 247	2   9  11 
 249	1  11 
 249	2   7  10 
 251	1  10 
 251	2   6   9 
 253	1   9 
 253	2   6  11 
 255	1  11 
 255	1   6 
 256	2   5   7 
 258	1   7 
 258	2   5  10 
 260	1  10 
 260	1   5 
 261	2   9  11 
 263	2   7  10 
 265	2   6   9 
 267	1   9 
 267	2  11   6 
 268	1   9 
 269	1   6 
 269	1   9 
 269	1  11 
 269	6  10   5 
 275	2  10   7 
 277	1   7 
 277	2   5  10 
 278	1   7 
 279	1   5 
 279	1  10 
 279	1   7 
 280	1   5 
 281	2   4   6 
 283	2   5   4 
 285	1   4 
 285	2   6   5 
 287	1   5 
 288	2   6   4 
 290	1   4 
 290	1   6 
 291	2   5   4 
 293	2   6   5 
 295	1   5 
 296	1   5 
 297	2   5  10 
 299	2   7   5 
 301	1   5 
 301	2  10   7 
 303	1   7 
 303	2  10   5 
 305	1   5 
 305	1  10 
 306	2   7   5 
 308	2  10   7 
 310	1   7 
 310	2   5  10 
 311	1   7 
 312	1   5 
 312	1  10 
 312	2   7  11 
 313	1   5 
 314	2   4   6 
 316	1   4 
 316	1   6 
 317	2   4   6 
 319	2   5   4 
 321	1   4 
 321	2   6   5 
 323	1   5 
 323	6  10   8 
 329	2   6   4 
 331	1   4 
 331	1   6 
 331	6   7   2 
 332	2   5   4 
 337	2   6   5 
 339	1   5 
 339	6  11   3 
 340	1   5 
 341	2   5   8 
 343	2   9   5 
 345	1   5 
 345	2   8   9 
 347	1   9 
 347	2   8   5 
 349	1   5 
 349	1   8 
 350	2   9   5 
 352	2   8   9 
 354	1   9 
 354	2   4   6 
 355	1   9 
 356	1   4 
 356	1   6 
 356	1   9 
 356	2   5   8 
 358	1   5 
 358	1   8 
 359	1   5 
 360	2   4   6 
 362	2   5   4 
 364	1   4 
 364	2   6   5 
 366	1   5 
 367	2   6   4 
 369	1   4 
 369	1   6 
 370	2   5   4 
 372	2   6   5 
 374	1   5 
 375	1   5 
 376	2   5   8 
 378	2   9   5 
 380	1   5 
 380	2   8   9 
 382	1   9 
 382	2   8   5 
 384	1   5 
 384	1   8 
 385	2   9   5 
 387	2   8   9 
 389	1   9 
 389	2   4   6 
 390	1   9 
 391	1   4 
 391	1   6 
 391	1   9 
 391	2   5   8 
 393	1   5 
 393	1   8 
 394	1   5 
 395	2   4   6 
 397	2   5   4 
 399	1   4 
 399	2   6   5 
 401	1   5 
 402	2   6   4 
 404	1   4 
 404	1   6 
 405	2   5   4 
 407	2   6   5 
 409	1   5 
 410	1   5 
 411	2   4   6 
 413	1   4 
 413	1   6 
 414	2   4   8 
 416	2   9   4 
 418	1   4 
 418	2   8   9 
 420	1   9 
 420	2   8   4 
 422	1   4 
 422	1   8 
 422	2   6   5 
 424	2   9   4 
 426	2   8   9 
 428	1   9 
 428	2   4   8 
 429	1   9 
 430	1   4 
 430	1   8 
 430	1   9 
 431	1   4 
 432	2   4   1 
 434	1   1 
 434	2   0   4 
 436	1   4 
 436	2   0   1 
 438	1   1 
 438	1   0 
 439	2   4   1 
 441	2   0   4 
 443	1   4 
 443	2   1   0 
 444	1   4 
 445	1   1 
 445	1   0 
 445	1   4 
 446	1   1 
 447	2   1   2 
 449	1   2 
 450	2   3   1 
 452	1   1 
 452	2   3   2 
 454	1   2 
 454	1   3 
 455	2   1   2 
 457	2   3   1 
 459	1   1 
 459	2   2   3 
 460	1   1 
 461	1   2 
 461	1   3 
 461	1   1 
 462	1   2 
 463	2   2   6 
 465	1   6 
 465	2   5   2 
 467	1   2 
 467	2   5   6 
 469	1   6 
 469	1   5 
 470	2   2   6 
 472	2   5   2 
 474	1   2 
 474	2   6   5 
 475	1   2 
 476	1   6 
 476	1   5 
 476	2   2   3 
 478	2   1   2 
 480	1   2 
 480	2   6   5 
 482	2   3   1 
 484	1   1 
 484	2   3   2 
 486	1   2 
 486	1   3 
 487	2   1   2 
 489	2   3   1 
 491	1   1 
 491	2   2   3 
 492	1   1 
 493	1   2 
 493	1   3 
 493	2   1   0 
 495	2   4   1 
 497	1   1 
 497	2   0   4 
 497	2   2   3 
 499	1   4 
 499	2   0   1 
 501	1   1 
 501	1   0 
 502	2   4   1 
 504	2   0   4 
 506	1   4 
 506	2   1   0 
 507	1   4 
 508	1   1 
 508	1   0 
 508	2   4   8 
 510	2   9   4 
 512	1   4 
 512	2   8   9 
 512	2   1   0 
 514	1   9 
 514	2   8   4 
 516	1   4 
 516	1   8 
 517	2   9   4 
 519	2   8   9 
 521	1   9 
 521	2   4   8 
 522	1   9 
 523	1   4 
 523	1   8 
 523	1   9 
 524	1   4 
 525	2   4   1 
 527	1   1 
 527	2   0   4 
 529	1   4 
 529	2   0   1 
 531	1   1 
 531	1   0 
 532	2   4   1 
 534	2   0   4 
 536	1   4 
 536	2   1   0 
 537	1   4 
 538	1   1 
 538	1   0 
 538	1   4 
 539	1   1 
 540	2   1   2 
 542	1   2 
 543	2   3   1 
 545	1   1 
 545	2   3   2 
 547	1   2 
 547	1   3 
 548	2   1   2 
 550	2   3   1 
 552	1   1 
 552	2   2   3 
 553	1   1 
 554	1   2 
 554	1   3 
 554	1   1 
 555	1   2 
 556	2   2   6 
 558	1   6 
 558	2   5   2 
 560	1   2 
 560	2   5   6 
 562	1   6 
 562	1   5 
 563	2   2   6 
 565	2   5   2 
 567	1   2 
 567	2   6   5 
 568	1   2 
 569	1   6 
 569	1   5 
 569	2   2   3 
 571	2   1   2 
 573	1   2 
 573	2   6   5 
 575	2   3   1 
 577	1   1 
 577	2   3   2 
 577	6   5   0 
 579	1   2 
 579	1   3 
 583	2   1   2 
 585	2   3   1 
 587	1   1 
 587	2   2   3 
 588	1   1 
 589	1   2 
 589	1   3 
 589	2   1   5 
 591	2   4   1 
 593	1   1 
 593	2   5   4 
 593	2   2   3 
 595	1   4 
 595	2   5   1 
 597	1   1 
 597	1   5 
 598	2   4   1 
 600	2   5   4 
 602	1   4 
 602	2   1   5 
 603	1   4 
 604	1   5 
 604	1   1 
 605	2   5   8 
 607	2   9   5 
 609	1   5 
 609	2   8   9 
 611	1   9 
 611	2   8   5 
 613	1   5 
 613	1   8 
 613	2   1   4 
 615	2   9   5 
 617	2   8   9 
 619	1   9 
 619	2   5   8 
 620	1   9 
 621	1   5 
 621	1   8 
 621	1   9 
 622	1   5 
 623	2   5   1 
 625	1   1 
 625	2   4   5 
 627	1   5 
 627	2   4   1 
 629	1   1 
 629	1   4 
 629	6   5   0 
 635	2   0   1 
 637	2   4   0 
 639	1   0 
 639	2   1   4 
 640	1   0 
 641	1   1 
 641	1   4 
 641	1   0 
 642	1   1 
 643	2   1   2 
 645	1   2 
 646	2   3   1 
 648	1   1 
 648	2   3   2 
 650	1   2 
 650	1   3 
 651	2   1   2 
 653	2   3   1 
 655	1   1 
 655	2   2   3 
 656	1   1 
 657	1   2 
 657	1   3 
 657	1   1 
 658	1   2 
 659	2   2   6 
 661	1   6 
 661	2   5   2 
 663	1   2 
 663	2   5   6 
 665	1   6 
 665	1   5 
 666	2   2   6 
 668	2   5   2 
 670	1   2 
 670	2   6   5 
 671	1   2 
 672	1   6 
 672	1   5 
 672	2   2   3 
 674	2   1   2 
 676	1   2 
 676	2   6   5 
 678	2   3   1 
 680	1   1 
 680	2   3   2 
 680	6   5   0 
 682	1   2 
 682	1   3 
 686	2   1   2 
 688	2   3   1 
 690	1   1 
 690	2   2   3 
 691	1   1 
 692	1   2 
 692	1   3 
 692	2   1   4 
 694	2   5   1 
 696	1   1 
 696	2   4   5 
 696	2   2   3 
 698	1   5 
 698	2   4   1 
 700	1   1 
 700	1   4 
 701	2   5   1 
 703	2   4   5 
 705	1   5 
 705	2   1   4 
 706	1   5 
 707	1   1 
 707	1   4 
 707	2   5   8 
 709	2   9   5 
 711	1   5 
 711	2   8   9 
 713	1   9 
 713	2   8   5 
 715	1   5 
 715	1   8 
 715	2   1   4 
 717	2   9   5 
 719	2   8   9 
 721	1   9 
 721	2   5   8 
 722	1   9 
 723	1   5 
 723	1   9 
 723	1   8 
 724	1   5 
 725	2   5   1 
 727	1   1 
 727	2   4   5 
 729	1   5 
 729	2   4   1 
 731	1   1 
 731	1   4 
 731	6   5   0 
 737	2   0   1 
 739	2   4   0 
 741	1   0 
 741	2   1   4 
 742	1   0 
 743	1   1 
 743	1   4 
 743	1   0 
 744	1   1 
 745	2   1   2 
 747	1   2 
 748	2   3   1 
 750	1   1 
 750	2   3   2 
 752	1   2 
 752	1   3 
 753	2   1   2 
 755	2   3   1 
 757	1   1 
 757	2   2   3 
 758	1   1 
 759	1   2 
 759	1   3 
 759	1   1 
 760	1   2 
 761	2   2   6 
 763	1   6 
 763	2   5   2 
 765	1   2 
 765	2   5   6 
 767	1   6 
 767	1   5 
 768	2   2   6 
 770	2   5   2 
 772	1   2 
 772	2   6   5 
 773	1   2 
 774	1   5 
 774	1   6 
 774	2   2   3 
 776	2   1   2 
 778	1   2 
 779	2   3   1 
 781	1   1 
 781	2   3   2 
 783	1   2 
 783	1   3 
 784	2   1   2 
 786	2   3   1 
 788	1   1 
 788	2   2   3 
 789	1   1 
 790	1   2 
 790	1   3 
 790	2   1   4 
 792	2   0   1 
 792	2   3   6 
 794	1   1 
 794	2   4   0 
 796	1   0 
 796	2   4   1 
 798	1   1 
 798	1   4 
 799	2   0   1 
 801	2   4   0 
 803	1   0 
 803	2   1   4 
 804	1   0 
 805	1   1 
 805	1   4 
 806	2   5   1 
 808	2   9   5 
 810	1   5 
 810	2   8   4 
 812	2   1   9 
 814	1   9 
 814	2   1   5 
 816	1   5 
 816	1   1 
 817	2   9   5 
 819	2   1   9 
 821	1   9 
 821	2   5   1 
 822	1   9 
 823	1   5 
 823	1   1 
 823	1   9 
 824	1   5 
 824	2   2   0 
 826	2   5   8 
 828	1   8 
 828	2   4   5 
 830	1   5 
 830	2   4   8 
 830	6  10   2 
 832	1   8 
 832	1   4 
 836	2   5   8 
 838	2   4   5 
 840	1   5 
 840	2   8   4 
 841	1   5 
 842	1   8 
 842	1   4 
 842	1   5 
 842	6  10   9 
 843	1   8 
 843	6   4   0 
 836	6   3   2 
 848	6  10   2 
 854	2   8   9 
 856	1   9 
 856	2   4   8 
 858	1   8 
 858	2   4   9 
 860	1   9 
 860	1   4 
 861	2   8   9 
 863	2   4   8 
 865	1   8 
 865	2   9   4 
 866	1   8 
 867	1   9 
 867	1   4 
 867	1   8 
 868	1   9 
 869	2   9  10 
 871	1  10 
 871	2   6   9 
 873	1   9 
 873	2   6  10 
 875	1  10 
 875	1   6 
 876	2   9  10 
 878	2   6   9 
 880	1   9 
 880	2  10   6 
 881	1   9 
 882	1  10 
 882	1   6 
 882	2   9   4 
 884	2   8   9 
 886	1   9 
 886	2   4   8 
 886	2  10   6 
 888	1   8 
 888	2   4   9 
 890	1   9 
 890	1   4 
 891	2   8   9 
 893	2   4   8 
 895	1   8 
 895	2   9   4 
 896	1   8 
 897	1   9 
 897	1   4 
 898	2   8   0 
 900	2   5   8 
 902	1   8 
 902	2   0   5 
 904	1   5 
 904	2   0   8 
 906	1   8 
 906	1   0 
 906	2   9   4 
 908	2   5   8 
 910	2   0   5 
 912	1   5 
 912	2   8   0 
 913	1   5 
 914	1   8 
 914	1   0 
 914	2   5   1 
 916	2   2   5 
 918	1   5 
 918	2   1   2 
 920	1   2 
 920	2   1   5 
 922	1   5 
 922	1   1 
 923	2   2   5 
 925	2   1   2 
 927	1   2 
 927	2   5   1 
 928	1   2 
 929	1   5 
 929	1   1 
 929	1   2 
 930	1   5 
 930	2   8   0 
 932	2   5   8 
 934	1   8 
 934	2   0   5 
 936	1   5 
 936	2   0   8 
 938	1   8 
 938	1   0 
 938	6   2   1 
 944	2   5   8 
 946	2   0   5 
 948	1   5 
 948	2   8   0 
 949	1   5 
 950	1   8 
 950	1   0 
 950	1   5 
 951	1   8 
 952	2   8   9 
 954	1   9 
 954	2   4   8 
 956	1   8 
 956	2   4   9 
 958	1   9 
 958	1   4 
 959	2   8   9 
 961	2   4   8 
 963	1   8 
 963	2   9   4 
 964	1   8 
 965	1   9 
 965	1   4 
 965	1   8 
 966	1   9 
 967	2   9  10 
 969	1  10 
 969	2   6   9 
 971	1   9 
 971	2   6  10 
 973	1  10 
 973	1   6 
 974	2   9  10 
 976	2   6   9 
 978	1   9 
 978	2  10   6 
 979	1   9 
 980	1  10 
 980	1   6 
 980	2   9   4 
 982	2   8   9 
 982	6   6   1 
 984	1   9 
 984	2   4   8 
 986	1   8 
 988	2   4   9 
 990	1   9 
 990	1   4 
 991	2   8   9 
 993	2   4   8 
 993	2  10   2 
 995	1   8 
 995	2   6  10 
 996	1   8 
 997	1  10 
 997	2   8   0 
 997	2   2   6 
 999	1   6 
 999	2   5   8 
1001	1   8 
1001	2   0   5 
1003	1   5 
1003	2   0   8 
1005	1   8 
1005	1   0 
1005	2   2  10 
1007	1  10 
1007	1   2 
1007	2   5   8 
1009	2   6  10 
1011	2   0   5 
1013	1   5 
1013	2   2   6 
1013	2   8   0 
1014	1   5 
1015	1   8 
1015	1   0 
1015	1   6 
1015	2   9   4 
1016	1   6 
1017	1   9 
1017	1   4 
1017	1   6 
1017	2   1   5 
1019	2  10   2 
1021	1  10 
1021	1   2 
1021	2   8   0 
1022	1  10 
1023	2  10   8 
1023	6   1   0 
1025	1   8 
1025	6  10   6 
1029	6   8   0 
1031	6   6   2 
1035	2   9   4 
1037	2   1   2 
1037	6   9   4 
1039	1   2 
1043	2   1   0 
1043	6   9   8 
1045	1   0 
1045	1   1 
1046	2   2   0 
1048	2   1   2 
1050	1   2 
1050	2   0   1 
1051	1   2 
1052	1   0 
1052	1   1 
1052	1   2 
1053	1   0 
1054	2   0   4 
1056	1   4 
1057	2   8   0 
1059	1   0 
1059	2   8   4 
1061	1   4 
1061	1   8 
1062	2   0   4 
1064	2   8   0 
1066	1   0 
1066	2   4   8 
1067	1   0 
1068	1   4 
1068	1   8 
1068	1   0 
1069	1   4 
1070	2   4   9 
1072	1   9 
1072	2   5   4 
1074	1   4 
1074	2   5   9 
1076	1   9 
1076	1   5 
1077	2   4   9 
1079	2   5   4 
1081	1   4 
1081	2   9   5 
1082	1   4 
1083	1   9 
1083	1   5 
1083	2   4   8 
1085	2   0   4 
1087	1   4 
1087	2   9   5 
1089	2   8   0 
1091	1   0 
1091	2   8   4 
1093	1   4 
1093	1   8 
1094	2   0   4 
1096	2   8   0 
1098	1   0 
1098	2   4   8 
1099	1   0 
1100	1   4 
1100	1   8 
1100	2   0   1 
1102	2   2   0 
1104	1   0 
1104	2   1   2 
1104	2   4   8 
1106	1   2 
1106	2   1   0 
1108	1   0 
1108	1   1 
1109	2   2   0 
1111	2   1   2 
1113	1   2 
1113	2   0   1 
1114	1   2 
1115	1   0 
1115	1   1 
1115	2   2   6 
1117	2  10   2 
1119	1   2 
1119	2   6  10 
1119	2   0   1 
1121	1  10 
1121	2   6   2 
1123	1   2 
1123	1   6 
1124	2  10   2 
1126	2   6  10 
1128	1  10 
1128	2   2   6 
1129	1  10 
1130	1   2 
1130	1  10 
1130	1   6 
1131	1   2 
1132	2   2   0 
1134	1   0 
1134	2   1   2 
1136	1   2 
1136	2   1   0 
1138	1   0 
1138	1   1 
1139	2   2   0 
1141	2   1   2 
1143	1   2 
1143	2   0   1 
1144	1   2 
1145	1   0 
1145	1   1 
1145	1   2 
1146	1   0 
1147	2   0   4 
1149	1   4 
1150	2   8   0 
1152	1   0 
1152	2   8   4 
1154	1   4 
1154	1   8 
1155	2   0   4 
1157	2   8   0 
1159	1   0 
1159	2   4   8 
1160	1   0 
1161	1   4 
1161	1   8 
1161	1   0 
1162	1   4 
1163	2   4   9 
1165	1   9 
1165	2   5   4 
1167	1   4 
1167	2   5   9 
1169	1   9 
1169	1   5 
1170	2   4   9 
1172	2   5   4 
1174	1   4 
1174	2   9   5 
1175	1   4 
1176	1   5 
1176	1   9 
1176	2   4   8 
1177	1   9 
1178	2   0   4 
1180	1   4 
1181	2   8   0 
1183	1   0 
1183	2   8   4 
1185	1   4 
1185	1   8 
1186	2   0   4 
1188	2   8   0 
1190	1   0 
1190	2   4   8 
1191	1   0 
1192	1   4 
1192	1   8 
1192	2   0   1 
1193	1   4 
1193	2   8   9 
1194	2   2   0 
1196	1   0 
1196	2   1   2 
1198	1   2 
1198	2   1   0 
1200	1   0 
1200	1   1 
1201	2   2   0 
1203	2   1   2 
1205	1   2 
1205	2   0   1 
1206	1   2 
1207	1   0 
1207	1   1 
1208	1   0 
1208	6   4   1 
1214	2   0   5 
1216	2   1   0 
1216	6   6   3 
1218	1   0 
1222	2   5   1 
1224	1   1 
1224	2   5   0 
1226	1   0 
1226	1   5 
1227	2   1   0 
1229	2   5   1 
1231	1   1 
1231	2   0   5 
1232	1   1 
1233	1   0 
1233	1   1 
1233	1   5 
1234	2   0   2 
1236	2   1   0 
1238	1   0 
1238	2   2   1 
1240	1   1 
1240	6   5   0 
1246	2   2   5 
1248	1   5 
1248	1   2 
1248	6   8   0 
1254	2   1   5 
1256	2   2   1 
1256	6   9   8 
1258	1   1 
1259	1   1 
1262	2   5   2 
1264	1   5 
1264	1   2 
1264	2   1   4 
1266	2   5   2 
1268	2   6   5 
1270	1   5 
1270	2   2   6 
1272	1   6 
1272	2   2   5 
1274	1   5 
1274	1   2 
1275	2   6   5 
1277	2   2   6 
1279	1   6 
1279	2   5   2 
1280	1   6 
1281	1   5 
1281	1   2 
1281	1   6 
1282	2   5   2 
1284	2  10   5 
1286	1   5 
1286	2   2  10 
1288	1  10 
1288	2   2   5 
1290	1   5 
1290	1   2 
1290	6   9   6 
1290	6   4   0 
1296	2  10   5 
1298	2   2  10 
1300	1  10 
1300	2   5   2 
1301	1  10 
1302	1   5 
1302	1  10 
1302	1   2 
1302	6   9   8 
1303	2   2   3 
1308	2   6   5 
1310	2  10   6 
1312	1   6 
1312	2   5  10 
1314	1  10 
1314	2   5   6 
1316	1   6 
1316	1   5 
1317	2  10   6 
1319	2   5  10 
1321	1  10 
1321	2   6   5 
1322	1  10 
1323	1   6 
1323	1   5 
1323	1  10 
1324	1   6 
1325	2   6   2 
1327	1   2 
1327	2   3   6 
1329	1   6 
1329	2   3   2 
1331	1   2 
1331	1   3 
1332	2   6   2 
1334	2   3   6 
1336	1   6 
1336	2   2   3 
1337	1   6 
1338	1   2 
1338	1   3 
1338	1   6 
1339	1   2 
1339	6   7   5 
1345	2   2   1 
1347	1   1 
1348	2   0   2 
1350	1   2 
1350	2   0   1 
1352	1   1 
1352	1   0 
1353	2   2   1 
1355	2   0   2 
1357	1   2 
1357	2   1   0 
1358	1   2 
1359	1   1 
1359	1   0 
1359	1   2 
1360	1   1 
1361	2   1   4 
1363	1   4 
1363	2   9   1 
1365	1   1 
1365	2   9   4 
1367	1   4 
1367	1   9 
1368	2   1   4 
1370	2   9   1 
1372	1   1 
1372	2   4   9 
1373	1   1 
1374	1   4 
1374	1   9 
1374	2   1   0 
1376	2   2   1 
1376	2   4   9 
1378	1   1 
1379	2   0   2 
1381	1   2 
1381	2   0   1 
1383	1   1 
1383	1   0 
1384	2   2   1 
1386	2   0   2 
1388	1   2 
1388	2   1   0 
1389	1   2 
1390	1   1 
1390	1   0 
1390	2   2   3 
1392	2   6   2 
1394	1   2 
1394	2   3   6 
1394	2   1   0 
1396	1   6 
1396	2   3   2 
1398	1   2 
1398	1   3 
1399	2   6   2 
1401	2   3   6 
1403	1   6 
1403	2   2   3 
1404	1   6 
1405	1   3 
1405	1   2 
1405	2   6   7 
1407	2  10   6 
1409	1   6 
1409	2   7  10 
1411	1  10 
1411	2   7   6 
1413	1   6 
1413	1   7 
1413	2   2   3 
1415	2  10   6 
1417	2   7  10 
1419	1  10 
1419	2   6   7 
1420	1  10 
1421	1   6 
1421	1   7 
1421	1  10 
1422	1   6 
1423	2   6   2 
1425	1   2 
1425	2   3   6 
1427	1   6 
1427	2   3   2 
1429	1   2 
1429	1   3 
1430	2   6   2 
1432	2   3   6 
1434	1   6 
1434	2   2   3 
1435	1   6 
1436	1   2 
1436	1   3 
1436	1   6 
1437	1   2 
1438	2   2   1 
1440	1   1 
1441	2   0   2 
1443	1   2 
1443	2   0   1 
1445	1   1 
1445	1   0 
1446	2   2   1 
1448	2   0   2 
1450	1   2 
1450	2   1   0 
1451	1   2 
1452	1   1 
1452	1   0 
1452	1   2 
1453	1   1 
1454	2   1   4 
1456	1   4 
1456	2   9   1 
1458	1   1 
1458	2   9   4 
1460	1   4 
1460	1   9 
1461	2   1   4 
1463	2   9   1 
1465	1   1 
1465	2   4   9 
1466	1   1 
1467	1   4 
1467	1   9 
1467	2   1   0 
1469	2   2   1 
1469	2   9   4 
1471	1   1 
1471	2   8   9 
1472	2   0   2 
1473	1   9 
1474	1   2 
1474	2   0   1 
1476	1   1 
1476	1   0 
1476	2   4   8 
1477	2   2   1 
1478	1   8 
1478	2   4   9 
1480	1   9 
1480	1   4 
1481	2   0   2 
1481	2   8   9 
1483	1   2 
1483	2   4   8 
1484	1   2 
1485	1   8 
1485	2   2   3 
1485	2   9   4 
1486	1   8 
1487	1   9 
1487	1   4 
1487	1   8 
1487	2   6   2 
1488	1   9 
1489	1   2 
1489	2   3   6 
1489	2   1   0 
1491	1   6 
1491	1   1 
1491	1   0 
1491	2   3   2 
1492	1   1 
1491	6   9   5 
1493	1   2 
1493	1   3 
1497	2   6   2 
1499	2   3   6 
1501	1   6 
1501	2   2   3 
1502	1   6 
1503	1   2 
1503	1   3 
1503	6   6   1 
1504	1   3 
1509	2   2   1 
1509	6  11  10 
1511	2   5   2 
1513	1   2 
1513	2   1   5 
1515	1   5 
1515	2   1   2 
1517	1   2 
1517	1   1 
1517	2   7   3 
1518	6   8   0 
1519	2   6   7 
1521	1   7 
1521	2   3   6 
1523	1   6 
1523	2   3   7 
1524	6   9   8 
1525	1   7 
1525	1   3 
1526	2   6   7 
1528	2   3   6 
1530	1   6 
1530	2   5   2 
1531	1   6 
1532	2   1   5 
1532	2   7   3 
1534	1   5 
1534	1   7 
1534	1   3 
1534	2   2   1 
1535	1   5 
1534	6  10   9 
1536	1   2 
1536	1   1 
1536	2   7   3 
1538	2   2   1 
1540	2   5   4 
1540	2  11   7 
1542	1   7 
1542	2   0   5 
1543	2   3  11 
1544	1   5 
1544	2   4   0 
1545	1  11 
1545	2   3   7 
1546	1   0 
1546	2   4   5 
1547	1   7 
1547	1   3 
1548	1   5 
1548	1   4 
1548	2  11   7 
1549	2   0   5 
1550	2   3  11 
1551	2   4   0 
1552	1  11 
1552	2   7   3 
1553	1   0 
1553	1  11 
1553	2   5   4 
1554	1   0 
1554	1  11 
1554	1   7 
1554	1   3 
1555	1   5 
1555	1   4 
1555	6  11   3 
1556	1   5 
1561	2   5   2 
1561	2  11  10 
1563	1   2 
1563	2   1   5 
1565	1   5 
1565	2   1   2 
1567	1   2 
1567	1   1 
1567	6   6   3 
1573	2   5   2 
1575	2   1   5 
1577	1   5 
1577	2   2   1 
1578	1   5 
1579	1   1 
1579	1   2 
1579	6   6   5 
1585	2   1   0 
1585	2   6   7 
1587	2   5   1 
1587	6   7   3 
1589	1   1 
1589	2   0   5 
1591	1   5 
1591	2   0   1 
1593	1   1 
1593	1   0 
1594	2   5   1 
1596	2   0   5 
1598	1   5 
1598	2   1   0 
1599	1   5 
1600	1   1 
1600	1   0 
1600	1   5 
1601	1   1 
1601	6   5   0 
1607	2   1   6 
1609	1   6 
1609	2   3   1 
1611	1   1 
1611	2   3   6 
1613	1   6 
1613	1   3 
1613	6   9   4 
1619	2   1   6 
1621	2   3   1 
1623	1   1 
1623	2   6   3 
1624	1   1 
1625	1   6 
1625	1   3 
1625	1   1 
1626	1   6 
1627	2   6  11 
1629	1  11 
1629	2  10   6 
1631	1   6 
1631	2  10  11 
1633	1  11 
1633	1  10 
1634	2   6  11 
1636	2  10   6 
1638	1   6 
1638	2  11  10 
1639	1   6 
1640	1  11 
1640	1  10 
1640	2   6   3 
1642	2   1   6 
1644	1   6 
1644	2   3   1 
1644	2  11  10 
1646	1   1 
1646	2   3   6 
1648	1   6 
1648	1   3 
1649	2   1   6 
1651	2   3   1 
1653	1   1 
1653	2   6   3 
1654	1   1 
1655	1   3 
1655	1   6 
1655	2   1   5 
1657	2   0   1 
1657	2   6   3 
1659	1   1 
1659	2   5   0 
1661	1   0 
1661	2   5   1 
1663	1   1 
1663	1   5 
1664	2   0   1 
1666	2   5   0 
1668	1   0 
1668	2   1   5 
1669	1   0 
1670	1   1 
1670	1   5 
1670	1   0 
1671	1   1 
1671	1   5 
1672	2   1   6 
1674	1   6 
1674	2   3   1 
1676	1   1 
1676	2   3   6 
1678	1   6 
1678	1   3 
1679	2   1   6 
1681	2   3   1 
1683	1   1 
1683	2   6   3 
1684	1   1 
1685	1   6 
1685	1   3 
1685	1   1 
1686	1   6 
1687	2   6  11 
1689	1  11 
1689	2  10   6 
1691	1   6 
1691	2  10  11 
1693	1  11 
1693	1  10 
1694	2   6  11 
1696	2  10   6 
1698	1   6 
1698	2  11  10 
1699	1   6 
1700	1  11 
1700	1  10 
1700	2   6   3 
1702	2   1   6 
1704	1   6 
1704	2   3   1 
1704	2  11  10 
1706	1   1 
1706	2   3   6 
1708	1   6 
1708	1   3 
1709	2   1   6 
1711	2   3   1 
1713	1   1 
1713	2   6   3 
1714	1   1 
1715	1   6 
1715	1   3 
1715	2   2   1 
1717	2   6   9 
1719	2   5   6 
1721	1   6 
1721	2   9   5 
1723	1   5 
1723	2   9   6 
1725	1   6 
1725	1   9 
1726	2   5   6 
1728	2   9   5 
1730	1   5 
1730	2   6   9 
1731	1   5 
1732	1   6 
1732	1   9 
1732	1   5 
1733	1   6 
1734	2   6   2 
1736	1   2 
1736	2   1   6 
1738	1   6 
1738	2   1   2 
1740	1   2 
1740	1   1 
1741	2   6   2 
1743	2   1   6 
1745	1   6 
1745	2   2   1 
1746	1   6 
1747	1   2 
1747	1   1 
1747	2   6   9 
1749	2   5   6 
1751	1   6 
1751	2   9   5 
1753	1   5 
1753	2   9   6 
1755	1   6 
1755	1   9 
1755	2   2   1 
1757	2   5   6 
1759	2   9   5 
1761	1   5 
1761	2   6   9 
1762	1   5 
1763	1   6 
1763	1   9 
1764	1   6 
1764	6  11   9 
1770	2   6   2 
1772	1   2 
1772	2   1   6 
1774	1   6 
1774	2   1   2 
1776	1   2 
1776	1   1 
1776	6   5   0 
1782	2   6   2 
1784	2   1   6 
1786	1   6 
1786	2   2   1 
1787	1   6 
1788	1   1 
1788	1   2 
1788	2   6   3 
1789	2   1   0 
1791	2   5   1 
1793	1   1 
1793	2   0   5 
1795	1   5 
1795	2   0   1 
1797	1   1 
1797	1   0 
1797	2   7   2 
1799	2   5   1 
1799	6  11   7 
1801	2   0   5 
1803	1   5 
1803	2   1   0 
1804	1   5 
1805	1   1 
1805	1   0 
1805	1   5 
1806	1   1 
1807	2   1   6 
1809	1   6 
1809	2   3   1 
1811	1   1 
1811	2   3   6 
1813	1   6 
1813	1   3 
1814	2   1   6 
1816	2   3   1 
1818	1   1 
1818	2   6   3 
1819	1   1 
1820	1   6 
1820	1   3 
1820	1   1 
1821	1   6 
1822	2   6   9 
1824	1   9 
1824	2  10   6 
1826	1   6 
1826	2  10   9 
1828	1   9 
1828	1  10 
1829	2   6   9 
1831	2  10   6 
1833	1   6 
1833	2   9  10 
1834	1   6 
1835	1   9 
1835	1  10 
1835	2   6   3 
1837	2   1   6 
1839	1   6 
1839	2   3   1 
1839	2   9  10 
1841	1   1 
1841	2   3   6 
1843	1   6 
1843	1   3 
1844	2   1   6 
1846	2   3   1 
1848	1   1 
1848	2   6   3 
1849	1   1 
1850	1   3 
1850	1   6 
1850	2   1   0 
1851	2   6   3 
1853	2   5   1 
1855	1   1 
1855	2   0   5 
1857	1   5 
1857	2   0   1 
1859	1   1 
1859	1   0 
1860	2   5   1 
1862	2   0   5 
1864	1   5 
1864	2   1   0 
1865	1   5 
1866	1   1 
1866	1   5 
1866	1   0 
1867	1   1 
1867	1   0 
1867	6   5   2 
1873	2   1   6 
1875	1   6 
1875	2   3   1 
1877	1   1 
1877	2   3   6 
1879	1   6 
1879	1   3 
1879	6  11   9 
1885	2   1   6 
1887	2   3   1 
1889	1   1 
1889	2   6   3 
1890	1   1 
1889	6   4   0 
1891	1   6 
1891	1   3 
1891	1   1 
1892	1   6 
1893	2   6  11 
1895	1  11 
1895	2  10   6 
1895	6   8   4 
1897	1   6 
1897	2  10  11 
1899	1  11 
1899	1  10 
1900	2   6  11 
1901	6  13   8 
1902	2  10   6 
1904	1   6 
1904	2  11  10 
1905	1   6 
1906	1  11 
1906	1  10 
1906	2   6   3 
1907	6  15  13 
1908	2   1   6 
1910	1   6 
1910	2   3   1 
1912	1   1 
1912	2   3   6 
1914	1   6 
1914	1   3 
1914	2  10  11 
1916	2   1   6 
1918	2   3   1 
1920	1   1 
1920	2   6   3 
1921	1   1 
1922	1   3 
1922	1   6 
1923	1   3 
1923	2   6   1 
1925	2   7   3 
1927	2   2   7 
1929	1   7 
1929	2   3   2 
1931	1   2 
1931	2   3   7 
1933	1   7 
1933	1   3 
1934	2   2   7 
1936	2   3   2 
1938	1   2 
1938	2   7   3 
1939	1   2 
1940	1   7 
1940	1   3 
1940	1   2 
1941	1   7 
1942	2   7  10 
1944	1  10 
1944	2  11   7 
1946	1   7 
1946	2  11  10 
1948	1  10 
1948	1  11 
1949	2   7  10 
1951	2  11   7 
1953	1   7 
1953	2  10  11 
1954	1   7 
1955	1  10 
1955	1  11 
1955	1   7 
1956	1  10 
1957	2  10   9 
1959	1   9 
1959	2   5  10 
1961	1  10 
1961	2   5   9 
1963	1   9 
1963	1   5 
1964	2  10   9 
1966	2   5  10 
1968	1  10 
1968	2   9   5 
1969	1  10 
1970	1   9 
1970	1   5 
1970	1  10 
1971	1   9 
1972	2   9   6 
1974	1   6 
1974	2   1   9 
1976	1   9 
1976	2   1   6 
1978	1   6 
1978	1   1 
1979	2   9   6 
1981	2   1   9 
1983	1   9 
1983	2   6   1 
1984	1   9 
1985	1   6 
1985	1   1 
1985	2   9   5 
1987	2  10   9 
1989	1   9 
1989	2   5  10 
1991	1  10 
1991	2   5   9 
1993	1   9 
1993	1   5 
1993	2   6   1 
1995	2  10   9 
1997	2   5  10 
1999	1  10 
1999	2   9   5 
2000	1  10 
2001	1   9 
2001	1   5 
2001	2  10  11 
2003	2   7  10 
2005	1  10 
2005	2  11   7 
2005	2   9   5 
2007	1   7 
2007	2  11  10 
2009	1  10 
2009	1  11 
2010	2   7  10 
2012	2  11   7 
2014	1   7 
2014	2  10  11 
2015	1   7 
2016	1  11 
2016	1  10 
2016	2   7   3 
2018	2   2   7 
2020	1   7 
2020	2   3   2 
2020	2  10  11 
2022	1   2 
2022	2   3   7 
2024	1   7 
2024	1   3 
2025	2   2   7 
2027	2   3   2 
2029	1   2 
2029	2   7   3 
2030	1   2 
2031	1   7 
2031	1   3 
2031	1   2 
2032	1   7 
2033	2   7  10 
2035	1  10 
2035	2  11   7 
2037	1   7 
2037	2  11  10 
2039	1  10 
2039	1  11 
2040	2   7  10 
2042	2  11   7 
2044	1   7 
2044	2  10  11 
2045	1   7 
2046	1  10 
2046	1  11 
2046	1   7 
2047	1  10 
2048	2  10   9 
2050	1   9 
2050	2   5  10 
2052	1  10 
2052	2   5   9 
2054	1   9 
2054	1   5 
2055	2  10   9 
2057	2   5  10 
2059	1  10 
2059	2   9   5 
2060	1  10 
2061	1   9 
2061	1   5 
2061	1  10 
2062	1   9 
2063	2   9   6 
2065	1   6 
2065	2   1   9 
2067	1   9 
2067	2   1   6 
2069	1   6 
2069	1   1 
2070	2   9   6 
2072	2   1   9 
2074	1   9 
2074	2   6   1 
2075	1   9 
2076	1   6 
2076	1   1 
2076	2   9   5 
2077	1   6 
2078	2  10   9 
2078	6   2   1 
2080	1   9 
2084	2   5  10 
2086	1  10 
2086	2   5   9 
2088	1   9 
2088	1   5 
2089	2  10   9 
2091	2   5  10 
2093	1  10 
2093	2   9   5 
2094	1  10 
2095	1   9 
2095	1   5 
2095	2  10  11 
2096	1   9 
2097	2   7  10 
2099	1  10 
2099	2  11   7 
2101	1   7 
2101	2  11  10 
2103	1  10 
2103	1  11 
2104	2   7  10 
2106	2  11   7 
2108	1   7 
2108	2  10  11 
2109	1   7 
2110	1  11 
2110	1   7 
2110	1  10 
2111	2  11   6 
2113	2   9  11 
2115	1  11 
2115	2   6   9 
2117	1   9 
2117	2   6  11 
2119	1  11 
2119	1   6 
2119	2   3   7 
2121	2   9  11 
2123	2   6   9 
2125	1   9 
2125	2  11   6 
2126	1   9 
2127	1  11 
2127	1   6 
2127	1   9 
2127	6   3   1 
2133	2  11   6 
2135	2  15  11 
2135	2   9   1 
2137	1  11 
2137	1   1 
2137	6  14   6 
2143	2  14  15 
2143	6   7   5 
2145	1  15 
2149	2  14  11 
2149	2   5   9 
2151	1  11 
2151	1  14 
2151	1   9 
2151	2   5   1 
2152	2  15  11 
2153	1   1 
2153	1   5 
2153	6   9   6 
2154	2  14  15 
2156	1  15 
2157	1  15 
2158	1  15 
2159	2  11  14 
2161	1  11 
2161	1  14 
2161	2   6   1 
2162	6  15  14 
2163	2   5   6 
2165	1   6 
2165	2   1   5 
2166	1   6 
2167	1   1 
2167	1   5 
2167	1   6 
2165	6   7   3 
2168	2   1   5 
2171	2  11  15 
2171	6   3   1 
2177	2   7  11 
2177	6   5   2 
2179	1  11 
2183	2  15   7 
2185	1   7 
2185	2  15  11 
2187	1  11 
2187	1  15 
2187	2   5  10 
2189	2   7  11 
2191	2  15   7 
2193	1   7 
2193	2   6   5 
2193	2  11  15 
2194	1   7 
2195	1   7 
2195	1   5 
2195	1  15 
2195	1  11 
2195	2  10   6 
2196	1  15 
2197	1   6 
2197	2   7   3 
2197	2  10   5 
2199	1   3 
2199	1   5 
2199	1  10 
2199	2   2   7 
2201	1   7 
2201	2   2   3 
2201	2  15  11 
2203	1   3 
2203	1   2 
2203	2   6   5 
2203	6  15  11 
2209	2   7   3 
2209	6  15  14 
2211	2   2   7 
2213	1   7 
2213	2   3   2 
2214	1   7 
2215	1   2 
2215	1   3 
2215	1   7 
2215	2  10   6 
2216	1   3 
2217	1   6 
2217	2   5  10 
2218	1   6 
2219	1   5 
2219	1  10 
2219	1   6 
2219	2   2   1 
2220	1   5 
2221	2   5   2 
2223	1   2 
2223	2   1   5 
2225	1   5 
2225	2   1   2 
2227	1   2 
2227	1   1 
2228	2   5   2 
2230	2   1   5 
2232	1   5 
2232	2   2   1 
2233	1   5 
2234	1   2 
2234	1   1 
2234	2   5  10 
2236	2   6   5 
2238	1   5 
2238	2  10   6 
2240	1   6 
2240	2  10   5 
2242	1   5 
2242	1  10 
2242	2   2   1 
2244	2   6   5 
2246	2  10   6 
2248	1   6 
2248	2   5  10 
2249	1   6 
2250	1   5 
2250	1   6 
2250	1  10 
2251	1   5 
2251	1  10 
2251	2   6  11 
2253	1  11 
2253	2   5   2 
2254	6  11  10 
2255	1   2 
2255	2   1   5 
2257	1   5 
2257	2   1   2 
2259	1   2 
2259	1   1 
2260	2  14   6 
2262	1   6 
2262	2  14  10 
2262	2   5   2 
2264	1  10 
2264	1  14 
2264	2   1   5 
2264	6   7   3 
2266	1   5 
2267	1   5 
2270	2   6  10 
2272	2  14   6 
2274	1   6 
2274	2   2   1 
2274	2  10  14 
2275	1   6 
2276	1   2 
2276	1  10 
2276	1  14 
2276	1   6 
2276	1   1 
2277	1  10 
2277	2   2   5 
2279	2  10   2 
2281	1   2 
2281	2   5  10 
2283	1  10 
2283	2   5   2 
2285	1   2 
2285	1   5 
2286	2  10   2 
2288	2   5  10 
2290	1  10 
2290	2   2   5 
2291	1  10 
2292	1   2 
2292	1   5 
2292	2  10  14 
2293	2   2   5 
2295	2   6  10 
2297	1  10 
2297	6   7   5 
2303	2  14   6 
2305	1   6 
2305	2  14  10 
2307	1  10 
2307	1  14 
2308	2   6  10 
2310	2  14   6 
2312	1   6 
2312	2  10  14 
2313	1   6 
2314	1  10 
2314	1   6 
2314	1  14 
2315	1  10 
2316	2  10   2 
2318	1   2 
2318	2   7  10 
2320	1  10 
2320	2   7   2 
2322	1   2 
2322	1   7 
2323	2  10   2 
2325	2   7  10 
2327	1  10 
2327	2   2   7 
2328	1  10 
2329	1   7 
2329	1   2 
2329	2  11  10 
2330	6   5   2 
2331	6  15  13 
2336	2   7   2 
2338	2   6   7 
2340	1   7 
2340	2   2   6 
2342	1   6 
2342	2   2   7 
2344	1   7 
2344	1   2 
2345	2   6   7 
2347	2   2   6 
2349	1   6 
2349	2   7   2 
2350	1   6 
2351	1   7 
2351	1   2 
2351	1   6 
2352	1   7 
2353	2   7  11 
2355	1  11 
2355	2  10   7 
2357	1   7 
2357	2  10  11 
2359	1  11 
2359	1  10 
2360	2   7  11 
2362	2  10   7 
2364	1   7 
2364	2  11  10 
2365	1   7 
2366	1  11 
2366	1  10 
2366	2   7   2 
2368	2   6   7 
2370	1   7 
2370	2   2   6 
2372	1   6 
2372	2   2   7 
2374	1   7 
2374	1   2 
2374	2  11  10 
2376	2   6   7 
2378	2   2   6 
2380	1   6 
2380	2   7   2 
2381	1   6 
2382	1   7 
2382	1   2 
2382	6   6   1 
2383	1   7 
2376	6  13   9 
2388	2   7  11 
2390	1  11 
2390	2  10   7 
2392	1   7 
2392	2  10  11 
2394	1  11 
2394	1  10 
2395	2   7  11 
2397	2  10   7 
2399	1   7 
2399	2  11  10 
2400	1   7 
2401	1  11 
2401	1  10 
2401	2   7   2 
2403	2   3   7 
2405	1   7 
2405	2   2   3 
2405	2  11  10 
2407	1   3 
2407	2   2   7 
2409	1   7 
2409	1   2 
2410	2   3   7 
2412	2   2   3 
2414	1   3 
2414	2   7   2 
2415	1   3 
2416	1   7 
2416	1   2 
2416	1   3 
2417	1   7 
2418	2   7  11 
2420	1  11 
2420	2  10   7 
2422	1   7 
2422	2  10  11 
2424	1  11 
2424	1  10 
2425	2   7  11 
2427	2  10   7 
2429	1   7 
2429	2  11  10 
2430	1   7 
2431	1  11 
2431	1  10 
2431	2   7   2 
2433	2   3   7 
2435	1   7 
2435	2   2   3 
2435	2  11  10 
2437	1   3 
2437	2   2   7 
2439	1   7 
2439	1   2 
2440	2   3   7 
2442	2   2   3 
2444	1   3 
2444	2   7   2 
2445	1   3 
2446	1   7 
2446	1   3 
2446	1   2 
2447	1   7 
2448	2   7  11 
2450	1  11 
2450	2  10   7 
2452	1   7 
2452	2  10  11 
2454	1  11 
2454	1  10 
2455	2   7  11 
2457	2  10   7 
2459	1   7 
2459	2  11  10 
2460	1   7 
2461	1  10 
2461	1  11 
2461	2   6   7 
2463	2  10   5 
2465	2   9  10 
2467	1  10 
2467	2   5   9 
2467	2  14  11 
2469	1   9 
2469	2   5  10 
2471	1  10 
2471	1   5 
2472	2   9  10 
2474	2   5   9 
2476	1   9 
2476	2  10   5 
2477	1   9 
2478	1  10 
2478	1   5 
2478	1   9 
2479	1  10 
2480	2  10   6 
2482	1   6 
2482	2   7  10 
2484	1  10 
2484	2   7   6 
2486	1   6 
2486	1   7 
2487	2  10   6 
2489	2   7  10 
2491	1  10 
2491	2   6   7 
2492	1  10 
2493	1   6 
2493	1   7 
2493	2  10   5 
2495	2   9  10 
2497	1  10 
2497	2   5   9 
2499	1   9 
2499	2   5  10 
2501	1  10 
2501	1   5 
2501	2   6   7 
2503	2   9  10 
2505	2   5   9 
2507	1   9 
2507	2  10   5 
2508	1   9 
2509	1  10 
2509	1   5 
2510	1  10 
2510	6   7   5 
2516	2  10   6 
2518	1   6 
2518	2   5  10 
2518	6   7   3 
2520	1  10 
2524	2   5   6 
2526	1   6 
2526	1   5 
2527	2  10   6 
2529	2   5  10 
2531	1  10 
2531	2   6   5 
2532	1  10 
2533	1   5 
2533	1   6 
2533	6  10   7 
2539	2   5   9 
2539	2   7   2 
2541	2  10   5 
2543	1   5 
2543	2   9  10 
2545	1  10 
2545	2   9   5 
2545	6  14  11 
2547	1   5 
2547	1   9 
2551	2  10   5 
2553	2   9  10 
2555	1  10 
2555	2   5   9 
2556	1  10 
2557	1   5 
2557	1   9 
2557	1  10 
2558	1   5 
2555	6  15  14 
2559	2   5   7 
2561	1   7 
2561	2   2   5 
2563	1   5 
2563	2   2   7 
2565	1   7 
2565	1   2 
2565	6   9   6 
2571	2   5   7 
2573	2   2   5 
2575	1   5 
2575	2   7   2 
2576	1   5 
2577	1   7 
2577	1   2 
2577	1   5 
2578	1   7 
2579	2   7  11 
2581	1  11 
2582	2  15   7 
2584	1   7 
2584	2  15  11 
2586	1  11 
2586	1  15 
2587	2   7  11 
2589	2  15   7 
2591	1   7 
2591	2  11  15 
2592	1   7 
2593	1  11 
2593	1  15 
2593	2   7   2 
2595	2   5   7 
2597	1   7 
2597	2   2   5 
2597	2  11  15 
2599	1   5 
2599	2   2   7 
2601	1   7 
2601	1   2 
2602	2   5   7 
2604	2   2   5 
2606	1   5 
2606	2   7   2 
2607	1   5 
2608	1   2 
2608	1   7 
2608	2   5   6 
2610	2  10   5 
2612	1   5 
2612	2   6  10 
2614	1  10 
2614	2   6   5 
2616	1   5 
2616	1   6 
2616	2   7   2 
2618	2  10   5 
2620	2   6  10 
2622	1  10 
2622	2   5   6 
2623	1  10 
2624	1   5 
2624	1   6 
2624	1  10 
2625	1   5 
2625	1   6 
2626	2   5   7 
2628	1   7 
2628	2   2   5 
2630	1   5 
2630	2   2   7 
2632	1   7 
2632	1   2 
2633	2   5   7 
2635	2   2   5 
2637	1   5 
2637	2   7   2 
2638	1   5 
2639	1   7 
2639	1   2 
2639	1   5 
2640	1   7 
2641	2   7  11 
2643	1  11 
2644	2  15   7 
2646	1   7 
2646	2  15  11 
2648	1  11 
2648	1  15 
2649	2   7  11 
2651	2  15   7 
2653	1   7 
2653	2  11  15 
2654	1   7 
2655	1  11 
2655	1  15 
2655	2   7   2 
2657	2   5   7 
2659	1   7 
2659	2   2   5 
2659	2  11  15 
2661	1   5 
2661	2   2   7 
2663	1   7 
2663	1   2 
2664	2   5   7 
2666	2   2   5 
2668	1   5 
2668	2   7   2 
2669	1   5 
2670	1   7 
2670	1   2 
2670	2   9   5 
2671	2   7   3 
2672	6  10   9 
2678	2   6   7 
2680	1   7 
2680	2   3   6 
2682	1   6 
2682	2   3   7 
2684	1   7 
2684	1   3 
2685	2   6   7 
2687	2   3   6 
2689	1   6 
2689	2   7   3 
2690	1   6 
2691	1   7 
2691	1   3 
2691	1   6 
2692	1   7 
2693	2   7  10 
2695	1  10 
2695	2   5   7 
2697	1   7 
2697	2   5  10 
2699	1  10 
2699	1   5 
2700	2   7  10 
2702	2   5   7 
2704	1   7 
2704	2  10   5 
2705	1   7 
2706	1  10 
2706	1   5 
2706	2   7   3 
2707	2  10   5 
2709	2   6   7 
2711	1   7 
2711	2   3   6 
2713	1   6 
2713	2   3   7 
2715	1   7 
2715	1   3 
2716	2   6   7 
2718	2   3   6 
2720	1   6 
2720	2   7   3 
2721	1   6 
2722	1   7 
2722	1   3 
2722	6   9   6 
2723	1   7 
2728	2   7  10 
2730	1  10 
2730	2   5   7 
2732	1   7 
2732	2   5  10 
2734	1  10 
2734	1   5 
2735	2   7  10 
2737	2   5   7 
2739	1   7 
2739	2  10   5 
2740	1   7 
2741	1   5 
2741	1  10 
2741	2   7   2 
2742	2   5   9 
2744	2   6   5 
2746	1   5 
2746	2   9   6 
2748	1   6 
2748	2   9   5 
2750	1   5 
2750	1   9 
2751	2   6   5 
2753	2   9   6 
2755	1   6 
2755	2   5   9 
2756	1   6 
2757	1   5 
2757	1   9 
2757	1   6 
2758	1   5 
2759	2   5   7 
2761	1   7 
2761	2   2   5 
2763	1   5 
2763	2   2   7 
2765	1   7 
2765	1   2 
2766	2   5   7 
2768	2   2   5 
2770	1   5 
2770	2   7   2 
2771	1   5 
2772	1   7 
2772	1   2 
2772	1   5 
2773	1   7 
2774	2   7  11 
2776	1  11 
2776	2   1   3 
2778	2  15   7 
2778	6   9   1 
2780	1   7 
2780	2  15  11 
2782	1  11 
2782	1  15 
2783	2   7  11 
2785	2  15   7 
2787	1   7 
2787	2  11  15 
2788	1   7 
2789	1  11 
2789	1  15 
2789	2   7   2 
2789	6  10   9 
2795	2   5   7 
2797	1   7 
2797	2   2   5 
2797	2  11  15 
2799	1   5 
2799	2   2   7 
2801	1   7 
2801	1   2 
2802	2   5   7 
2804	2   2   5 
2806	1   5 
2806	2   7   2 
2807	1   5 
2808	1   2 
2808	1   7 
2808	2   5   1 
2810	2   6   5 
2812	1   5 
2812	2   1   6 
2814	1   6 
2814	2   1   5 
2816	1   5 
2816	1   1 
2816	2   7   2 
2818	2   6   5 
2820	2   1   6 
2822	1   6 
2822	2   5   1 
2823	1   6 
2824	1   5 
2824	1   6 
2824	1   1 
2825	1   5 
2825	1   1 
2825	6   6   3 
2831	2   5   7 
2833	1   7 
2833	2   2   5 
2835	1   5 
2835	2   2   7 
2837	1   7 
2837	1   2 
2838	2   5   7 
2840	2   2   5 
2842	1   5 
2842	2   7   2 
2843	1   5 
2844	1   7 
2844	1   2 
2844	1   5 
2845	1   7 
2846	2   7  11 
2848	1  11 
2849	2  15   7 
2851	1   7 
2851	2  15  11 
2853	1  11 
2853	1  15 
2854	2   7  11 
2856	2  15   7 
2858	1   7 
2858	2  11  15 
2859	1   7 
2860	1  11 
2860	1  15 
2860	2   7   2 
2862	2   5   7 
2864	1   7 
2864	2   2   5 
2864	2  11  15 
2866	1   5 
2866	2   2   7 
2868	1   7 
2868	1   2 
2869	2   5   7 
2871	2   2   5 
2873	1   5 
2873	2   7   2 
2874	1   5 
2875	1   2 
2875	1   7 
2875	2   9   5 
2876	2   7   2 
2878	2   3   7 
2880	1   7 
2880	2   2   3 
2882	1   3 
2882	2   2   7 
2884	1   7 
2884	1   2 
2885	2   3   7 
2887	2   2   3 
2889	1   3 
2889	2   7   2 
2890	1   3 
2891	1   7 
2891	1   2 
2891	1   3 
2892	1   7 
2893	2   7  11 
2895	1  11 
2896	2  15   7 
2898	1   7 
2898	2  15  11 
2900	1  11 
2900	1  15 
2901	2   7  11 
2903	2  15   7 
2905	1   7 
2905	2  11  15 
2906	1   7 
2907	1  11 
2907	1  15 
2907	1   7 
2908	1  11 
2909	2  11  10 
2911	1  10 
2911	2   6  11 
2913	1  11 
2913	2   6  10 
2915	1  10 
2915	1   6 
2916	2  11  10 
2918	2   6  11 
2920	1  11 
2920	2  10   6 
2921	1  11 
2922	1  10 
2922	1   6 
2922	1  11 
2923	1  10 
2924	2  10   9 
2926	1   9 
2926	2   5  10 
2928	1  10 
2928	2   5   9 
2930	1   9 
2930	1   5 
2931	2  10   9 
2933	2   5  10 
2935	1  10 
2935	2   9   5 
2936	1  10 
2937	1   9 
2937	1   5 
2937	2  10   6 
2939	2  11  10 
2941	1  10 
2941	2   6  11 
2943	1  11 
2943	2   6  10 
2945	1  10 
2945	1   6 
2945	2   9   5 
2947	2  11  10 
2949	2   6  11 
2951	1  11 
2951	2  10   6 
2952	1  11 
2953	1  10 
2953	1   6 
2953	2  11  15 
2955	2   7  11 
2957	1  11 
2957	2  10   6 
2959	2  15   7 
2961	1   7 
2961	2  15  11 
2963	1  11 
2963	1  15 
2964	2   7  11 
2966	2  15   7 
2968	1   7 
2968	2  11  15 
2969	1   7 
2970	1  11 
2970	1  15 
2970	2   7   2 
2972	2   3   7 
2974	1   7 
2974	2   2   3 
2974	2  11  15 
2976	1   3 
2976	2   2   7 
2978	1   7 
2978	1   2 
2979	2   3   7 
2981	2   2   3 
2983	1   3 
2983	2   7   2 
2984	1   3 
2985	1   7 
2985	1   2 
2985	1   3 
2986	1   7 
2986	1   2 
2987	2   7  11 
2989	1  11 
2989	6   3   1 
2995	2  15   7 
2997	1   7 
2997	2  15  11 
2999	1  11 
2999	1  15 
3000	2   7  11 
3002	2  15   7 
3004	1   7 
3004	2  11  15 
3005	1   7 
3006	1  11 
3006	1  15 
3006	1   7 
3007	1  11 
3008	2  11  10 
3010	1  10 
3010	2   6  11 
3012	1  11 
3012	2   6  10 
3014	1  10 
3014	1   6 
3015	2  11  10 
3017	2   6  11 
3019	1  11 
3019	2  10   6 
3020	1  11 
3021	1  10 
3021	1   6 
3021	1  11 
3022	1  10 
3023	2  10   9 
3025	1   9 
3025	2   5  10 
3027	1  10 
3027	2   5   9 
3029	1   9 
3029	1   5 
3030	2  10   9 
3032	2   5  10 
3034	1  10 
3034	2   9   5 
3035	1  10 
3036	1   5 
3036	1   9 
3036	2  10   6 
3038	2  11  10 
3038	2   5   2 
3040	1  10 
3040	2   6  11 
3042	1  11 
3042	2   6  10 
3044	1  10 
3044	1   6 
3044	2   1   5 
3045	2  11  10 
3046	1   5 
3046	2   2   1 
3048	1   1 
3048	2   6  11 
3050	1  11 
3050	2   2   5 
3051	1  11 
3052	1   5 
3052	1   2 
3052	2  11  15 
3053	2   1   5 
3054	2   7  11 
3055	2   2   1 
3056	1  11 
3057	1   1 
3057	2  15   7 
3058	1   1 
3059	1   7 
3059	1   1 
3059	2  15  11 
3059	2   5   2 
3061	1  11 
3061	1  15 
3061	1   5 
3061	1   2 
3061	2  10   6 
3062	1   5 
3063	1  10 
3063	1   6 
3063	2   7  11 
3065	2  15   7 
3067	1   7 
3067	2  11  15 
3068	1   7 
3069	1  11 
3069	1  15 
3069	2   6   7 
3071	2   9  11 
3073	2   5   9 
3075	1   9 
3075	2  10  15 
3077	6   7   5 
3083	2  11   7 
3085	1   7 
3085	6   9   6 
3085	6  15  14 
3091	2  11   6 
3093	1   6 
3093	1  11 
3093	6   3   1 
3099	2   7   6 
3101	2  11   7 
3103	1   7 
3103	2   6  11 
3104	1   7 
3105	1   6 
3105	1  11 
3105	1   7 
3106	1   6 
3107	2   6  10 
3109	1  10 
3109	6  11   6 
3115	2  14  11 
3117	1  11 
3117	2  14  10 
3119	1  10 
3119	1  14 
3120	2  11  10 
3122	2  14  11 
3124	1  11 
3124	2  10  14 
3125	1  11 
3126	1  10 
3126	1  14 
3126	1  11 
3127	1  10 
3128	2  10   9 
3130	1   9 
3130	2   5  10 
3132	1  10 
3132	2   5   9 
3134	1   9 
3134	1   5 
3135	2  10   9 
3137	2   5  10 
3139	1  10 
3139	2   9   5 
3140	1  10 
3141	1   9 
3141	1   5 
3141	2  10  14 
3143	2  11  10 
3145	1  10 
3145	2  14  11 
3145	2   9   5 
3147	1  11 
3147	2  14  10 
3149	1  10 
3149	1  14 
3150	2  11  10 
3152	2  14  11 
3154	1  11 
3154	2  10  14 
3155	1  11 
3156	1  10 
3156	1  14 
3156	2  11   6 
3158	2   7  11 
3160	1  11 
3160	2   6   7 
3162	1   7 
3162	2   6  11 
3164	1  11 
3164	1   6 
3164	2  10  14 
3166	2   7  11 
3168	2   6   7 
3170	1   7 
3170	2  11   6 
3171	1   7 
3172	1   6 
3172	1  11 
3172	2   7   2 
3174	2   3   7 
3176	1   7 
3176	2   2   3 
3178	1   3 
3178	2   2   7 
3180	1   7 
3180	1   2 
3180	2  11   6 
3182	2   3   7 
3184	2   2   3 
3186	1   3 
3186	2   7   2 
3187	1   3 
3188	1   7 
3188	1   2 
3188	1   3 
3189	1   7 
3190	2   7  11 
3192	1  11 
3192	2   6   7 
3194	1   7 
3194	2   6  11 
3196	1  11 
3196	1   6 
3197	2   7  11 
3199	2   6   7 
3201	1   7 
3201	2  11   6 
3202	1   7 
3203	1  11 
3203	1   6 
3203	1   7 
3204	1  11 
3205	2  11  10 
3207	1  10 
3207	2  14  11 
3209	1  11 
3209	2  14  10 
3211	1  10 
3211	1  14 
3212	2  11  10 
3214	2  14  11 
3216	1  11 
3216	2  10  14 
3217	1  11 
3218	1  10 
3218	1  14 
3218	1  11 
3219	1  10 
3220	2  10   9 
3222	1   9 
3222	2   5  10 
3224	1  10 
3224	2   5   9 
3226	1   9 
3226	1   5 
3227	2  10   9 
3229	2   5  10 
3231	1  10 
3231	2   9   5 
3232	1  10 
3233	1   5 
3233	1   9 
3233	2  10  14 
3235	2  11  10 
3237	1  10 
3237	2  14  11 
3239	1  11 
3239	2  14  10 
3241	1  10 
3241	1  14 
3242	2  11  10 
3244	2  14  11 
3246	1  11 
3246	2  10  14 
3247	1  11 
3248	1  14 
3248	1  10 
3248	2  11   6 
3249	1  10 
3250	2   7  11 
3250	2  14   9 
3252	1  11 
3252	2   6   7 
3252	6  14   9 
3254	1   7 
3258	2   6  11 
3258	6  14  13 
3260	1  11 
3260	1   6 
3261	2   7  11 
3263	2   6   7 
3265	1   7 
3265	2  11   6 
3266	1   7 
3267	1   6 
3267	1  11 
3267	2   7   2 
3269	2   3   7 
3271	1   7 
3271	2   2   3 
3273	1   3 
3273	2   2   7 
3275	1   7 
3275	1   2 
3275	2   5   6 
3277	2   3   7 
3279	2   2   3 
3281	1   3 
3281	2   7   2 
3282	1   3 
3283	1   7 
3283	1   2 
3283	1   3 
3284	1   7 
3285	2   7   5 
3287	1   5 
3287	2   6   7 
3289	1   7 
3289	2   6   5 
3291	1   5 
3291	1   6 
3292	2   7   5 
3294	2   6   7 
3296	1   7 
3296	2   5   6 
3297	1   7 
3298	1   5 
3298	1   6 
3298	1   7 
3299	1   5 
3300	2   5   9 
3302	1   9 
3303	2  13   5 
3305	1   5 
3305	2  13   9 
3307	1   9 
3307	1  13 
3308	2   5   9 
3310	2  13   5 
3312	1   5 
3312	2   9  13 
3313	1   5 
3314	1   9 
3314	1  13 
3314	2   5   6 
3316	2   7   5 
3318	1   5 
3318	2   6   7 
3318	2   9  13 
3320	1   7 
3320	2   6   5 
3322	1   5 
3322	1   6 
3323	2   7   5 
3325	2   6   7 
3327	1   7 
3327	2   5   6 
3328	1   7 
3329	1   6 
3329	1   5 
3329	2   7   2 
3331	2   3   7 
3333	1   7 
3333	2   2   3 
3335	1   3 
3335	2   2   7 
3337	1   7 
3337	1   2 
3337	2   5   6 
3339	2   3   7 
3341	2   2   3 
3343	1   3 
3343	2   7   2 
3344	1   3 
3345	1   7 
3345	1   3 
3345	1   2 
3346	1   7 
3347	2   7   5 
3349	1   5 
3349	2   6   7 
3351	1   7 
3351	2   6   5 
3353	1   5 
3353	1   6 
3354	2   7   5 
3356	2   6   7 
3358	1   7 
3358	2   5   6 
3359	1   7 
3360	1   5 
3360	1   6 
3360	1   7 
3361	1   5 
3362	2   5   9 
3364	1   9 
3365	2  13   5 
3367	1   5 
3367	2  13   9 
3369	1   9 
3369	1  13 
3370	2   5   9 
3372	2  13   5 
3374	1   5 
3374	2   9  13 
3375	1   5 
3376	1  13 
3376	1   9 
3376	2   5   6 
3377	1  13 
3378	2   7   5 
3378	6  14  13 
3380	1   5 
3380	2   6   7 
3382	1   7 
3382	2   6   5 
3384	1   5 
3384	1   6 
3384	6  14  11 
3390	2   7   5 
3392	2   6   7 
3394	1   7 
3394	2   5   6 
3395	1   7 
3396	1   6 
3396	1   5 
3396	1   7 
3397	1   6 
3397	2  11   7 
3399	2   5   6 
3401	2  10   5 
3403	1   5 
3403	2   6  10 
3405	1  10 
3405	2   6   5 
3407	1   5 
3407	1   6 
3408	2  10   5 
3410	2   6  10 
3412	1  10 
3412	2   5   6 
3413	1  10 
3414	1   5 
3414	1   6 
3414	1  10 
3415	1   5 
3415	6  11   6 
3421	2   5   6 
3423	1   6 
3423	6  10   5 
3429	2   7  10 
3431	1  10 
3431	2   7   6 
3433	1   6 
3433	1   7 
3434	2  10   6 
3436	2   7  10 
3438	1  10 
3438	2   6   7 
3439	1  10 
3440	1   6 
3440	1   7 
3440	2  10  11 
3442	2   5  10 
3444	1  10 
3444	2   6   7 
3446	6   7   5 
3452	2  11   7 
3454	1   7 
3454	2  11  10 
3454	6   3   2 
3456	1  10 
3456	1  11 
3460	2   7  10 
3462	2  11   7 
3464	1   7 
3464	2  10  11 
3465	1   7 
3466	1  10 
3466	1  11 
3466	6   7   2 
3467	1  10 
3466	6  14  13 
3472	2  10   6 
3474	1   6 
3474	2   5  10 
3476	1  10 
3476	2   5   6 
3478	1   6 
3478	1   5 
3479	2  10   6 
3481	2   5  10 
3483	1  10 
3483	2   6   5 
3484	1  10 
3485	1   6 
3485	1   5 
3485	2  10  11 
3487	2   7  10 
3489	1  10 
3489	2  11   7 
3491	1   7 
3491	2  11  10 
3493	1  10 
3493	1  11 
3493	2   6   5 
3495	2   7  10 
3497	2  11   7 
3499	1   7 
3499	2  10  11 
3500	1   7 
3501	1  10 
3501	1  11 
3501	1   7 
3502	1  10 
3503	2  10   6 
3505	1   6 
3505	2   5  10 
3507	1  10 
3507	2   5   6 
3509	1   6 
3509	1   5 
3510	2  10   6 
3512	2   5  10 
3514	1  10 
3514	2   6   5 
3515	1  10 
3516	1   6 
3516	1   5 
3516	2  10  11 
3518	2   7  10 
3520	1  10 
3520	2  11   7 
3522	1   7 
3522	2  11  10 
3524	1  10 
3524	1  11 
3524	2   6   5 
3526	2   7  10 
3528	2  11   7 
3530	1   7 
3530	2  10  11 
3531	1   7 
3532	1  10 
3532	1  11 
3532	1   7 
3533	1  10 
3534	2  10   6 
3536	1   6 
3536	2   5  10 
3538	1  10 
3538	2   5   6 
3540	1   6 
3540	1   5 
3541	2  10   6 
3543	2   5  10 
3545	1  10 
3545	2   6   5 
3546	1  10 
3547	1   5 
3547	1   6 
3547	2  10  11 
3548	1   6 
3549	2   9   5 
3551	2   1   9 
3553	1   9 
3553	2   7  10 
3553	2   5   1 
3555	1  10 
3555	1   1 
3555	2  11   7 
3555	2   5   9 
3557	1   9 
3557	1   7 
3557	1   5 
3557	2  11  10 
3559	1  10 
3559	1  11 
3560	2   1   9 
3562	2   7  10 
3562	2   5   1 
3564	1   1 
3564	2  11   7 
3564	2   9   5 
3565	1   1 
3566	1   9 
3566	1   5 
3566	1   7 
3566	1   1 
3566	2  10  11 
3567	1   7 
3568	1  10 
3568	1  11 
3568	1   7 
3568	2   9   6 
3569	1  10 
3570	2  10   9 
3570	6   3   1 
3572	1   9 
3576	2   6  10 
3578	1  10 
3578	2   6   9 
3580	1   9 
3580	1   6 
3581	2  10   9 
3583	2   6  10 
3585	1  10 
3585	2   9   6 
3586	1  10 
3587	1   9 
3587	1   6 
3587	1  10 
3588	1   9 
3589	2  13   5 
3591	2   9  13 
3593	1  13 
3593	2   5   9 
3595	1   9 
3596	2   5  13 
3598	1  13 
3598	1   5 
3599	2   9  13 
3601	2   5   9 
3603	1   9 
3604	1   9 
3605	2   9   6 
3607	2  10   9 
3609	1   9 
3609	2   6  10 
3611	1  10 
3611	2   6   9 
3613	1   9 
3613	1   6 
3614	2  10   9 
3616	2   6  10 
3618	1  10 
3618	2   9   6 
3619	1  10 
3620	1   9 
3620	1   6 
3620	2  10  11 
3622	2   7  10 
3624	1  10 
3624	2  11   7 
3624	2  13   5 
3626	1   7 
3626	1  13 
3626	1   5 
3626	2  11  10 
3628	1  10 
3628	1  11 
3628	2   9   6 
3630	2   7  10 
3632	2  11   7 
3632	2  13   5 
3634	1   7 
3634	2  10  11 
3635	1   7 
3636	1  10 
3636	1  11 
3636	1   7 
3637	1  10 
3637	1  11 
3638	2  10   9 
3640	1   9 
3640	2   6  10 
3642	1  10 
3642	2   6   9 
3642	6  15  11 
3644	1   9 
3644	1   6 
3648	2  10   9 
3650	2   6  10 
3652	1  10 
3652	2   9   6 
3653	1  10 
3654	1   9 
3654	1   6 
3654	1  10 
3654	6  11   7 
3655	1   9 
3656	2   9  13 
3658	1  13 
3658	2   5   9 
3660	1   9 
3660	6  14  11 
3660	6   4   1 
3666	2   5  13 
3668	1  13 
3668	1   5 
3668	6   8   4 
3674	2   9  13 
3676	2   5   9 
3678	1   9 
3679	1   9 
3680	2  13   5 
3682	1  13 
3682	1   5 
3682	2   9   6 
3684	2  13  15 
3686	2  10   9 
3688	1   9 
3688	2  14  13 
3690	1  13 
3690	2   6  10 
3692	1  10 
3692	2  15  14 
3692	2   6   9 
3694	1   9 
3694	1  14 
3694	1   6 
3695	2  15  13 
3697	1  13 
3697	1  15 
3697	2  10   9 
3699	2  14  13 
3701	2   6  10 
3703	1  10 
3703	2  15  14 
3703	2   9   6 
3704	1  10 
3705	1   9 
3705	1   6 
3705	1  14 
3705	2  10   5 
3706	1  14 
3707	1  14 
3707	2   8   9 
3707	2   2   6 
3709	2  13  15 
3709	6   5   2 
3711	1  13 
3711	1  15 
3712	1  13 
3715	2  13   8 
3715	6  10   6 
3717	1   8 
3721	2   9  13 
3721	6   3   1 
3723	1  13 
3723	2   9   8 
3725	1   8 
3725	1   9 
3726	2  13   8 
3728	2   9  13 
3728	6   4   1 
3730	1  13 
3731	1  13 
3732	1  13 
3734	2   8   9 
3736	1   8 
3736	1   9 
3737	1   8 
3738	2   8   5 
3740	1   5 
3740	2  10   8 
3742	1   8 
3742	2  10   5 
3744	1   5 
3744	1  10 
3745	2   8   5 
3747	2  10   8 
3749	1   8 
3749	2   5  10 
3750	1   8 
3751	1   5 
3751	1  10 
3751	1   8 
3752	1   5 
3753	2   5   6 
3755	1   6 
3755	2   2   5 
3757	1   5 
3757	2   2   6 
3758	6  12   4 
3759	1   6 
3759	1   2 
3764	2   5   6 
3766	2   2   5 
3768	1   5 
3768	2   6   2 
3769	1   5 
3770	1   6 
3770	1   2 
3770	2   5  10 
3772	2   8   5 
3774	1   5 
3774	2  10   8 
3776	1   8 
3776	2  10   5 
3778	1   5 
3778	1  10 
3778	2   6   2 
3780	2   8   5 
3782	2  10   8 
3784	1   8 
3784	2   5  10 
3785	1   8 
3786	1   5 
3786	1  10 
3786	2   8   9 
3788	2  13   8 
3790	1   8 
3790	2   9  13 
3792	1  13 
3792	2   9   8 
3794	1   8 
3794	1   9 
3794	2   5  10 
3796	2  13   8 
3798	2   9  13 
3800	1  13 
3800	2   8   9 
3801	1  13 
3802	1   8 
3802	1   9 
3803	2  13  15 
3805	2  14  13 
3807	1  13 
3807	2  15  14 
3807	2   8   9 
3809	1  14 
3810	2  15  13 
3812	1  13 
3812	1  15 
3813	2  14  13 
3815	2  15  14 
3817	1  14 
3818	1  14 
3819	1  14 
3820	2  13  15 
3822	1  13 
3822	1  15 
3823	1  13 
3824	2  13   8 
3826	1   8 
3826	2   9  13 
3828	1  13 
3828	2   9   8 
3830	1   8 
3830	1   9 
3831	2  13   8 
3833	2   9  13 
3835	1  13 
3835	2   8   9 
3836	1  13 
3837	1   8 
3837	1   9 
3837	1  13 
3838	1   8 
3839	2   8   5 
3841	1   5 
3841	2  10   8 
3843	1   8 
3843	2  10   5 
3845	1   5 
3845	1  10 
3846	2   8   5 
3848	2  10   8 
3850	1   8 
3850	2   5  10 
3851	1   8 
3852	1   5 
3852	1  10 
3852	1   8 
3853	1   5 
3854	2   5   6 
3856	1   6 
3856	2   2   5 
3858	1   5 
3858	2   2   6 
3860	1   6 
3860	1   2 
3861	2   5   6 
3863	2   2   5 
3865	1   5 
3865	2   6   2 
3866	1   5 
3867	1   6 
3867	1   2 
3867	2   5  10 
3869	2   8   5 
3871	1   5 
3871	2  10   8 
3873	1   8 
3873	2  10   5 
3875	1   5 
3875	1  10 
3876	2   8   5 
3878	2  10   8 
3880	1   8 
3880	2   5  10 
3881	1   8 
3882	1  10 
3882	1   5 
3882	2   8   9 
3884	2  13   8 
3886	1   8 
3886	2   9  13 
3888	1  13 
3888	2   9   8 
3890	1   8 
3890	1   9 
3890	2  10  15 
3892	2  13   8 
3894	2   9  13 
3896	1  13 
3896	2   8   9 
3897	1  13 
3898	1   8 
3898	1  13 
3898	1   9 
3898	6  14  10 
3899	1   9 
3882	6   2   1 
3898	6   4   1 
3904	2   8  13 
3906	2  12   8 
3908	1   8 
3908	2  13  12 
3909	6   6   4 
3910	1  12 
3915	2  13   8 
3917	1   8 
3917	1  13 
3917	2   5   9 
3919	2  12   8 
3919	6  14   6 
3925	2  13  12 
3927	1  12 
3927	2   8  13 
3928	1  12 
3929	1   8 
3929	1  13 
3929	1  12 
3929	6   9   4 
3925	6  15  11 
3935	2   8  13 
3937	2  10   8 
3939	1   8 
3939	2  13  10 
3941	1  10 
3941	2  13   8 
3943	1   8 
3943	1  13 
3944	2  10   8 
3946	2  13  10 
3948	1  10 
3948	2   8  13 
3949	1  10 
3950	1   8 
3950	1  10 
3950	1  13 
3951	2   9   8 
3953	2  10   9 
3955	1   9 
3955	2  13  14 
3957	2   8  10 
3959	1  10 
3959	2   8   9 
3961	1   9 
3961	1   8 
3962	2  10   9 
3964	2   8  10 
3966	1  10 
3966	2   9   8 
3967	1  10 
3968	1   9 
3968	1   8 
3968	1  10 
3969	1   9 
3969	6  14  10 
3975	2   9   6 
3977	1   6 
3977	2  11   9 
3979	1   9 
3979	2  11   6 
3981	1   6 
3981	1  11 
3981	6  14  12 
3981	6   4   1 
3987	2   9   6 
3989	2  11   9 
3991	1   9 
3991	2   6  11 
3992	1   9 
3993	1   6 
3993	1  11 
3993	1   9 
3994	1   6 
3995	2   6   5 
3997	1   5 
3997	2   1   6 
3999	1   6 
3999	2   1   5 
4001	1   5 
4001	1   1 
4002	2   6   5 
4004	2   1   6 
4006	1   6 
4006	2   5   1 
4007	1   6 
4008	1   5 
4008	1   1 
4008	1   6 
4009	1   5 
4010	2   5  13 
4012	1  13 
4012	2  10   5 
4014	1   5 
4014	2  10  13 
4016	1  13 
4016	1  10 
4017	2   5  13 
4019	2  10   5 
4021	1   5 
4021	2  13  10 
4022	1   5 
4023	1  13 
4023	1  10 
4023	2   5   1 
4024	2  13  10 
4026	2   6   5 
4028	1   5 
4028	2   1   6 
4030	1   6 
4030	2   1   5 
4032	1   5 
4032	1   1 
4033	2   6   5 
4035	2   1   6 
4037	1   6 
4037	2   5   1 
4038	1   6 
4039	1   5 
4039	1   1 
4039	2   6  11 
4041	2   9   6 
4043	1   6 
4043	2  11   9 
4045	1   9 
4045	2  11   6 
4047	1   6 
4047	1  11 
4047	2   5   1 
4049	2   9   6 
4051	2  11   9 
4053	1   9 
4053	2   6  11 
4054	1   9 
4055	1  11 
4055	1   6 
4055	2   9   8 
4056	2   6  11 
4058	2  12   9 
4060	1   9 
4060	2   8  12 
4062	1  12 
4062	2   8   9 
4064	1   9 
4064	1   8 
4065	2  12   9 
4067	2   8  12 
4069	1  12 
4069	2   9   8 
4070	1  12 
4071	1   9 
4071	1   8 
4071	1  12 
4072	1   9 
4073	2   9   6 
4075	1   6 
4075	2  11   9 
4077	1   9 
4077	2  11   6 
4079	1   6 
4079	1  11 
4080	2   9   6 
4082	2  11   9 
4084	1   9 
4084	2   6  11 
4085	1   9 
4086	1   6 
4086	1  11 
4086	1   9 
4087	1   6 
4088	2   6   5 
4090	1   5 
4090	2   1   6 
4092	1   6 
4092	2   1   5 
4094	1   5 
4094	1   1 
4095	2   6   5 
4097	2   1   6 
4099	1   6 
4099	2   5   1 
4100	1   6 
4101	1   5 
4101	1   1 
4101	1   6 
4102	1   5 
4103	2   5  13 
4105	1  13 
4105	2  10   5 
4107	1   5 
4107	2  10  13 
4109	1  13 
4109	1  10 
4110	2   5  13 
4112	2  10   5 
4114	1   5 
4114	2  13  10 
4115	1   5 
4116	1  13 
4116	1  10 
4116	2   5   1 
4117	2  13  10 
4119	2   6   5 
4121	1   5 
4121	2   1   6 
4123	1   6 
4123	2   1   5 
4123	6  11  10 
4125	1   5 
4125	1   1 
4129	2   6   5 
4131	2   1   6 
4133	1   6 
4133	2   5   1 
4134	1   6 
4135	1   1 
4135	1   5 
4135	2   6  10 
4137	2   9   6 
4139	1   6 
4139	2  10   9 
4139	6   2   1 
4141	1   9 
4145	2  10   6 
4147	1   6 
4147	1  10 
4147	6   5   2 
4147	6  14  13 
4153	2   9   6 
4155	2  10   9 
4155	6   7   2 
4157	1   9 
4158	1   9 
4159	2   9   8 
4157	6  15  14 
4161	2  12   9 
4163	1   9 
4163	2   8  12 
4163	2   6  10 
4165	1  12 
4165	1  10 
4165	1   6 
4165	2   8   9 
4166	2   7   6 
4167	1   9 
4167	1   8 
4168	2  12   9 
4170	2   8  12 
4170	2  10   5 
4172	1  12 
4172	2   9   8 
4173	1  12 
4174	1   9 
4174	1   8 
4174	1  12 
4175	1   9 
4176	2   9  10 
4178	1  10 
4178	2   5   9 
4180	1   9 
4180	2   5  10 
4182	1  10 
4182	1   5 
4183	2   9  10 
4185	2   5   9 
4187	1   9 
4187	2  10   5 
4188	1   9 
4189	1  10 
4189	1   5 
4189	1   9 
4190	1  10 
4191	2  10   7 
4193	1   7 
4193	2   6  10 
4195	1  10 
4195	2   6   7 
4197	1   7 
4197	1   6 
4198	2  10   7 
4200	2   6  10 
4202	1  10 
4202	2   7   6 
4203	1  10 
4204	1   7 
4204	1   6 
4204	1  10 
4205	1   7 
4206	2   7  15 
4208	1  15 
4208	2  11   7 
4210	1   7 
4210	2  11  15 
4212	1  15 
4212	1  11 
4213	2   7  15 
4215	2  11   7 
4217	1   7 
4217	2  15  11 
4218	1   7 
4219	1  15 
4219	1  11 
4219	2   7   6 
4221	2  10   7 
4223	1   7 
4223	2   6  10 
4225	1  10 
4225	2   6   7 
4227	1   7 
4227	1   6 
4227	2  15  11 
4229	2  10   7 
4231	2   6  10 
4233	1  10 
4233	2   7   6 
4234	1  10 
4235	1   7 
4235	1   6 
4235	2  10   5 
4237	2   9  10 
4239	1  10 
4239	2   5   9 
4241	1   9 
4241	2   5  10 
4243	1  10 
4243	1   5 
4243	2   7   6 
4245	2   9  10 
4247	2   5   9 
4249	1   9 
4249	2  10   5 
4250	1   9 
4251	1  10 
4251	1   5 
4251	2   9   8 
4253	2  12   9 
4255	1   9 
4255	2   8  12 
4255	2  10   5 
4257	1  12 
4257	2   8   9 
4259	1   9 
4259	1   8 
4260	2  12   9 
4262	2   8  12 
4264	1  12 
4264	2   9   8 
4265	1  12 
4266	1   9 
4266	1  12 
4266	1   8 
4267	1   9 
4267	6  14  12 
4273	2   9  10 
4275	1  10 
4275	2   5   9 
4277	1   9 
4277	2   5  10 
4279	1  10 
4279	1   5 
4280	2   9  10 
4282	2   5   9 
4284	1   9 
4284	2  10   5 
4285	1   9 
4286	1  10 
4286	1   5 
4286	1   9 
4287	1  10 
4288	2  10   7 
4290	1   7 
4290	2   6  10 
4292	1  10 
4292	2   6   7 
4294	1   7 
4294	1   6 
4295	2  10   7 
4297	2   6  10 
4299	1  10 
4299	2   7   6 
4300	1  10 
4301	1   7 
4301	1   6 
4301	1  10 
4302	1   7 
4303	2   7  15 
4305	1  15 
4305	2  11   7 
4307	1   7 
4307	2  11  15 
4309	1  15 
4309	1  11 
4310	2   7  15 
4312	2  11   7 
4314	1   7 
4314	2  15  11 
4315	1   7 
4316	1  11 
4316	1  15 
4316	2   7   6 
4317	6  15  13 
4323	2  10   7 
4325	1   7 
4325	2   6  10 
4327	1  10 
4327	2   6   7 
4329	1   7 
4329	1   6 
4329	6  14  11 
4335	2  10   7 
4337	2   6  10 
4339	1  10 
4339	2   7   6 
4340	1  10 
4341	1   7 
4341	1   6 
4341	2  10   5 
4343	2   9  10 
4345	1  10 
4345	2   5   9 
4347	1   9 
4347	2   5  10 
4349	1  10 
4349	1   5 
4349	2   7   6 
4351	2   9  10 
4353	2   5   9 
4355	1   9 
4355	2  10   5 
4356	1   9 
4357	1  10 
4357	1   5 
4357	2  13   9 
4358	1   5 
4359	2  14  10 
4359	2   8   5 
4361	2  11  14 
4361	6   9   8 
4363	1  14 
4367	2  10  11 
4369	1  11 
4369	2  10  14 
4371	1  14 
4371	1  10 
4372	2  11  14 
4371	6   6   5 
4377	2  10  11 
4379	1  11 
4379	2  14  10 
4380	1  11 
4381	1  14 
4381	1  10 
4381	1  11 
4382	1  14 
4382	6   7   5 
4388	2  14   9 
4388	6  11   7 
4390	1   9 
4394	2   6  14 
4396	1  14 
4396	2   6   9 
4398	1   9 
4398	1   6 
4398	6  10   5 
4404	2  14   9 
4406	2   6  14 
4408	1  14 
4408	2   9   6 
4409	1  14 
4410	1   9 
4410	1   6 
4410	1  14 
4411	1   9 
4411	6  14   6 
4417	2   9  10 
4419	1  10 
4420	2  11   9 
4422	1   9 
4422	2  11  10 
4424	1  10 
4424	1  11 
4425	2   9  10 
4427	2  11   9 
4429	1   9 
4429	2  10  11 
4430	1   9 
4431	1  10 
4431	1  11 
4431	1   9 
4432	1  10 
4433	2  10  13 
4435	1  13 
4435	2   8  10 
4437	1  10 
4437	2   8  13 
4439	1  13 
4439	1   8 
4440	2  10  13 
4442	2   8  10 
4444	1  10 
4444	2  13   8 
4445	1  10 
4446	1  13 
4446	1   8 
4446	2  10  11 
4447	2  13   8 
4449	2   9  10 
4451	1  10 
4452	2  11   9 
4454	1   9 
4454	2  11  10 
4456	1  10 
4456	1  11 
4457	2   9  10 
4459	2  11   9 
4461	1   9 
4461	2  10  11 
4462	1   9 
4463	1  10 
4463	1  11 
4463	2   9  14 
4465	2   6   9 
4467	1   9 
4467	2  14   6 
4469	1   6 
4469	2  14   9 
4471	1   9 
4471	1  14 
4471	2  10  11 
4473	2   6   9 
4475	2  14   6 
4477	1   6 
4477	2   9  14 
4478	1   6 
4479	1   9 
4479	1  14 
4479	2   6   5 
4481	2   7   6 
4481	2   9  14 
4483	1   6 
4484	2   5   7 
4486	1   7 
4486	2   5   6 
4488	1   6 
4488	1   5 
4489	2   7   6 
4491	2   5   7 
4493	1   7 
4493	2   6   5 
4494	1   7 
4495	1   6 
4495	1   7 
4495	1   5 
4496	1   6 
4497	2   6   9 
4499	1   9 
4499	2  14   6 
4501	1   6 
4501	2  14   9 
4503	1   9 
4503	1  14 
4504	2   6   9 
4506	2  14   6 
4508	1   6 
4508	2   9  14 
4509	1   6 
4510	1   9 
4510	1  14 
4510	1   6 
4511	1   9 
4511	6  14   6 
4517	2   9  10 
4519	1  10 
4520	2  11   9 
4522	1   9 
4522	2  11  10 
4524	1  10 
4524	1  11 
4525	2   9  10 
4527	2  11   9 
4529	1   9 
4529	2  10  11 
4530	1   9 
4531	1  10 
4531	1  11 
4531	1   9 
4532	1  10 
4533	2  10  13 
4535	1  13 
4535	2   8  10 
4537	1  10 
4537	2   8  13 
4539	1  13 
4539	1   8 
4540	2  10  13 
4542	2   8  10 
4544	1  10 
4544	2  13   8 
4545	1  10 
4546	1  13 
4546	1   8 
4546	2  10  11 
4547	6  12   8 
4553	2   9  10 
4555	1  10 
4556	2  11   9 
4558	1   9 
4558	2  11  10 
4560	1  10 
4560	1  11 
4561	2   9  10 
4563	2  11   9 
4565	1   9 
4565	2  10  11 
4566	1   9 
4567	1  11 
4567	1  10 
4567	2   9   6 
4569	2  14   9 
4571	1   9 
4571	2   6  14 
4573	1  14 
4573	2   6   9 
4575	1   9 
4575	1   6 
4575	2  10  13 
4577	2  14   9 
4579	2   6  14 
4581	1  14 
4581	2   9   6 
4582	1  14 
4583	1   9 
4583	1   6 
4583	2  12  14 
4584	1   9 
4584	2   5   6 
4586	2  11   9 
4588	2   7  11 
4590	1  11 
4590	6   9   6 
4596	2   6   7 
4598	1   7 
4598	2   6  11 
4600	1  11 
4600	1   6 
4600	6  10   5 
4596	6  12   8 
4606	2   7  11 
4606	6  13   5 
4612	2   6   7 
4612	6  14   9 
4614	1   7 
4615	1   7 
4616	1   7 
4618	2  11   6 
4620	1  11 
4620	1   6 
4621	1  11 
4622	2  11  10 
4624	1  10 
4624	2  14  11 
4626	1  11 
4626	2  14  10 
4628	1  10 
4628	1  14 
4629	2  11  10 
4631	2  14  11 
4633	1  11 
4633	2  10  14 
4634	1  11 
4635	1  10 
4635	1  14 
4635	1  11 
4636	1  10 
4637	2  10  13 
4639	1  13 
4639	2   5  10 
4641	1  10 
4641	2   5  13 
4643	1  13 
4643	1   5 
4644	2  10  13 
4646	2   5  10 
4648	1  10 
4648	2  13   5 
4649	1  10 
4650	1  13 
4650	1   5 
4650	1  10 
4651	1  13 
4652	2  13   8 
4654	1   8 
4654	2   9  13 
4656	1  13 
4656	2   9   8 
4658	1   8 
4658	1   9 
4659	2  13   8 
4661	2   9  13 
4663	1  13 
4663	2   8   9 
4664	1  13 
4665	1   8 
4665	1   9 
4666	2  13   5 
4668	2  10  13 
4670	1  13 
4670	2   5  10 
4672	1  10 
4672	2   5  13 
4674	1  13 
4674	1   5 
4674	2   8   9 
4676	2  10  13 
4678	2   5  10 
4680	1  10 
4680	2  13   5 
4681	1  10 
4682	1  13 
4682	1   5 
4682	2  10  14 
4684	2  11  10 
4686	1  10 
4686	2  14  11 
4688	1  11 
4688	2  14  10 
4690	1  10 
4690	1  14 
4691	2  11  10 
4693	2  14  11 
4695	1  11 
4695	2  10  14 
4696	1  11 
4697	1  10 
4697	1  14 
4697	2  11   6 
4699	2   7  11 
4699	2  13   5 
4701	1  11 
4701	2   6   7 
4703	1   7 
4703	2   6  11 
4705	1  11 
4705	1   6 
4705	2  10  14 
4707	2   7  11 
4709	2   6   7 
4711	1   7 
4711	2  11   6 
4712	1   7 
4713	1  11 
4713	1   7 
4713	1   6 
4714	1  11 
4715	2  11  10 
4717	1  10 
4717	2  14  11 
4719	1  11 
4719	2  14  10 
4721	1  10 
4721	1  14 
4722	2  11  10 
4724	2  14  11 
4726	1  11 
4726	2  10  14 
4727	1  11 
4728	1  10 
4728	1  14 
4728	1  11 
4729	1  10 
4730	2  10  13 
4732	1  13 
4732	2   5  10 
4734	1  10 
4734	2   5  13 
4736	1  13 
4736	1   5 
4737	2  10  13 
4739	2   5  10 
4741	1  10 
4741	2  13   5 
4742	1  10 
4743	1  13 
4743	1   5 
4743	1  10 
4744	1  13 
4745	2  13   8 
4747	1   8 
4747	2   9  13 
4749	1  13 
4749	2   9   8 
4751	1   8 
4751	1   9 
4752	2  13   8 
4754	2   9  13 
4756	1  13 
4756	2   8   9 
4757	1  13 
4758	1   8 
4758	1   9 
4759	2  13   5 
4761	2  10  13 
4763	1  13 
4763	2   5  10 
4765	1  10 
4765	2   5  13 
4767	1  13 
4767	1   5 
4767	2   8   9 
4769	2  10  13 
4771	2   5  10 
4773	1  10 
4773	2  13   5 
4774	1  10 
4775	1   5 
4775	1  13 
4775	2  10  14 
4776	1  13 
4777	2  11  10 
4779	1  10 
4779	2  14  11 
4779	6   6   5 
4781	1  11 
4785	2  14  10 
4787	1  10 
4787	1  14 
4788	2  11  10 
4790	2  14  11 
4792	1  11 
4792	2  10  14 
4793	1  11 
4794	1  10 
4794	1  14 
4794	2  11   6 
4796	2  15  11 
4798	1  11 
4798	6  14   6 
4804	2  14  15 
4804	6   9   8 
4806	1  15 
4806	2  14  11 
4808	1  11 
4808	1  14 
4809	2  15  11 
4810	6   8   5 
4811	2  14  15 
4813	1  15 
4813	2  11  14 
4814	1  15 
4815	1  11 
4815	1  14 
4815	1  15 
4816	1  11 
4816	6  10   5 
4822	2  11   9 
4824	1   9 
4824	2  10  11 
4826	1  11 
4826	2  10   9 
4828	1   9 
4828	1  10 
4828	6   6   5 
4834	2  11   9 
4836	2  10  11 
4838	1  11 
4838	2   9  10 
4839	1  11 
4840	1   9 
4840	1  10 
4840	2  11  14 
4842	2  15  11 
4844	1  11 
4844	2  14  15 
4846	1  15 
4846	2  14  11 
4848	1  11 
4848	1  14 
4848	2   9  10 
4850	2  15  11 
4852	2  14  15 
4854	1  15 
4854	2  11  14 
4855	1  15 
4856	1  11 
4856	1  14 
4857	1  11 
4858	2  11   9 
4860	1   9 
4860	2  10  11 
4862	1  11 
4862	2  10   9 
4864	1   9 
4864	1  10 
4865	2  11   9 
4867	2  10  11 
4869	1  11 
4869	2   9  10 
4870	1  11 
4871	1  10 
4871	1   9 
4871	2   6  11 
4872	2   9   8 
4874	2  10  15 
4876	2   7  10 
4878	1  10 
4878	2  15   7 
4880	1   7 
4880	2  15  10 
4882	1  10 
4882	1  15 
4883	2   7  10 
4885	2  15   7 
4887	1   7 
4887	2  10  15 
4888	1   7 
4889	1  10 
4889	1  15 
4889	1   7 
4890	1  10 
4891	2  10   9 
4893	1   9 
4894	2   8  10 
4896	1  10 
4896	2   8   9 
4898	1   9 
4898	1   8 
4899	2  10   9 
4901	2   8  10 
4903	1  10 
4903	2   9   8 
4904	1  10 
4905	1   9 
4905	1   8 
4905	1  10 
4906	1   9 
4907	2   9   6 
4909	1   6 
4909	2  11   9 
4911	1   9 
4911	2  11   6 
4913	1   6 
4913	1  11 
4914	2   9   6 
4916	2  11   9 
4918	1   9 
4918	2   6  11 
4919	1   9 
4920	1   6 
4920	1  11 
4920	2   9   8 
4921	2   6  11 
4923	2  10   9 
4925	1   9 
4926	2   8  10 
4928	1  10 
4928	2   8   9 
4930	1   9 
4930	1   8 
4931	2  10   9 
4933	2   8  10 
4935	1  10 
4935	2   9   8 
4936	1  10 
4937	1   8 
4937	1   9 
4937	2  10  15 
4939	2   7  10 
4941	1  10 
4941	2  15   7 
4941	2   9   8 
4943	1   7 
4943	2  15  10 
4945	1  10 
4945	1  15 
4946	2   7  10 
4948	2  15   7 
4950	1   7 
4950	2  10  15 
4951	1   7 
4952	1  10 
4952	1  15 
4952	1   7 
4953	1  10 
4953	1  15 
4954	2  10   9 
4956	1   9 
4957	2   8  10 
4959	1  10 
4959	2   8   9 
4961	1   9 
4961	1   8 
4962	2  10   9 
4964	2   8  10 
4966	1  10 
4966	2   9   8 
4967	1  10 
4968	1   9 
4968	1   8 
4968	1  10 
4969	1   9 
4970	2   9   6 
4972	1   6 
4972	2  11   9 
4974	1   9 
4974	2  11   6 
4976	1   6 
4976	1  11 
4977	2   9   6 
4979	2  11   9 
4981	1   9 
4981	2   6  11 
4982	1   9 
4983	1  11 
4983	1   6 
4983	2   9   8 
4984	2  11  14 
4986	2  10   9 
4988	1   9 
4988	2  15  11 
4990	1  11 
4990	2  14  15 
4992	1  15 
4992	2   8  10 
4994	1  10 
4994	2   8   9 
4994	2  14  11 
4996	1   9 
4996	1  11 
4996	1   8 
4996	1  14 
4997	2  10   9 
4999	2  15  11 
5001	2   8  10 
5003	1  10 
5003	2  14  15 
5003	2   9   8 
5004	1  10 
5005	1   9 
5005	1  15 
5005	1   8 
5005	2  11  14 
5006	1  15 
5007	1  11 
5007	1  14 
5007	1  15 
5007	2   9  10 
5008	1  11 
5009	2  11   9 
5011	1   9 
5011	2  10  11 
5013	1  11 
5013	2  10   9 
5015	1   9 
5015	1  10 
5016	2  11   9 
5018	2  10  11 
5020	1  11 
5020	2   9  10 
5021	1  11 
5022	1   9 
5022	1  10 
5022	2  11  14 
5024	2  15  11 
5026	1  11 
5026	2  14  15 
5028	1  15 
5028	2  14  11 
5030	1  11 
5030	1  14 
5030	2   9  10 
5032	2  15  11 
5034	2  14  15 
5036	1  15 
5036	2  11  14 
5037	1  15 
5038	1  11 
5038	1  14 
5039	1  11 
5040	2  11   9 
5042	1   9 
5042	2  10  11 
5044	1  11 
5044	2  10   9 
5046	1   9 
5046	1  10 
5047	2  11   9 
5049	2  10  11 
5051	1  11 
5051	2   9  10 
5052	1  11 
5053	1  10 
5053	1   9 
5053	2   6  11 
5054	2   9   8 
5056	2  10  15 
5058	2   7  10 
5060	1  10 
5060	2  15   7 
5062	1   7 
5062	2  15  10 
5064	1  10 
5064	1  15 
5065	2   7  10 
5067	2  15   7 
5069	1   7 
5069	2  10  15 
5070	1   7 
5071	1  10 
5071	1  15 
5071	1   7 
5072	1  10 
5073	2  10   9 
5075	1   9 
5076	2   8  10 
5078	1  10 
5078	2   8   9 
5080	1   9 
5080	1   8 
5081	2  10   9 
5083	2   8  10 
5085	1  10 
5085	2   9   8 
5086	1  10 
5087	1   9 
5087	1   8 
5087	1  10 
5088	1   9 
5089	2   9   6 
5091	1   6 
5091	2  11   9 
5093	1   9 
5093	2  11   6 
5095	1   6 
5095	1  11 
5096	2   9   6 
5098	2  11   9 
5100	1   9 
5100	2   6  11 
5101	1   9 
5102	1   6 
5102	1  11 
5102	2   9   8 
5103	2   6  11 
5105	2  10   9 
5107	1   9 
5108	2   8  10 
5110	1  10 
5110	2   8   9 
5112	1   9 
5112	1   8 
5113	2  10   9 
5115	2   8  10 
5117	1  10 
5117	2   9   8 
5118	1  10 
5119	1   8 
5119	1   9 
5119	2  10  15 
5121	2   7  10 
5123	1  10 
5123	2  15   7 
5123	2   9   8 
5125	1   7 
5125	2  15  10 
5127	1  10 
5127	1  15 
5128	2   7  10 
5130	2  15   7 
5132	1   7 
5132	2  10  15 
5133	1   7 
5134	1  10 
5134	1  15 
5134	1   7 
5135	1  10 
5135	1  15 
5136	2  10   9 
5138	1   9 
5139	2   8  10 
5141	1  10 
5141	2   8   9 
5143	1   9 
5143	1   8 
5144	2  10   9 
5146	2   8  10 
5148	1  10 
5148	2   9   8 
5149	1  10 
5150	1   9 
5150	1   8 
5150	1  10 
5151	1   9 
5152	2   9   6 
5154	1   6 
5154	2  11   9 
5156	1   9 
5156	2  11   6 
5158	1   6 
5158	1  11 
5159	2   9   6 
5161	2  11   9 
5163	1   9 
5163	2   6  11 
5164	1   9 
5165	1  11 
5165	1   6 
5165	2   9   8 
5166	1  11 
5166	1   6 
5167	2  10   9 
5169	1   9 
5169	2  11  14 
5171	2   8  10 
5173	1  10 
5173	2   8   9 
5175	1   9 
5175	1   8 
5176	2  10   9 
5178	2   8  10 
5180	1  10 
5180	2   9   8 
5181	1  10 
5182	1   9 
5182	1   8 
5182	2  10   5 
5183	1   9 
5184	2  13  10 
5186	1  10 
5186	2   5  13 
5188	1  13 
5188	2   5  10 
5190	1  10 
5190	1   5 
5191	2  13  10 
5193	2   5  13 
5195	1  13 
5195	2  10   5 
5196	1  13 
5197	1  10 
5197	1   5 
5197	1  13 
5198	1  10 
5199	2  10  11 
5201	1  11 
5201	2  14  10 
5203	1  10 
5203	2  14  11 
5205	1  11 
5205	1  14 
5206	2  10  11 
5208	2  14  10 
5210	1  10 
5210	2  11  14 
5211	1  10 
5212	1  11 
5212	1  14 
5212	2  10   5 
5214	2  13  10 
5216	1  10 
5216	2   5  13 
5218	1  13 
5218	2   5  10 
5220	1  10 
5220	1   5 
5220	2  11  14 
5222	2  13  10 
5224	2   5  13 
5226	1  13 
5226	2  10   5 
5228	1  10 
5229	1  10 
5230	2  10  11 
5232	1  11 
5232	2  14  10 
5234	1  10 
5234	2  14  11 
5236	1  11 
5236	1  14 
5237	2  10  11 
5239	2  14  10 
5241	1  10 
5241	2  11  14 
5242	1  10 
5243	1  11 
5243	1  14 
5243	2   9  10 
5245	2  11  14 
5247	2  15  11 
5249	1  11 
5249	2  14  15 
5251	1  15 
5251	2  14  11 
5253	1  11 
5253	1  14 
5254	2  15  11 
5256	2  14  15 
5258	1  15 
5258	2  11  14 
5259	1  15 
5260	1  11 
5260	1  14 
5260	1  15 
5261	1  11 
5262	2  11   9 
5264	1   9 
5264	2  10  11 
5266	1  11 
5266	2  10   9 
5268	1   9 
5268	1  10 
5269	2  11   9 
5271	2  10  11 
5273	1  11 
5273	2   9  10 
5274	1  11 
5275	1   9 
5275	1  10 
5275	2  11  14 
5277	2  15  11 
5279	1  11 
5279	2  14  15 
5281	1  15 
5281	2  14  11 
5283	1  11 
5283	1  14 
5283	2   9  10 
5285	2  15  11 
5287	2  14  15 
5289	1  15 
5289	2  11  14 
5290	1  15 
5291	1  11 
5291	1  14 
5292	1  11 
5293	2  11   9 
5295	1   9 
5295	2  10  11 
5297	1  11 
5297	2  10   9 
5299	1   9 
5299	1  10 
5300	2  11   9 
5302	2  10  11 
5304	1  11 
5304	2   9  10 
5305	1  11 
5306	1  10 
5306	1   9 
5306	2   6  11 
5307	2   9   8 
5309	2  10  15 
5311	2   7  10 
5313	1  10 
5313	2  15   7 
5315	1   7 
5315	2  15  10 
5317	1  10 
5317	1  15 
5318	2   7  10 
5320	2  15   7 
5322	1   7 
5322	2  10  15 
5323	1   7 
5324	1  10 
5324	1  15 
5324	1   7 
5325	1  10 
5326	2  10   9 
5328	1   9 
5329	2   8  10 
5331	1  10 
5331	2   8   9 
5333	1   9 
5333	1   8 
5334	2  10   9 
5336	2   8  10 
5338	1  10 
5338	2   9   8 
5339	1  10 
5340	1   9 
5340	1   8 
5340	1  10 
5341	1   9 
5342	2   9   6 
5344	1   6 
5344	2  11   9 
5346	1   9 
5346	2  11   6 
5348	1   6 
5348	1  11 
5349	2   9   6 
5351	2  11   9 
5353	1   9 
5353	2   6  11 
5354	1   9 
5355	1   6 
5355	1  11 
5355	2   9   8 
5356	2   6  11 
5358	2  10   9 
5360	1   9 
5361	2   8  10 
5363	1  10 
5363	2   8   9 
5365	1   9 
5365	1   8 
5366	2  10   9 
5368	2   8  10 
5370	1  10 
5370	2   9   8 
5371	1  10 
5372	1   8 
5372	1   9 
5372	2  10  15 
5374	2   7  10 
5376	1  10 
5376	2  15   7 
5376	2   9   8 
5378	1   7 
5378	2  15  10 
5380	1  10 
5380	1  15 
5381	2   7  10 
5383	2  15   7 
5385	1   7 
5385	2  10  15 
5386	1   7 
5387	1  10 
5387	1  15 
5387	1   7 
5388	1  10 
5388	1  15 
5389	2  10   9 
5391	1   9 
5392	2   8  10 
5394	1  10 
5394	2   8   9 
5396	1   9 
5396	1   8 
5397	2  10   9 
5399	2   8  10 
5401	1  10 
5401	2   9   8 
5402	1  10 
5403	1   9 
5403	1   8 
5403	1  10 
5404	1   9 
5405	2   9   6 
5407	1   6 
5407	2  11   9 
5409	1   9 
5409	2  11   6 
5411	1   6 
5411	1  11 
5412	2   9   6 
5414	2  11   9 
5416	1   9 
5416	2   6  11 
5417	1   9 
5418	1  11 
5418	1   6 
5418	2   9   8 
5419	2  11  14 
5421	2  10   9 
5423	1   9 
5423	2  15  11 
5425	1  11 
5425	2  14  15 
5427	1  15 
5427	2   8  10 
5429	1  10 
5429	2   8   9 
5429	2  14  11 
5431	1   9 
5431	1  11 
5431	1   8 
5431	1  14 
5432	2  10   9 
5434	2  15  11 
5436	2   8  10 
5438	1  10 
5438	2  14  15 
5438	2   9   8 
5439	1  10 
5440	1   9 
5440	1  15 
5440	1   8 
5440	2  11  14 
5441	1  15 
5442	1  11 
5442	1  14 
5442	1  15 
5442	2   9  10 
5443	1  11 
5444	2  11   9 
5446	1   9 
5446	2  10  11 
5448	1  11 
5448	2  10   9 
5450	1   9 
5450	1  10 
5451	2  11   9 
5453	2  10  11 
5455	1  11 
5455	2   9  10 
5456	1  11 
5457	1   9 
5457	1  10 
5457	2  11  14 
5459	2  15  11 
5461	1  11 
5461	2  14  15 
5463	1  15 
5463	2  14  11 
5465	1  11 
5465	1  14 
5465	2   9  10 
5467	2  15  11 
5469	2  14  15 
5471	1  15 
5471	2  11  14 
5472	1  15 
5473	1  11 
5474	1  11 
5475	2  11   9 
5477	1   9 
5477	2  10  11 
5479	1  11 
5479	2  10   9 
5481	1   9 
5481	1  10 
5482	2  11   9 
5484	2  10  11 
5486	1  11 
5486	2   9  10 
5487	1  11 
5488	1  10 
5488	1   9 
5488	2   6  11 
5489	2   9   8 
5491	2  10  15 
5493	2   7  10 
5495	1  10 
5495	2  15   7 
5497	1   7 
5497	2  15  10 
5499	1  10 
5499	1  15 
5500	2   7  10 
5502	2  15   7 
5504	1   7 
5504	2  10  15 
5505	1   7 
5506	1  10 
5506	1  15 
5506	1   7 
5507	1  10 
5508	2  10   9 
5510	1   9 
5511	2   8  10 
5513	1  10 
5513	2   8   9 
5515	1   9 
5515	1   8 
5516	2  10   9 
5518	2   8  10 
5520	1  10 
5520	2   9   8 
5521	1  10 
5522	1   9 
5522	1   8 
5522	1  10 
5523	1   9 
5524	2   9   6 
5526	1   6 
5526	2  11   9 
5528	1   9 
5528	2  11   6 
5530	1   6 
5530	1  11 
5531	2   9   6 
5533	2  11   9 
5535	1   9 
5535	2   6  11 
5536	1   9 
5537	1   6 
5537	1  11 
5537	2   9   8 
5538	2   6  11 
5540	2  10   9 
5542	1   9 
5543	2   8  10 
5545	1  10 
5545	2   8   9 
5547	1   9 
5547	1   8 
5548	2  10   9 
5550	2   8  10 
5552	1  10 
5552	2   9   8 
5553	1  10 
5554	1   8 
5554	1   9 
5554	2  10  15 
5556	2   7  10 
5558	1  10 
5558	2  15   7 
5558	2   9   8 
5560	1   7 
5560	2  15  10 
5562	1  10 
5562	1  15 
5563	2   7  10 
5565	2  15   7 
5567	1   7 
5567	2  10  15 
5569	1  10 
5570	1  10 
5571	2  10   9 
5573	1   9 
5574	2   8  10 
5576	1  10 
5576	2   8   9 
5578	1   9 
5578	1   8 
5579	2  10   9 
5581	2   8  10 
5583	1  10 
5583	2   9   8 
5584	1  10 
5585	1   9 
5585	1   8 
5585	1  10 
5586	1   9 
5587	2   9   6 
5589	1   6 
5589	2  11   9 
5591	1   9 
5591	2  11   6 
5593	1   6 
5593	1  11 
5594	2   9   6 
5596	2  11   9 
5598	1   9 
5598	2   6  11 
5599	1   9 
5600	2   9   8 
5602	2  10   9 
5604	1   9 
5605	2   8  10 
5607	1  10 
5607	2   8   9 
5609	1   9 
5609	1   8 
5610	2  10   9 
5612	2   8  10 
5614	1  10 
5614	2   9   8 
