   1	2  40  13 
   3	1  13 
   3	2  22  21 
   5	1  21 
   6	3  13  21  20 
   9	2  40  13 
  11	1  13 
  11	2  22  21 
  13	1  21 
  13	6  14  13 
  11	6  41  33 
  17	6  41  30 
  23	3  23  20  40 
  26	3  29  20  22 
  29	3   3  20   2 
  29	6  32  22 
  32	3  11  20   1 
  26	6  49  48 
  32	6  49  40 
  35	3  19  20   0 
  35	6  33  32 
  38	3  12  20   9 
  41	3  37  20  10 
  41	6  40  23 
  44	3  28  20  27 
  47	3  38  20  31 
  50	3  47  20  39 
  53	3  18  20  36 
  53	6  31  23 
  56	6  21  20 
  53	6  48  47 
  59	6  46  38 
  62	3  13  21   4 
  65	3  30  21  22 
  65	6  47  28 
  53	6  58  50 
  59	6  58  49 
  65	6  49  40 
  68	6  30  21 
  65	6  24   5 
  71	6  33  23 
  77	3  31  30  32 
  80	3  28  30  38 
  80	6  32  24 
  65	6   3   2 
  71	6   6   4 
  77	6  12   4 
  71	6  10   1 
  83	6  45  29 
  77	6   9   0 
  83	6  18   9 
  89	3  57  30  40 
  89	6  54  36 
  92	3  32  30  23 
  89	6  19  18 
  95	3  12  30   3 
  95	6  36  18 
  98	6  30  20 
  98	6  55  47 
  98	6   1   0 
 104	3  29  20  10 
 107	3  18  20  19 
 107	6  47  38 
 110	6  19   1 
 113	6  56  39 
 116	6  11   0 
 119	6  39  29 
  92	6  59  58 
 119	6  58  56 
 116	6  36  27 
 122	6  37  36 
 125	6  56  39 
  95	6  42  24 
 101	6  33  23 
 107	6  24  14 
 113	6  22  14 
 104	6  63  54 
 128	6  54  45 
 131	3  38  20  19 
 131	6  58  57 
 134	3  29  20  11 
 134	6  46  45 
 137	6  57  30 
 143	3  39  20  37 
 146	3  22  20  23 
 146	6  46  37 
 140	6  63  54 
 146	6  64  56 
 149	6  39  20 
 152	6  54  46 
 149	6  14   6 
 155	6  22   5 
 161	3  37  39  30 
 161	6  23  14 
 164	3  56  39  46 
 107	6  43  42 
 149	6  42  41 
 161	6  16   6 
 155	6  41  33 
 167	3  22  39  23 
 170	6  39  23 
 161	6  43  42 
 167	6  68  65 
 173	6  68  51 
 176	6  33  23 
 173	6  65  56 
 179	6  56  40 
 185	3  23  33  16 
 185	6  49  47 
 191	3  51  33  42 
 191	6  58  56 
 194	6  41  33 
 197	6  66  59 
 200	6  32  23 
 203	6  65  48 
 206	6  31  22 
 191	6  37  29 
 209	6  39  29 
 188	6  15   5 
 206	6  42  15 
 212	6  50  42 
 215	6  30  20 
 215	6  38  37 
 221	3  40  41  49 
 221	6  37  29 
 224	3  59  41  58 
 227	3  40  41  59 
 230	3  51  41  40 
 233	3  32  41  51 
 236	3  31  41  32 
 239	3  48  41  31 
 242	3  39  41  48 
 245	3  50  41  39 
 248	3  30  41  50 
 251	3  38  41  30 
 254	6  41  30 
 221	6  19  18 
 209	6  64  55 
 254	6  55  37 
 254	6  12  11 
 260	3  29  30  38 
 263	3  19  30  29 
 266	3  37  30  19 
 269	6  29  11 
 269	6  31  23 
 212	6   5   4 
 245	6  66  57 
 254	6  57  48 
 260	6  13   4 
 275	3  29  30  37 
 275	6  23  13 
 278	6  48  40 
 281	6  33  22 
 278	6  37  19 
 275	6   3   2 
 284	6  11   2 
 287	3  31  30  29 
 290	4  23  30  40  31 
 290	6  37  28 
 290	6  12   2 
 296	4  31  30  22  29 
 296	6   3   1 
 300	6  28  20 
 306	4  29  30  11  19 
 310	4  19  30  10  20 
 314	4  20  30   3  12 
 318	6  21  18 
 324	6  38  20 
 318	6  41  40 
 324	6  40  31 
 324	6   3   2 
 330	4  12  30  21  20 
 334	6  21   3 
 260	6  55  54 
 284	6  57  55 
 330	6  57  49 
 324	6  23  14 
 330	6  55  37 
 336	6  46  38 
 340	6  22  13 
 342	6  37  29 
 336	6  40  32 
 342	6  56  54 
 348	4  20  30  21  31 
 348	6  56  48 
 352	6  40  31 
 358	4  40  30  49  50 
 362	4  50  30  23  39 
 366	4  39  30  28  29 
 370	4  29  30  38  22 
 374	6  48  21 
 366	6  43  16 
 372	6  43  42 
 378	6  51  33 
 380	4  22  30  21  31 
 384	6  32  30 
 374	6  15  14 
 380	6  56  48 
 386	6  49  48 
 390	4  31  32  42  33 
 394	6  41  14 
 392	6  58  57 
 400	4  33  32  41  49 
 404	6  50  32 
 404	6  30  21 
 410	4  49  50  58  59 
 410	6  32  30 
 416	3  59  50  57 
 419	4  49  50  58  59 
 416	6  23  22 
 416	6  38  30 
 422	6  29  22 
 423	3  49  50  58 
 426	6  50  40 
 428	6  28  21 
 432	6  50  49 
 422	6  56  47 
 434	6  37  20 
 438	4  33  40  41  50 
 440	6  56  37 
 442	3  33  40  41 
 445	4  31  40  42  33 
 434	6  13   3 
 440	6  20  12 
 446	6  56  47 
 449	3  31  40  42 
 446	6  13  12 
 452	4  23  40  32  31 
 456	3  23  40  32 
 459	4  22  40  30  23 
 463	3  22  40  30 
 466	4  39  40  21  22 
 470	3  39  40  21 
 473	4  38  40  29  39 
 473	6  22  12 
 477	3  38  40  29 
 480	4  49  40  48  38 
 480	6  21  20 
 484	3  49  40  48 
 486	6  30  21 
 487	6  49  47 
 479	6  10   2 
 486	6  28  10 
 492	6  29  28 
 493	6  48  46 
 492	6  11   2 
 498	6  20  11 
 499	4  49  40  56  47 
 503	3  49  40  56 
 506	4  30  40  22  49 
 510	3  30  40  22 
 510	6  28  19 
 513	6  48  30 
 519	4  30  40  29  48 
 523	3  30  40  29 
 526	6  40  29 
 504	6  11   2 
 513	6  13  12 
 516	6  10   2 
 522	6  12  11 
 532	4  28  29  20  30 
 536	3  28  29  20 
 539	4  11  29  12  28 
 543	3  11  29  12 
 546	6  29  12 
 510	6  15   5 
 552	4   2  12   3  11 
 556	3   2  12   3 
 559	6  13   2 
 536	6  48  40 
 543	6  40  31 
 549	6  49  40 
 555	6  40  32 
 552	6  47  29 
 565	4   5  12  14  13 
 569	3  13  12  11 
 572	3  11  12  28 
 575	3  28  12  30 
 578	3  30  12  31 
 581	3  31  12  32 
 581	6  38  28 
 584	6  21   2 
 584	6  49  33 
 590	3  32  12  29 
 593	3  29  12  28 
 593	6  33  32 
 596	3  28  12  39 
 599	3  39  12  21 
 602	3  21  12  23 
 602	6  49  40 
 605	6  23  12 
 593	6  59  51 
 599	6  51  42 
 602	6  47  38 
 608	6  38  30 
 611	6  20  11 
 614	6  47  31 
 617	6  11   4 
 620	6  39  38 
 623	3  12  23  32 
 626	3  32  23  40 
 629	3  40  23  50 
 632	3  50  23  42 
 635	3   5  23  14 
 635	6  48  40 
 638	3  13  23   3 
 641	3  20  23  30 
 644	3  31  23   4 
 644	6  47  38 
 647	6  23  21 
 650	6  56  49 
 653	6  31  21 
 653	6  38  29 
 659	3  39  31  40 
 659	6  47  46 
 662	3  29  31  22 
 665	3  33  31  49 
 665	6  28  20 
 668	6  31  30 
 668	6  48  46 
 671	6  12  10 
 674	6  48  29 
 674	6  31  23 
 677	6  11   2 
 680	3  38  30  47 
 683	3  20  30  19 
 683	6  56  47 
 686	3  29  30  12 
 689	3  31  30  11 
 689	6  47  37 
 668	6  51  42 
 692	6  42  31 
 695	6  48  46 
 701	3  10  30  37 
 701	6  58  49 
 704	3  32  30  31 
 707	3  48  30  41 
 710	3  50  30  49 
 713	6  51  48 
 707	6  23  14 
 713	6  32  23 
 719	3  48  30  57 
 722	6  68  41 
 713	6  25  15 
 719	6  15   4 
 725	6  12   4 
 728	3  30  32  41 
 725	6  15   7 
 731	3  30   3  12 
 734	6  30  23 
 731	6  42  34 
 737	6  52  34 
 740	3  23  14  15 
 743	3  23   7   6 
 746	3  23  40  42 
 749	6  34  14 
 728	6  67  59 
 749	6  58  50 
 755	3  23  22  14 
 755	6  59  41 
 722	6  56  47 
 749	6  47  39 
 761	3  23  50  41 
 764	6  60  40 
 734	6  19  11 
 755	6  12  11 
 755	6  17  16 
 764	6  15  12 
 704	6  72  54 
 710	6  54  36 
 716	6  37  36 
 740	6  37  28 
 746	6  29  28 
 770	3  23  39  40 
 770	6  12   4 
 773	3  23  15  16 
 773	6  30  29 
 716	6  73  54 
 722	6  54  45 
 746	6  45  36 
 752	6  36  18 
 770	6  18  10 
 776	6  23  12 
 755	6  35  34 
 758	6  46  45 
 773	6  49  46 
 779	6  49  41 
 782	3  12  23  30 
 785	3  12  19  10 
 785	6  34  32 
 788	6  21  12 
 791	6  44  33 
 794	6  22  21 
 770	6  61  60 
 779	6  68  59 
 785	6  60  50 
 791	6  59  49 
 797	6  50  40 
 779	6  47  46 
 797	6  69  67 
 797	6  48  47 
 803	3  22  41  32 
 803	6  67  47 
 806	3  22  31  33 
 809	3  22  49  40 
 812	6  38  22 
 809	6  77  75 
 815	6  75  58 
 818	6  47  38 
 821	6  75  65 
 824	3  47  48  38 
 812	6  51  41 
 818	6  41  40 
 788	6  19  18 
 818	6  21  19 
 821	6  59  51 
 824	6  30  21 
 827	3  47  57  58 
 830	3  67  47  57 
 833	3  65  47  48 
 833	6  59  41 
 836	6  47  39 
 824	6  19  18 
 827	6  52  34 
 830	6  21  19 
 833	6  34  24 
 836	6  22  21 
 839	6  32  24 
 842	6  28  21 
 845	3  40  39  49 
 845	6  15  14 
 848	3  29  39  31 
 851	3  30  39  41 
 851	6  14  13 
 854	6  39  30 
 839	6  52  44 
 854	6  52  50 
 860	3  32  30  22 
 860	6  60  49 
 848	6  36  18 
 854	6  45  37 
 860	6  46  36 
 866	3  21  30  23 
 866	6  61  58 
 869	3  20  30  13 
 866	6  55  36 
 872	3  28  30  47 
 875	3  50  30  49 
 875	6  56  55 
 878	6  58  39 
 884	3  37  30  46 
 887	6  56  29 
 869	6  15   7 
 875	6  23  15 
 845	6  35  34 
 869	6  34  33 
 881	6  41  33 
 887	6  41  40 
 887	6  45  36 
 893	3  29  30  39 
 893	6  37  36 
 896	3  12  30  23 
 875	6  44  43 
 887	6  43  34 
 893	6  34  16 
 899	3  37  30  40 
 899	6  16  15 
 902	6  30  13 
 893	6  66  65 
 899	6  66  57 
 905	6  67  49 
 908	3  14  13   3 
 911	3   5  13  15 
 911	6  57  40 
 914	6  22  13 
 917	6  56  39 
 917	6  58  50 
 920	6  32  22 
 926	3  40  32  49 
 929	3  41  32  40 
 932	3  39  32  41 
 935	3  50  32  39 
 938	6  50  23 
 944	3  22  32  23 
 947	3  21  32  22 
 950	6  32  12 
 944	6  58  47 
 950	6  47  38 
 956	3  20  12  21 
 959	3  28  12  20 
 962	6  29  12 
 962	6  36  27 
 968	3  38  29  28 
 968	6  12  10 
 971	3  27  29  38 
 956	6  32  31 
 974	3  10  29  27 
 977	6  30  10 
 983	3  31  29  30 
 986	6  31  28 
 992	3  37  29  28 
 992	6  31  14 
 995	6  38  37 
 998	6  22   5 
1001	6  39  29 
1004	6  32  15 
 992	6  11   3 
1004	6  12  11 
1007	6  38  30 
1007	6  57  48 
1013	3  31  39  30 
1010	6  50  41 
1016	4  22  39  32  31 
1013	6  37  28 
1020	3  31  39  12 
1023	4  31  39  12  30 
1027	3  30  39  48 
1030	4  30  39  48  37 
1034	6  40  37 
1040	3  40  39  41 
1040	6  46  27 
1046	4  40  39  41  38 
1050	3  38  39  56 
1050	6  45  27 
1053	6  47  39 
1050	6  67  58 
1056	6  37  28 
1056	6  58  57 
1027	6  14  13 
1033	6  13  11 
1050	6  20  11 
1059	6  30  20 
1062	6  67  48 
1065	6  29  11 
1071	4  38  47  56  46 
1071	6  20  10 
1075	3  46  47  45 
1078	4  46  47  45  37 
1082	3  37  47  57 
1085	4  37  47  57  30 
1089	3  30  47  48 
1092	4  30  47  48  29 
1096	3  29  47  20 
1099	6  47  30 
1010	6  16   6 
1039	6  14   6 
1045	6  14  13 
1051	6  14   5 
1057	6   6   4 
1099	6  12   4 
1050	6  33  24 
1089	6  32  24 
1105	4  29  30  20  21 
1109	3  21  30  13 
1112	4  21  30  13  14 
1116	3  14  30  12 
1119	4  14  30  12  23 
1123	3  23  30  32 
1123	6  12  11 
1126	6  31  15 
1132	4  23  30  32  12 
1136	3  12  30  31 
1136	6  50  49 
1139	6  22  12 
1142	6  60  41 
1139	6  38  28 
1142	6  58  57 
1145	6  39  38 
1148	6  66  58 
1151	6  40  30 
1145	6  13  11 
1151	6  24  13 
1157	4  22  40  31  49 
1161	3  49  40  41 
1164	4  49  40  41  39 
1168	3  39  40  57 
1171	4  39  40  57  50 
1175	3  50  40  58 
1175	6  33  14 
1161	6  12  11 
1181	4  39  40  57  50 
1181	6  13  12 
1185	4  49  40  41  39 
1189	4  22  40  31  49 
1193	4  23  40  32  22 
1197	4  33  40  24  23 
1201	6  33  22 
1193	6  66  46 
1201	6  46  38 
1199	6  66  57 
1205	6  57  56 
1207	4  21  40  13  22 
1207	6  46  45 
1211	4  29  40  20  21 
1215	4  47  40  48  29 
1219	4  37  40  38  47 
1223	6  47  40 
1223	6  29  28 
1229	4  56  47  46  37 
1233	6  48  29 
1193	6  60  59 
1229	6  59  41 
1235	6  41  31 
1239	4  48  47  57  56 
1215	6  12  10 
1239	6  29  12 
1243	6  67  49 
1211	6  15  14 
1245	6  21   4 
1245	6  47  38 
1251	4  30  38  31  48 
1251	6  14  13 
1255	4  29  38  49  30 
1259	6  30  13 
1259	6  19  10 
1265	4  30  38  21  29 
1269	4  11  38  19  30 
1273	3  30  38  29 
1273	6  13  11 
1276	6  48  30 
1282	3  29  38  11 
1285	3  11  38  30 
1288	6  56  29 
1294	3  30  38  29 
1297	3  29  38  37 
1300	3  37  38  40 
1303	6  40  29 
1288	6   4   2 
1294	6  10   2 
1303	6  18  10 
1303	6  22  12 
1309	3  29  38  28 
1309	6  12  10 
1312	6  38  27 
1309	6  31  23 
1315	6  31  21 
1318	3  28  27  18 
1321	3  18  27  10 
1321	6  29  21 
1315	6  33  14 
1321	6  14  13 
1324	6  27  10 
1303	6  67  57 
1309	6  57  49 
1321	6  49  32 
1327	6  32  22 
1330	3  27  10  29 
1333	3  29  10  13 
1336	6  12  10 
1327	6  50  49 
1333	6  49  40 
1339	6  40  30 
1339	6  58  47 
1345	3  13  12  22 
1345	6  47  29 
1345	6  66  58 
1348	6  22  12 
1351	6  58  40 
1354	6  23  12 
1357	6  59  49 
1360	6  31  23 
1366	3  31  22  39 
1369	3  39  22  30 
1372	3  30  22  29 
1369	6  41  33 
1372	6  48  47 
1375	6  32  22 
1375	6  29  27 
1381	3  39  32  40 
1384	3  31  32  49 
1387	3  13  32  33 
1387	6  39  29 
1390	6  41  24 
1381	6  19  18 
1393	6  21  19 
1399	3  48  32  50 
1399	6  29  28 
1402	6  32  31 
1405	6  19  12 
1408	3  39  31  41 
1402	6  66  56 
1405	6  46  37 
1411	3  21  31  24 
1411	6  47  46 
1414	3  29  31  20 
1417	3  12  31  22 
1417	6  56  38 
1402	6  59  58 
1414	6  58  49 
1420	6  40  31 
1423	6  57  37 
1420	6  20  11 
1426	6  30  20 
1432	3  47  40  38 
1432	6  21  19 
1435	3  49  40  57 
1435	6  38  37 
1438	6  66  49 
1438	6  31  23 
1441	6  46  29 
 836	6  73  72 
1294	6  73  63 
1423	6  64  63 
1447	3  59  40  67 
1447	6  46  27 
1450	3  30  40  21 
1453	3  49  40  38 
1450	6  65  64 
1456	3  29  40  31 
1456	6  65  56 
1459	6  40  37 
1465	3  56  37  46 
1465	6  40  23 
1468	6  65  47 
1450	6  69  68 
1456	6  68  67 
1474	3  47  37  40 
1477	6  57  37 
1453	6  12  10 
1459	6  21  12 
1477	6  33  31 
1483	3  67  57  58 
1483	6  40  21 
1489	6  57  30 
1471	6  14   4 
1483	6  23  14 
1459	6  10   9 
1483	6  19  10 
1495	3  40  30  31 
1495	6  20  19 
1498	6  41  31 
1489	6  33  24 
1495	6  75  58 
1501	6  58  49 
1483	6  54  36 
1489	6  37  36 
1495	6  38  37 
1495	6  63  55 
1501	6  55  28 
1504	6  22  21 
1507	6  72  56 
1510	3  23  30  50 
1513	3  20  30  31 
1513	6  56  48 
1513	6  14  13 
1519	3  49  30  33 
1522	3  38  30  11 
1525	3  28  30  21 
1528	6  48  21 
1522	6  33  25 
1528	6  33  32 
1528	6  37  36 
1534	3  21  30  13 
1537	6  32  29 
1519	6  55  54 
1522	6  68  67 
1534	6  67  56 
1540	6  57  55 
1543	6  38  30 
1534	6   2   0 
1540	6   3   2 
1546	6  11   3 
1549	3  29  38  37 
1552	3  57  38  56 
1552	6  20  12 
1552	6  18   1 
1513	6  74  73 
1543	6  41  24 
1549	6  41  40 
1555	6  74  47 
1546	6  63  54 
1558	6  19   1 
1561	6  54  46 
1543	6  43  35 
1549	6  43  33 
1555	6  33  31 
1567	3  11  38  20 
1567	6  64  55 
1570	3  18  38  36 
1573	3  47  38  40 
1576	1  40 
1576	3  46  38  19 
1579	1  38 
1579	6  55  47 
1579	6  30  19 
1549	6  17   6 
1555	6  14   6 
1561	6  23  14 
1576	6  32  23 
1585	3  38  40  31 
1588	2  38  31 
1590	3  38  36  47 
1593	2  38  47 
1590	6  32  22 
1595	6  46  39 
1596	6  22  21 
1601	6  55  28 
1607	4  31  47  38  30 
1611	3  38  40  31 
1614	1  40 
1614	6  29  21 
1614	6  56  46 
1620	2  38  31 
1620	6  19  11 
1622	3  38  36  47 
1625	2  38  47 
1627	3  38  30  29 
1627	6  57  48 
1630	6  30  22 
1633	6  57  47 
1626	6  11   3 
1632	6  27  11 
1638	6  45  27 
1644	3  39  29  40 
1647	3  28  29  36 
1650	3  18  29  20 
1650	6  56  45 
1656	3  19  29  46 
1659	3  48  29  37 
1662	3  21  29  13 
1662	6  56  46 
1665	6  38  29 
1582	6  25  24 
1647	6  32  24 
1662	6  40  32 
1665	6  12   3 
1668	6  40  31 
1671	6  29  12 
1668	6  51  33 
1674	6  58  51 
1677	6  21   3 
1680	6  50  40 
1674	6  25  24 
1680	6  24  23 
1686	3  30  38  47 
1689	3  55  38  46 
1686	6  14  13 
1692	3  29  38  31 
1695	3  49  38  58 
1695	6  22  13 
1698	6  38  30 
1698	6  75  58 
1704	3  21  30  40 
1707	3  22  30  23 
1707	6  58  49 
1686	6  34  25 
1692	6  42  34 
1698	6  51  42 
1704	6  68  60 
1710	6  33  30 
1692	6  64  54 
1698	6  64  56 
1704	6  74  66 
1713	6  58  56 
1716	6  41  33 
1719	6  66  59 
1704	6  72  63 
1710	6  63  45 
1716	6  45  37 
1716	6  44  43 
1722	6  39  37 
1722	6  43  32 
1683	6   2   1 
1689	6   3   2 
1701	6   4   3 
1710	6  13   4 
1716	6  14  13 
1716	6  73  72 
1722	6  73  64 
1728	3  33  41  49 
1728	6  64  56 
1731	3  60  41  51 
1734	3  59  41  58 
1737	3  39  41  32 
1737	6  57  56 
1740	3  14  41  32 
1743	3  57  41  58 
1743	6  25   6 
1746	6  49  31 
1749	6  42  25 
1752	6  67  49 
1755	6  32  23 
1734	6  63  36 
1740	6  37  36 
1746	6  38  37 
1695	6  19  10 
1752	6  30  19 
1758	6  75  48 
1758	6  21  11 
1764	3  44  41  51 
1764	6  67  58 
1767	3  42  41  31 
1770	3  49  41  32 
1773	3  38  41  40 
1776	3  30  41  48 
1779	6  40  21 
1758	6  18   9 
1764	6  27  18 
1776	6  37  27 
1782	6  46  38 
1785	3  40  41  58 
1788	6  41  39 
1779	6  65  56 
1785	6  21  13 
1785	6  74  65 
1791	6  65  46 
1791	6  21  20 
1797	3  37  39  38 
1800	3  56  39  47 
1800	6  28  20 
1803	6  66  47 
1809	3  46  39  28 
1812	6  45  38 
1797	6  73  63 
1803	6  64  63 
1812	6  64  56 
1818	3  47  39  38 
1818	6  55  54 
1773	6  25  24 
1779	6  24  23 
1785	6  25  24 
1794	6  32  24 
1800	6  50  32 
1809	6  58  50 
1815	6  58  49 
1818	6  73  65 
1821	6  49  48 
1824	6  65  46 
1791	6  13   3 
1806	6  33  13 
1812	6  43  32 
1818	6  41  33 
1818	6  22  14 
1824	6  30  22 
1818	6  52  44 
1824	6  68  52 
1830	3  55  39  56 
1830	6  68  67 
1833	3  23  39  21 
1836	3  48  39  46 
1839	3  41  39  32 
1836	6  67  66 
1842	3  57  39  30 
1845	3  66  39  57 
1842	6  51  42 
1848	6  51  48 
1848	6  75  73 
1854	3  48  39  66 
1857	3  58  39  48 
1860	6  66  39 
1866	3  75  66  58 
1866	6  38  22 
1869	6  75  65 
1872	6  58  38 
1878	3  58  66  65 
1881	6  57  40 
1878	6  46  37 
1887	3  57  66  58 
1890	3  46  66  57 
1893	3  64  66  46 
1896	3  75  66  64 
1899	6  65  47 
1878	6  23  21 
1884	6  29  21 
1905	3  65  66  75 
1905	6  47  29 
1887	6  51  50 
1887	6  40  32 
1893	6  49  41 
1899	6  59  40 
1905	6  50  49 
1911	3  55  66  65 
1911	6  38  37 
1914	6  66  57 
1893	6  23  22 
1905	6  31  22 
1911	6  40  31 
1917	6  40  38 
1911	6  33  23 
1917	6  51  33 
1923	3  47  57  55 
1923	6  68  51 
1923	6  30  28 
1926	6  75  66 
1929	6  48  30 
1932	6  74  67 
1926	6  54  46 
1932	6  46  45 
1938	3  49  57  47 
1941	4  50  59  57  49 
1945	3  49  57  40 
1948	4  49  40  57  47 
1952	3  47  57  38 
1955	4  47  38  57  55 
1959	3  55  57  56 
1962	4  55  56  57  65 
1966	3  65  57  68 
1969	4  65  68  57  66 
1973	3  66  57  48 
1973	6  55  54 
1976	6  75  65 
1952	6  41  33 
1976	6  58  41 
1982	4  66  48  57  64 
1986	3  64  57  74 
1986	6  50  41 
1989	4  64  74  57  55 
1993	3  55  57  46 
1992	6  59  50 
1996	4  55  46  57  65 
2000	3  65  57  58 
2003	6  65  49 
1992	6  42  33 
2009	4  49  58  57  59 
2013	6  58  42 
1986	6  30  29 
2000	6  38  30 
2013	6  47  38 
2019	3  59  57  58 
2022	6  49  47 
1890	6  12   3 
2006	6  22  12 
2012	6  31  22 
2028	4  59  58  57  49 
2032	6  48  31 
2028	6  46  37 
2019	6  42  24 
2032	6  50  42 
2038	3  49  57  48 
2041	4  49  48  57  46 
2045	6  49  46 
2045	6  30  29 
2038	6  22  12 
2051	3  49  57  50 
2051	6  29  22 
2054	6  57  48 
2054	6  41  33 
2057	6  38  28 
2060	6  51  40 
2066	4  49  50  48  30 
2070	3  30  48  29 
2073	4  30  29  48  39 
2077	3  39  48  41 
2080	4  39  41  48  32 
2084	3  32  48  40 
2087	6  39  32 
2060	6  25  15 
2087	6  15  13 
2093	4  39  40  48  38 
2093	6  21  13 
2084	6  67  59 
2090	6  67  66 
2097	6  57  46 
2093	6  33  24 
2099	6  33  31 
2103	6  66  56 
2105	6  31  29 
2009	6  74  73 
2051	6  73  63 
2103	6  63  54 
2109	6  65  54 
2105	6  42  33 
2109	6  67  59 
2111	6  51  42 
2115	3  38  48  21 
2115	6  65  64 
2118	4  39  40  48  38 
2117	6  68  51 
2123	4  32  41  48  39 
2123	6  68  67 
2127	4  30  31  48  32 
2131	4  49  50  48  30 
2135	4  57  46  48  49 
2139	4  56  58  48  57 
2143	4  47  29  48  56 
2147	4  55  37  48  47 
2147	6  67  66 
2151	6  56  48 
2153	6  75  59 
2159	4  65  64  56  55 
2159	6  58  51 
2163	6  74  63 
2165	6  59  57 
2147	6  30  22 
2151	6  37  28 
2157	6  38  30 
2163	6  46  38 
2169	6  54  37 
2175	4  75  66  56  65 
2179	4  57  58  56  75 
2183	4  74  67  56  57 
2187	6  74  55 
2165	6  42  31 
2171	6  39  31 
2177	6  39  38 
2177	6  32  24 
2183	6  33  30 
2189	6  39  32 
2193	4  54  46  56  55 
2197	4  37  38  56  54 
2201	6  56  38 
2193	6  75  67 
2201	6  67  49 
2207	4  39  30  38  37 
2207	6  74  64 
2211	6  47  38 
2217	3  37  47  54 
2220	3  54  47  55 
2223	3  55  47  57 
2226	3  57  47  49 
2229	3  49  47  65 
2232	3  65  47  64 
2235	6  64  37 
2232	6  59  49 
2211	6  32  22 
2232	6  41  32 
2238	6  58  41 
2241	3  37  47  38 
2238	6  24  22 
2244	3  38  47  48 
2244	6  41  22 
2247	6  48  47 
2250	6  33  32 
2253	3  47  48  49 
2256	3  49  48  67 
2256	6  42  33 
2259	3  67  48  58 
2262	3  58  48  41 
2265	3  41  48  31 
2268	3  31  48  32 
2271	3  32  48  21 
2274	3  31  48  40 
2277	6  48  32 
2283	3  41  32  42 
2283	6  58  49 
2286	6  41  32 
2289	6  67  59 
2292	6  40  24 
2295	6  57  47 
2295	6  59  51 
2298	6  30  29 
2301	3  49  41  33 
2304	3  51  41  50 
2304	6  39  28 
2310	3  58  41  40 
2310	6  37  29 
2313	3  57  41  59 
2316	3  38  41  30 
2319	6  41  30 
2316	6  74  66 
2322	6  65  57 
2325	3  29  30  39 
2328	6  48  30 
2328	6  67  65 
2334	3  57  48  66 
2337	6  64  48 
2334	6  31  22 
2343	3  65  64  74 
2343	6  48  31 
2346	6  64  55 
2349	6  38  31 
2334	6  69  59 
2349	6  59  57 
1764	6  10   1 
2310	6  19  10 
2328	6  27  19 
2334	6  36  27 
2298	6  17   6 
2304	6  14   6 
2340	6  14  12 
2346	6  20  12 
2355	3  47  55  48 
2355	6  28  20 
2358	3  64  55  75 
2346	6  43  16 
2352	6  43  42 
2358	6  49  42 
2361	3  54  55  46 
2361	6  75  66 
2364	6  49  47 
2364	6  34  32 
2370	3  38  55  56 
2370	6  40  32 
2373	3  37  55  57 
2376	3  56  55  36 
2376	6  40  39 
2379	3  46  55  28 
2352	6   7   4 
2358	6  13   4 
2364	6  13  12 
2370	6  21  12 
2382	3  66  55  47 
2382	6  29  21 
2385	6  74  56 
2388	6  37  29 
2382	6  19  10 
2391	6  75  64 
2394	6  36  19 
2397	6  64  54 
2370	6  51  44 
2376	6  51  50 
2382	6  50  49 
2391	6  58  40 
2397	6  57  49 
2358	6  17  15 
2370	6  24  15 
2376	6  33  24 
2382	6  42  33 
2397	6  42  31 
2403	3  48  55  39 
2406	3  56  55  37 
2406	6  41  40 
2409	3  54  55  36 
2412	3  58  55  57 
2415	6  55  39 
2388	6   2   0 
2394	6  12   2 
2400	6  20  12 
2415	6  69  59 
2421	3  40  39  31 
2421	6  59  57 
2412	6  28  20 
2421	6  46  28 
2376	6  14   5 
2388	6  24  14 
2403	6  24  23 
2409	6  33  25 
2415	6  42  33 
2424	6  42  40 
2430	3  57  39  46 
2430	6  51  41 
2415	6  35  25 
2409	6  15  14 
2421	6  25  14 
2427	6  15  13 
2433	6  22  14 
2439	3  32  39  23 
2442	3  41  39  40 
2442	6  21  13 
2445	6  39  32 
2427	6  28  18 
2442	6  25  15 
2448	6  28  20 
2448	6  15  13 
2454	3  21  32  22 
2457	3  43  32  52 
2457	6  21  20 
2454	6   3   2 
2460	6  61  41 
2460	6  14   3 
2433	6  74  55 
2439	6  55  46 
2451	6  47  46 
2457	6  48  47 
2466	3  13  32  21 
2466	6  39  38 
2445	6  64  54 
2454	6  28  18 
2457	6  54  45 
2463	6  45  27 
2469	6  27  20 
2472	3  14  32  41 
2475	3  39  32  48 
2478	6  32  29 
2451	6  75  65 
2478	6  66  56 
2484	3  20  29  28 
2484	6  65  47 
2484	6  50  49 
2490	3  47  29  56 
2493	6  48  29 
2466	6  69  68 
2484	6  68  67 
2484	6  32  15 
2490	6  41  32 
2496	6  51  33 
2499	6  58  48 
2493	6  74  64 
2502	6  33  31 
2466	6  62  44 
2472	6  70  62 
2490	6  70  69 
2472	6  44  35 
2499	6  46  27 
2478	6  53  44 
2502	6  60  53 
2505	6  56  46 
2508	6  60  59 
2508	6  34  33 
2514	3  49  58  65 
2514	6  52  33 
2517	3  75  58  66 
2520	3  67  58  74 
2523	3  41  58  48 
2526	3  51  58  42 
2529	3  68  58  57 
2529	6  51  43 
2535	3  31  58  38 
2538	3  69  58  61 
2541	3  59  58  56 
2544	6  58  42 
2475	6  12   3 
2538	6  22  12 
2544	6  23  13 
2544	6  31  30 
2550	3  52  42  51 
2550	6  30  14 
2553	6  42  41 
2559	3  22  41  23 
2559	6  52  34 
2562	3  31  41  30 
2565	3  22  41  31 
2565	6  34  24 
2568	6  59  40 
2574	3  24  41  22 
2574	6  69  59 
2577	6  32  14 
2580	6  68  49 
2580	6  51  43 
2586	3  40  41  24 
2586	6  68  67 
2589	6  50  42 
2592	6  75  67 
2598	3  59  41  40 
2601	3  32  41  59 
2604	3  49  41  32 
2607	3  51  41  49 
2610	3  50  41  51 
2610	6  67  58 
2598	6  75  65 
2604	6  65  56 
2610	6  56  48 
2616	3  68  41  50 
2619	3  58  41  68 
2622	3  48  41  58 
2625	6  41  38 
2550	6  11   3 
2577	6  12  11 
2583	6  21  12 
2604	6  15  13 
2610	6  22  13 
2622	6  75  65 
2625	6  68  67 
2631	3  47  38  48 
2634	3  20  38  47 
2637	3  39  38  20 
2637	6  67  57 
2643	4  21  22  38  39 
2647	4  39  29  38  20 
2647	6  66  56 
2631	6  59  50 
2651	6  59  39 
2653	6  74  55 
2657	6  51  49 
2659	6  47  38 
2657	6  68  67 
2663	6  59  51 
2665	4  20  28  47  38 
2669	4  38  46  47  48 
2673	4  48  65  47  58 
2677	4  58  56  47  57 
2681	4  57  55  47  39 
2685	4  39  66  47  49 
2689	6  58  47 
2689	6  41  32 
2695	4  49  67  58  59 
2695	6  42  32 
2669	6  61  52 
2699	6  49  40 
2701	6  52  51 
2699	6  75  67 
2701	6  32  24 
2705	6  67  48 
2707	6  32  31 
2689	6  21  13 
2711	6  58  50 
2713	6  43  32 
2713	6  30  21 
2719	4  59  68  50  41 
2723	4  41  42  50  58 
2723	6  30  22 
2727	4  58  51  50  49 
2731	4  49  48  50  31 
2735	6  50  23 
2731	6  43  34 
2741	4  31  32  23  22 
2741	6  50  43 
2745	6  24  22 
2751	4  24  43  23  34 
2755	6  24  21 
2761	3  34  23  24 
2764	6  24  21 
2747	6  49  40 
2753	6  49  48 
2770	4  24  43  23  34 
2770	6  49  39 
2774	3  24  23  43 
2776	6  58  50 
2777	4  31  32  23  24 
2781	3  31  23  32 
2782	6  51  49 
2784	6  31  23 
2788	6  68  51 
2790	6  40  31 
2723	6  75  65 
2731	6  66  65 
2788	6  66  57 
2794	6  65  58 
2800	4  31  39  40  23 
2800	6  68  67 
2804	3  31  40  39 
2800	6  56  55 
2806	6  67  58 
2807	6  56  39 
2813	4  50  49  40  31 
2813	6  66  56 
2817	3  50  40  49 
2819	6  55  38 
2819	6  68  66 
2825	4  41  42  40  50 
2825	6  75  65 
2829	3  41  40  42 
2832	4  59  51  40  41 
2836	3  59  40  51 
2839	4  48  57  40  59 
2843	3  48  40  57 
2846	4  58  67  40  48 
2850	3  58  40  67 
2853	4  56  39  40  58 
2857	3  56  40  39 
2860	4  47  38  40  56 
2864	3  47  40  38 
2867	6  56  40 
2867	6  29  20 
2873	4  66  65  56  47 
2877	3  66  56  65 
2877	6  37  29 
2883	4  55  46  56  66 
2887	3  55  56  46 
2890	6  46  28 
2873	6  52  41 
2879	6  41  40 
2885	6  40  39 
2896	4  37  46  56  55 
2896	6  30  20 
2900	3  37  56  46 
2903	6  56  38 
2804	6  13  12 
2902	6  21  12 
2909	4  39  30  38  37 
2909	6  66  56 
2913	3  39  38  30 
2916	4  21  20  38  39 
2920	3  39  38  37 
2923	3  37  38  55 
2923	6  41  40 
2926	3  55  38  56 
2929	3  56  38  47 
2929	6  59  49 
2879	6  52  51 
2932	6  39  38 
2935	6  51  50 
2938	6  48  39 
2920	6  23  22 
2929	6  32  22 
2935	6  24  22 
2941	6  41  22 
2941	6  43  34 
2947	3  47  48  40 
2947	6  43  42 
2950	3  40  48  58 
2953	3  58  48  39 
2956	3  39  48  49 
2959	3  49  48  50 
2962	3  50  48  51 
2965	3  51  48  31 
2968	3  31  48  32 
2971	3  32  48  41 
2974	6  48  32 
2968	6  20  12 
2980	3  41  32  42 
2980	6  39  38 
2983	6  32  21 
2986	6  46  28 
2992	3  32  21  12 
2992	6  55  47 
2995	6  29  21 
2998	6  65  48 
3004	3  39  29  30 
3004	6  57  55 
3007	3  37  29  28 
3010	3  47  29  46 
3010	6  66  58 
3013	6  47  29 
3007	6  31  22 
2983	6  52  51 
2995	6  51  50 
3001	6  43  42 
3007	6  51  41 
3013	6  42  32 
3019	3  56  47  48 
3022	3  57  47  58 
3019	6  32  30 
3025	3  40  47  31 
3028	3  66  47  67 
3028	6  41  40 
3031	3  38  47  55 
3019	6  60  52 
3031	6  60  58 
3037	3  49  47  50 
3040	3  40  47  30 
3040	6  67  59 
3043	6  39  22 
3046	6  68  65 
3049	6  48  39 
3028	6  33  24 
3040	6  42  33 
3046	6  42  41 
3052	6  68  50 
3055	6  48  47 
3052	6  43  34 
3058	6  59  43 
3049	6  22  20 
3055	6  32  22 
3061	6  40  32 
3067	3  58  48  67 
3064	6  43  34 
3070	3  47  48  65 
3070	6  43  32 
3073	6  75  57 
3034	6  15   5 
3055	6  15  14 
3076	6  31  14 
3079	6  59  49 
3076	6  53  43 
3082	6  43  42 
3085	6  48  40 
2777	6  26  17 
3070	6  26  25 
3079	6  65  56 
3082	6  25  23 
3088	6  23  21 
3091	3  50  40  41 
3091	6  56  38 
3082	6   6   4 
3085	6  67  58 
3094	6  22   4 
3094	6  58  50 
3100	3  51  40  49 
3103	3  32  40  48 
3106	3  57  40  48 
3109	3  31  40  49 
3112	3  42  40  41 
3115	3  21  40  38 
3118	6  41  22 
3118	6  11   3 
3124	3  41  40  50 
3124	6  21  11 
3109	6  73  66 
3115	6  67  66 
3121	6  67  58 
3127	6  68  49 
3094	6  15   6 
3106	6  24  15 
3115	6  56  55 
3121	6  56  38 
3124	6  24  23 
3130	6  31  23 
3127	6  56  54 
3127	6  42  34 
3133	6  59  56 
3130	6  12  10 
3136	6  23  12 
3142	3  21  40  30 
3142	6  24  14 
3145	3  58  40  49 
3136	6  27   0 
3139	6  60  51 
3142	6  37  27 
3148	3  31  40  38 
3145	6  51  42 
3151	3  59  40  51 
3151	6  38  37 
3154	6  42  31 
3139	6  63  55 
3145	6  56  55 
3142	6  10   1 
3148	6  20  10 
3157	6  46  28 
3160	3  23  40  24 
3163	3  38  40  31 
3166	3  56  40  39 
3169	6  40  29 
3154	6  10   9 
3163	6  18  10 
3169	6  36  18 
3154	6  12   4 
3163	6  26  24 
3163	6  13  12 
3169	6  24  23 
3175	3  20  29  28 
3175	6  23  22 
3178	3  36  29  46 
3175	6  10   1 
3181	1  46 
3181	3  22  29  13 
3181	6  45  36 
3181	6  18  10 
3163	6   7   6 
3184	6  13   6 
3187	3  36  29  18 
3190	3   2  13  29 
3193	2   2  13 
3193	6  30  29 
3195	6  12   2 
3193	6  16  15 
3199	6  30  23 
3154	6  70  60 
3160	6  60  59 
3169	6  59  57 
3175	6  57  48 
3193	6  47  46 
3199	6  49  47 
3205	3  12  13  23 
3205	6  48  40 
3208	3   6  23  15 
3211	2  23  15 
3211	6  49  41 
3193	6  19  18 
3205	6  29  19 
3211	6  30  29 
3213	6  15  13 
3199	6  36  27 
3211	6  27  19 
3217	6  20  19 
3219	3  41  23  40 
3222	2  23  40 
3223	6  21  20 
3224	6  15  14 
3217	6   9   1 
3223	6   3   1 
3224	6  41  31 
3229	6   4   3 
3217	6  37  36 
3223	6  38  28 
3229	6  37  29 
3235	4  13  40  23  30 
3239	3   6  23  13 
3239	6  38  20 
3242	2  23  13 
3245	3  31  23  40 
3248	1  31 
3248	6  29  13 
3254	2  23  40 
3256	3  12  14  23 
3256	6  48  40 
3181	6  66  65 
3187	6  68  66 
3193	6  68  60 
3222	6  60  51 
3239	6  51  42 
3193	6  75  66 
3199	6  67  66 
3199	6  44  26 
3228	6  69  67 
3234	6  69  61 
3240	6  61  53 
3246	6  53  43 
3252	6  44  34 
3246	6  60  51 
3252	6  52  51 
3258	6  53  51 
3262	5  21  12  14  30  23 
3264	6  52  50 
3270	3  33  23   6 
3273	3   4  23  31 
3276	3  13  23  20 
3279	3  40  23  39 
3282	3  42  23  41 
3285	3  43  23  34 
3288	6  41  23 
3199	6  73  54 
3223	6  54  45 
3245	6  46  36 
3282	6  47  45 
3288	6  48  46 
3294	3  51  41  50 
3294	6  47  39 
3229	6  64  63 
3294	6  64  55 
3297	6  58  41 
3300	6  47  45 
3279	6  28  27 
3285	6  29  28 
3300	6  65  64 
3300	6  30  29 
3306	3  39  58  48 
3309	3  55  58  47 
3312	6  57  30 
3303	6  52  51 
3312	6  74  73 
3318	3  65  58  57 
3321	3  61  58  51 
3321	6  65  64 
3312	6  46  37 
3318	6  38  36 
3324	6  58  47 
3330	3  65  47  74 
3333	3  38  47  46 
3333	6  75  65 
3324	6  70  60 
3330	6  60  41 
3336	6  41  38 
3336	6  77  68 
3342	3  66  47  65 
3342	6  50  32 
3345	6  47  39 
3348	6  68  58 
3351	3  38  39  30 
3294	6  14  13 
3318	6  13  11 
3342	6  20  11 
3324	6  13   4 
3354	3  50  39  58 
3354	6  13  10 
3357	6  39  30 
3342	6  45  36 
3348	6  36  27 
3360	6  27  19 
3360	6  14  13 
3363	6  30  21 
3369	5  30  12  20  29  21 
3374	5  22  12  20  29  21 
3379	3  10  21  11 
3382	6  19  12 
3348	6  34  33 
3357	6  42  41 
3379	6  33  32 
3385	6  43  24 
3388	3  13  21  12 
3391	3  40  21  23 
3394	3  41  21  32 
3397	6  23  21 
3397	6  51  48 
3403	3  24  23  33 
3403	6  52  50 
3406	6  32  23 
3357	6  68  67 
3403	6  67  57 
3409	6  49  47 
3415	3  50  32  51 
3415	6  57  39 
3418	6  50  32 
3421	6  57  55 
3427	3  49  50  39 
3427	6  64  56 
3430	6  50  49 
3345	6  75  74 
3409	6  76  75 
3415	6  76  68 
3421	6  69  61 
3433	6  74  55 
3439	3  57  49  67 
3442	3  56  49  48 
3445	3  69  49  68 
3445	6  56  46 
3448	6  49  48 
3448	6  42  41 
3451	6  67  65 
3454	6  49  41 
3457	6  74  65 
3454	6  47  38 
3460	6  57  49 
3457	6  76  69 
3463	6  76  74 
3466	6  57  48 
3469	6  64  46 
3472	6  67  49 
3460	6  42  32 
3466	6  51  42 
3478	3  55  57  56 
3478	6  59  51 
3466	6  32  24 
3478	6  40  32 
3484	3  48  57  49 
3484	6  31  24 
3487	3  66  57  65 
3490	3  47  57  58 
3493	3  66  57  47 
3490	6  41  31 
3496	3  48  57  66 
3499	3  55  57  48 
3502	3  74  57  55 
3505	3  64  57  74 
3508	3  67  57  64 
3511	3  50  57  67 
3514	3  59  57  50 
3517	3  40  57  59 
3520	3  41  57  40 
3523	6  57  40 
3391	6  10   2 
3397	6   4   2 
3403	6  12   4 
3490	6  21  12 
3523	6  23  21 
3490	6  34  25 
3529	3  32  40  41 
3529	6  25  14 
3532	6  40  32 
3529	6  21  11 
3535	6  12   4 
3538	6  40  31 
3541	6  15   4 
3544	6  41  33 
3529	6  57  38 
3535	6  38  29 
3541	6  20  11 
3547	6  22  20 
3553	3  13  32  31 
3556	3  23  32  13 
3556	6  30  29 
3559	4  14  24  32  23 
3550	6  59  50 
3535	6  67  57 
3541	6  57  48 
3541	6  75  64 
3547	6  76  57 
3553	6  75  56 
3559	6  56  49 
3565	4  23  21  32  13 
3565	6  58  57 
3569	4  13  12  32  31 
3573	4  31  15  32  33 
3577	4  33  22  32  30 
3581	4  30  41  32  50 
3585	4  50  42  32  59 
3589	4  59  39  32  48 
3593	6  40  32 
3565	6  74  65 
3593	6  65  57 
3599	4  48  58  40  49 
3603	6  48  32 
3599	6  65  55 
3603	6  68  67 
3609	4  49  48  40  57 
3613	6  56  40 
3609	6  76  75 
3619	4  57  67  56  65 
3623	4  65  76  56  75 
3619	6  40  39 
3625	6  49  39 
3627	6  75  65 
3625	6  41  32 
3631	6  41  38 
3637	4  65  49  56  66 
3641	4  66  74  56  47 
3641	6  59  50 
3645	3  47  56  55 
3647	6  50  30 
3653	4  66  74  56  47 
3657	3  66  56  74 
3657	6  40  29 
3663	4  65  49  56  66 
3667	3  65  56  49 
3670	4  75  76  56  65 
3674	3  75  56  76 
3677	4  57  67  56  75 
3681	3  57  56  67 
3684	4  39  48  56  57 
3688	3  39  56  48 
3691	4  38  58  56  39 
3695	3  38  56  58 
3698	6  56  39 
3663	6  42  32 
3695	6  41  32 
3698	6  59  58 
3704	4  30  29  39  38 
3704	6  58  49 
3708	3  30  39  29 
3701	6  33  32 
3711	4  49  41  39  30 
3715	3  49  39  41 
3718	4  50  42  39  49 
3722	3  50  39  42 
3725	6  50  31 
3609	6  15  14 
3725	6  24  14 
3731	4  32  22  39  31 
3735	3  32  39  22 
3738	6  40  24 
3738	6  21  13 
3744	4  50  40  39  32 
3744	6  20  12 
3748	3  50  39  40 
3751	6  50  30 
3757	4  21  20  39  30 
3761	3  21  39  20 
3764	6  39  22 
3757	6  50  41 
3725	6  56  46 
3731	6  46  37 
3770	4  23  13  22  21 
3774	3  23  22  13 
3774	6  37  29 
3777	4  15  14  22  23 
3770	6  57  48 
3776	6  48  39 
3781	3  23  22  21 
3725	6  75  67 
3763	6  67  59 
3769	6  59  50 
3782	6  50  40 
3776	6  65  56 
3782	6  56  47 
3788	3  21  22  30 
3788	6  48  47 
3791	3  30  22  32 
3794	3  32  22  31 
3797	3  31  22  49 
3800	3  49  22  41 
3803	3  41  22  38 
3806	3  38  22  29 
3809	3  29  22  39 
3812	3  39  22  40 
3815	6  39  22 
3809	6  24  15 
3821	3  40  39  48 
3821	6  24  22 
3827	3  48  39  66 
3827	6  23  14 
3830	3  66  39  56 
3833	3  22  39  23 
3836	6  39  22 
3836	6  50  41 
3842	3  14  22  13 
3842	6  47  40 
3842	6  59  58 
3848	3  21  22  20 
3848	6  58  48 
3851	3  30  22  41 
3854	3  32  22  40 
3857	3  31  22  42 
3860	6  39  22 
3860	6  58  50 
3848	6  46  37 
3854	6  56  46 
3866	3  49  39  48 
3869	3  58  39  56 
3872	6  67  47 
3878	3  38  39  47 
3881	6  57  30 
3860	6  33  24 
3866	6  51  33 
3872	6  51  50 
3887	3  29  39  30 
3887	6  75  58 
3893	3  50  39  58 
3896	6  66  39 
3896	6  51  50 
3902	3  67  66  76 
3902	6  55  39 
3872	6  24   4 
3878	6   4   2 
3884	6  10   2 
3890	6  20  19 
3896	6  19  12 
3908	3  50  66  59 
3908	6  29  10 
3911	3  55  66  74 
3914	3  46  66  39 
3917	6  66  39 
3923	6  39  28 
3917	6  54  45 
3923	6  46  45 
3923	6  21  11 
3929	5  19  20  21  29  28 
3934	6  46  19 
3902	6  14   4 
3908	6   4   3 
3940	5  19  20  21  29  28 
3945	6  28  11 
3923	6  41  32 
3929	6  40  32 
3945	6  40  30 
3940	6  57  48 
3951	3   3  11  12 
3951	6  48  31 
3954	6  20  11 
3957	6  32  22 
3960	6  29  20 
3963	6  42  40 
3969	3  28  29  30 
3969	6  49  41 
3975	3  31  29  22 
3975	6  57  47 
3978	6  41  30 
3981	6  56  46 
3984	3  49  29  40 
3981	6  75  66 
3987	3  48  29  47 
3990	3  30  29  46 
3990	6  66  58 
3993	6  47  29 
3987	6  42  41 
3993	6  41  40 
3972	6  18  10 
3993	6  36  18 
3996	6  66  64 
3999	6  46  36 
3993	6  60  51 
3999	6  60  49 
4002	6  76  66 
4005	6  59  48 
4008	6  74  65 
4011	6  50  39 
4014	6  65  56 
4020	3  58  47  57 
4020	6  75  74 
4023	3  38  47  40 
4023	6  67  58 
4026	3  46  47  64 
4029	3  49  47  66 
4032	3  58  47  48 
4035	3  39  47  56 
4038	3  55  47  74 
4041	3  39  47  55 
4041	6  67  66 
4044	6  55  38 
4047	6  66  57 
4035	6  59  50 
4041	6  60  59 
4050	6  59  40 
3993	6  11   3 
3999	6  19  11 
4050	6  37  19 
3993	6  22  13 
4044	6  22  21 
4056	3  58  47  39 
4056	6  32  22 
4059	3  49  47  58 
4062	3  46  47  49 
4062	6  22  20 
4065	3  55  47  46 
4068	3  57  47  55 
4068	6  29  21 
4074	3  30  47  57 
4077	3  50  47  30 
4080	3  40  47  50 
4080	6  19  12 
4083	6  47  38 
4083	6  49  42 
4083	6  31  30 
4089	3  30  38  40 
4092	3  28  38  30 
4095	3  37  38  28 
4095	6  49  31 
4086	6  13  12 
4098	6  38  29 
4101	6  21  12 
4101	6  50  49 
4107	4  20  38  29  37 
4111	4  37  19  29  28 
4111	6  48  41 
4111	6  22  12 
4115	6  30  29 
4117	6  32  22 
4115	6  46  36 
4121	6  46  39 
4083	6  66  65 
4127	4  28  31  30  29 
4127	6  56  55 
4131	4  29  21  30  40 
4133	6  57  47 
4135	6  39  30 
4139	6  65  57 
4135	6  37  36 
4135	6  59  41 
4141	6  38  37 
4141	6  41  31 
4145	6  57  56 
4147	6  31  29 
4151	6  57  56 
4147	6  59  42 
4153	6  67  59 
4157	6  64  37 
4159	6  67  58 
4163	6  37  29 
4165	6  58  41 
4171	4  40  48  39  49 
4175	4  49  32  39  50 
4179	4  50  30  39  47 
4183	4  47  57  39  56 
4187	4  56  37  39  38 
4191	6  41  30 
4187	6  67  58 
4193	6  58  48 
4199	4  38  29  39  30 
4199	6  59  57 
4197	6  42  41 
4203	6  46  38 
4205	6  65  56 
4209	6  48  39 
4211	6  74  65 
4215	6  47  37 
4217	6  74  54 
4223	4  30  57  48  39 
4223	6  54  45 
4227	4  39  41  48  38 
4231	4  38  55  48  56 
4231	6  67  59 
4235	3  56  48  65 
4238	4  38  55  48  56 
4242	3  38  48  55 
4242	6  67  66 
4245	6  47  45 
4248	6  66  58 
4254	4  39  41  48  38 
4258	3  39  48  41 
4261	4  30  57  48  39 
4265	3  30  48  57 
4268	4  46  29  48  30 
4272	3  46  48  29 
4275	4  47  45  48  46 
4279	3  47  48  45 
4282	6  57  37 
4261	6  51  42 
4282	6  51  41 
4288	4  57  58  48  47 
4292	3  57  48  58 
4295	4  50  41  48  57 
4299	3  50  48  41 
4302	4  49  32  48  50 
4306	3  49  48  32 
4309	6  66  39 
4309	6  59  50 
4315	4  40  39  48  49 
4315	6  29  28 
4319	3  40  48  39 
4322	4  31  21  48  40 
4326	3  31  48  21 
4329	6  40  29 
4329	6  46  36 
4335	4  40  50  48  31 
4335	6  37  19 
4339	3  40  48  50 
4342	6  47  40 
4315	6  65  64 
4341	6  29  20 
4348	4  46  37  48  47 
4352	3  46  48  37 
4355	6  56  29 
4361	4  56  65  48  46 
4361	6  30  20 
4365	3  46  48  47 
4368	3  47  48  31 
4368	6  36  28 
4371	3  31  48  30 
4374	3  30  48  49 
4377	3  49  48  59 
4374	6  37  28 
4377	6  30  20 
4380	3  59  48  57 
4383	3  57  48  40 
4386	3  40  48  37 
4389	3  37  48  30 
4392	6  57  30 
4398	3  57  48  66 
4401	6  66  39 
4407	3  39  48  38 
4407	6  66  55 
4407	6  27  20 
4413	3  38  48  29 
4413	6  36  27 
4416	3  56  48  65 
4419	3  46  48  28 
4422	3  47  48  50 
4425	3  31  48  21 
4425	6  54  36 
4428	6  56  48 
4428	6  50  32 
4434	3  54  56  55 
4434	6  58  50 
4437	6  56  39 
4437	6  45  37 
4443	3  49  39  58 
4443	6  36  27 
4446	3  59  39  41 
4449	3  30  39  50 
4449	6  46  36 
4452	6  39  38 
4452	6  28  19 
4452	6  57  56 
4458	3  40  38  37 
4461	3  45  38  46 
4464	6  56  29 
4461	6  51  50 
4467	6  50  49 
4470	3  29  38  28 
4470	6  66  56 
4476	3  57  38  49 
4476	6  64  55 
4479	6  57  38 
4428	6  13   3 
4470	6  22  21 
4476	6  22  11 
4482	6  31  13 
4488	3  39  57  56 
4488	6  23  12 
4491	3  66  57  55 
4494	6  57  30 
4485	6  37  36 
4500	5  22  31  21  23  30 
4500	6  47  37 
4505	6  40  32 
4505	6  19  11 
4500	6  64  55 
4505	6  22  13 
4506	6  55  38 
4500	6  58  57 
4512	5  20  31  21  23  30 
4512	6  56  54 
4517	6  38  30 
4517	6  49  41 
4523	3  47  38  40 
4526	3  37  38  19 
4526	6  50  40 
4532	3  22  38  30 
4532	6  58  51 
4535	6  39  38 
4535	6  46  36 
4538	6  51  41 
4541	3  56  39  57 
4544	3  40  39  49 
4544	6  47  46 
4547	6  41  30 
4541	6  36  28 
4553	3  59  39  58 
4553	6  32  22 
4553	6  28  20 
4550	6  46  45 
4556	6  51  49 
4556	6  56  54 
4562	3  30  39  47 
4565	3  22  39  20 
4562	6  65  64 
4568	3  46  39  36 
4571	3  29  39  49 
4574	3  55  39  56 
4577	6  65  47 
4583	3  38  39  47 
4586	3  55  39  38 
4589	6  55  38 
4589	6  31  22 
4595	3  29  39  38 
4598	3  46  39  29 
4601	6  46  30 
4607	3  31  39  30 
4607	6  47  46 
4574	6  59  50 
4607	6  64  54 
4610	6  49  40 
4613	6  64  56 
4616	6  40  32 
4613	6  45  38 
4601	6  19  11 
4607	6  20  19 
4619	6  29  20 
4616	6  59  58 
4622	6  58  56 
4625	6  30  11 
4628	6  59  51 
4631	3  47  39  31 
4634	3  50  39  47 
4637	3  49  39  50 
4640	3  58  39  49 
4643	3  40  39  58 
4646	3  37  39  40 
4649	3  38  39  37 
4649	6  51  32 
4652	6  48  47 
4646	6  66  65 
4658	4  47  29  39  38 
4662	4  38  56  39  37 
4666	4  37  30  39  40 
4670	4  40  41  39  58 
4674	4  58  57  39  49 
4678	4  49  59  39  50 
4678	6  66  56 
4682	6  38  31 
4670	6  20  11 
4670	6  36  27 
4676	6  18  11 
4682	6  20  19 
4688	4  50  32  39  48 
4688	6  28  18 
4692	6  39  38 
4676	6  45  36 
4692	6  58  51 
4694	6  46  36 
4698	6  58  57 
4700	6  47  46 
4706	4  48  56  38  39 
4710	4  39  20  38  19 
4714	4  19  27  38  28 
4714	6  57  56 
4718	6  37  28 
4710	6  64  54 
4714	6  40  32 
4720	6  50  49 
4724	4  37  56  38  47 
4726	6  59  58 
4728	4  47  54  38  55 
4732	3  55  38  36 
4735	4  47  54  38  55 
4739	3  47  38  54 
4742	4  37  56  38  47 
4746	3  37  38  56 
4749	4  19  27  38  37 
4753	3  19  38  27 
4756	4  39  20  38  19 
4760	3  39  38  20 
4763	4  48  57  38  39 
4767	3  48  38  57 
4770	4  49  40  38  48 
4774	3  49  38  40 
4777	6  40  38 
4783	4  50  58  40  49 
4783	6  28  21 
4787	3  50  40  58 
4790	4  51  59  40  50 
4790	6  66  57 
4794	3  51  40  59 
4797	4  32  41  40  51 
4796	6  57  47 
4801	3  32  40  41 
4801	6  30  21 
4802	6  46  38 
4789	6  28  19 
4808	4  30  21  40  32 
4808	6  37  28 
4812	3  30  40  21 
4815	4  31  47  40  30 
4819	3  31  40  47 
4822	4  38  29  40  31 
4826	3  31  40  30 
4826	6  38  37 
4832	3  30  40  32 
4835	3  32  40  51 
4832	6  37  28 
4822	6  56  55 
4838	3  51  40  50 
4838	6  28  20 
4841	3  50  40  49 
4844	3  49  40  48 
4847	3  48  40  39 
4850	3  39  40  38 
4853	3  38  40  37 
4856	3  37  40  57 
4859	3  57  40  56 
4862	3  20  40  29 
4862	6  56  46 
4865	6  49  48 
4862	6  67  66 
4865	6  29  28 
4871	3  31  40  47 
4871	6  28  27 
4874	3  30  40  21 
4877	3  32  40  41 
4877	6  47  28 
4883	3  51  40  59 
4883	6  55  28 
4886	3  50  40  58 
4889	3  48  40  56 
4892	3  49  40  67 
4895	3  39  40  29 
4898	3  38  40  47 
4901	6  40  29 
4901	6  56  54 
4907	3  37  29  28 
4907	6  56  48 
4910	6  38  29 
4895	6  23  13 
4901	6  13  12 
4907	6  22  11 
4913	6  12  10 
4916	3  57  38  48 
4919	3  46  38  36 
4919	6  20  11 
4922	6  38  28 
4919	6  75  57 
4925	6  57  40 
4928	5  18  20  19  10  28 
4931	6  40  39 
4933	6  21  10 
4939	5  39  20  19  21  28 
4944	6  31  20 
4950	3  20  28  10 
4950	6  41  39 
4931	6  59  58 
4956	3  30  28  39 
4956	6  58  50 
4959	6  39  28 
4962	6  59  42 
4965	6  40  39 
4922	6  55  54 
4931	6  56  55 
4937	6  65  55 
4943	6  66  65 
4962	6  66  57 
4968	6  66  59 
4965	6  46  36 
4971	6  46  30 
4974	6  75  66 
4977	3  32  40  50 
4980	3  51  40  42 
4980	6  66  46 
4986	3  58  40  56 
4989	3  57  40  67 
4989	6  46  37 
4992	3  49  40  59 
4995	3  39  40  47 
4998	3  29  40  38 
5001	6  46  39 
5007	3  39  40  48 
5007	6  46  28 
5010	6  40  30 
5016	3  37  30  40 
5019	3  39  30  37 
5022	3  29  30  39 
5025	3  28  30  29 
5025	6  49  48 
5028	6  38  30 
5019	6  59  51 
5031	6  59  49 
5019	6  41  32 
5019	6  66  56 
5034	6  56  47 
5037	6  41  30 
5022	6  54  45 
5028	6  45  27 
4953	6  11  10 
5034	6  27  19 
5043	3  48  38  28 
5046	3  57  38  48 
5049	3  58  38  57 
5046	6  11  10 
5052	3  49  38  58 
5055	3  30  38  49 
5058	3  47  38  30 
5061	3  20  38  47 
5064	4  11  19  38  20 
5068	6  29  10 
5068	6  50  40 
5074	4  20  29  38  47 
5074	6  50  42 
5078	4  47  46  38  30 
5082	4  30  40  38  49 
5086	6  40  38 
5055	6  67  66 
5082	6  66  56 
5080	6  51  42 
5092	4  49  50  40  58 
5092	6  38  28 
5096	6  49  42 
5078	6  11  10 
5086	6  21  11 
5096	6  30  21 
5102	4  58  67  40  57 
5106	4  57  56  40  48 
5110	4  48  49  40  38 
5114	6  66  39 
5120	4  38  39  40  30 
5120	6  66  58 
5124	6  39  30 
5124	6  47  37 
5126	6  59  49 
5132	4  39  41  40  58 
5136	4  58  49  40  47 
5140	6  50  47 
5146	3  50  40  51 
5149	4  58  49  40  50 
5153	3  58  40  49 
5156	4  39  41  40  58 
5160	3  39  40  41 
5160	6  59  58 
5163	4  38  30  40  39 
5167	3  38  40  30 
5170	4  48  58  40  38 
5174	3  48  40  58 
5177	4  57  56  40  48 
5181	3  57  40  56 
5184	6  58  40 
5184	6  51  42 
5184	6  56  47 
5190	4  66  67  58  57 
5190	6  51  50 
5194	3  66  58  67 
5197	6  57  50 
5174	6  29  21 
5180	6  37  28 
5190	6  38  29 
5196	6  46  37 
5203	4  57  56  58  66 
5207	3  57  58  56 
5210	6  58  47 
5196	6  29  21 
5092	6  11  10 
5202	6  21  11 
5208	6  30  21 
5214	6  21  19 
5216	4  38  46  47  57 
5220	3  38  47  46 
5223	4  28  37  47  38 
5227	3  28  47  37 
5230	4  20  29  47  28 
5234	3  20  47  29 
5237	6  47  29 
5243	4  30  21  29  20 
5243	6  57  47 
5247	3  20  29  28 
5249	6  66  48 
5216	6  50  41 
5247	6  41  31 
5253	6  31  30 
5255	6  66  46 
5250	6  20  11 
5261	3  28  29  38 
5264	3  38  29  47 
5267	3  47  29  48 
5270	3  48  29  30 
5273	3  30  29  46 
5276	6  46  19 
5253	6  59  50 
5259	6  50  41 
5273	6  49  41 
5279	6  51  40 
5282	3  19  29  20 
5282	6  57  47 
5285	6  28  11 
5291	3  20  29  39 
5294	3  39  29  49 
5297	3  49  29  40 
5300	3  31  29  21 
5303	3  28  29  47 
5306	6  28  11 
5300	6  66  58 
5306	6  58  48 
5312	3  28  29  37 
5312	6  56  47 
5315	6  39  29 
5312	6  67  50 
5318	6  66  46 
5318	6  51  32 
5321	6  21  19 
5324	3  38  39  48 
5324	6  66  55 
5327	6  38  20 
5324	6  59  41 
5330	6  41  40 
5330	6  67  66 
5333	6  37  10 
5336	6  51  31 
5339	6  66  56 
5339	6  28  27 
5345	3  57  39  47 
5348	3  58  39  50 
5348	6  46  28 
5354	3  30  39  28 
5357	3  21  39  32 
5360	3  38  39  55 
5363	3  29  39  40 
5366	3  49  39  59 
5369	3  41  39  42 
5372	6  47  31 
5378	5  47  56  46  37  39 
5378	6  22  20 
5383	6  56  47 
5384	6  29  20 
5390	5  29  47  46  37  39 
5390	6  12  10 
5395	6  39  29 
5395	6  46  27 
5372	6  58  50 
5395	6  58  49 
5401	3  11  29  12 
5401	6  56  49 
5407	3  46  29  48 
5410	3  22  29  31 
5410	6  57  47 
5410	6  50  49 
5413	6  30  28 
5419	3  47  29  56 
5422	3  49  29  30 
5425	6  32  30 
5422	6  55  46 
5428	6  46  37 
5425	6  59  49 
5431	6  49  39 
5431	6  42  41 
5437	3  28  29  30 
5437	6  58  49 
5440	3  21  29  37 
5443	3  38  29  40 
5446	3  20  29  39 
5449	6  40  29 
5455	3  49  40  41 
5455	6  38  20 
5461	3  38  40  49 
5464	3  20  40  38 
5467	3  21  40  20 
5470	6  30  28 
5470	6  59  41 
5470	6  48  47 
5476	3  30  40  21 
5479	3  41  40  30 
5482	3  48  40  41 
5485	6  39  22 
5476	6  55  46 
5482	6  46  37 
5479	6  19  11 
5485	6  20  19 
5485	6  66  59 
5491	3  39  40  48 
5491	6  51  50 
5491	6  29  20 
5497	3  37  40  39 
5500	3  29  40  37 
5503	6  49  29 
5503	6  22  12 
5509	4  50  59  40  49 
5509	6  38  37 
5513	6  49  41 
5515	6  29  28 
5521	4  41  22  40  38 
5525	4  38  47  40  39 
5525	6  20  19 
5529	4  39  31  40  48 
5529	6  46  37 
5533	6  39  20 
5539	4  48  56  40  49 
5539	6  28  19 
5543	4  49  32  40  30 
5543	6  47  46 
5547	4  30  29  40  21 
5551	4  21  37  40  39 
5555	6  48  28 
5555	6  21  12 
5561	4  39  48  40  47 
5561	6  20  19 
5565	6  47  31 
5565	6  66  58 
5571	4  31  21  40  20 
5575	6  39  20 
5581	3  39  40  58 
5584	4  31  21  40  39 
5588	3  31  40  21 
5591	6  39  20 
5597	4  39  48  40  31 
5597	6  20  12 
5601	3  39  40  48 
5597	6  37  28 
5603	6  29  28 
5604	6  40  39 
5604	6  56  47 
5610	4  20  29  39  40 
5614	3  20  39  29 
5617	4  30  28  39  20 
5621	3  30  39  28 
5624	4  49  32  39  30 
5628	3  49  39  32 
5624	6  46  37 
5624	6  27  19 
5630	6  37  27 
5636	4  46  47  39  49 
5640	3  46  39  47 
5640	6  28  27 
5646	4  37  56  39  46 
5650	3  37  39  56 
5653	4  38  28  39  37 
5657	3  38  39  28 
5660	4  41  22  39  38 
5664	3  41  39  22 
5664	6  27  19 
5667	4  50  59  39  41 
5671	3  41  39  38 
5674	3  38  39  37 
5674	6  23  12 
5677	3  37  39  46 
5674	6  58  50 
5653	6  66  65 
5680	3  46  39  49 
5683	3  49  39  30 
5683	6  54  27 
5689	3  30  39  20 
5689	6  64  54 
5692	3  20  39  40 
5695	3  40  39  31 
5695	6  66  64 
5698	3  31  39  23 
5701	3  58  39  59 
5704	3  41  39  22 
5707	3  38  39  28 
5710	3  37  39  56 
5713	3  46  39  47 
5716	3  49  39  32 
5716	6  56  55 
5719	3  30  39  19 
5722	3  20  39  29 
5725	3  40  39  48 
5728	3  31  39  21 
5731	3  23  39  50 
5734	6  47  39 
5734	6  59  43 
5740	5  65  57  66  56  47 
5745	6  59  48 
5734	6  29  28 
5740	6  41  31 
5746	6  32  21 
5751	5  48  57  66  56  47 
5752	6  30  21 
5740	6  28  19 
5756	6  49  48 
5758	6  20  19 
5762	6  47  38 
5762	6  59  40 
5764	6  21  19 
5768	6  59  41 
5774	3  31  38  29 
5777	3  47  38  55 
5777	6  41  31 
5783	3  37  38  39 
5786	3  46  38  30 
5789	3  48  38  28 
5792	3  19  38  20 
5789	6  32  22 
5792	6  59  49 
5795	6  39  38 
5795	6  28  19 
5801	3  21  39  40 
5804	3  31  39  22 
5807	3  49  39  50 
5810	3  31  39  49 
5813	3  21  39  31 
5816	3  28  39  21 
5819	3  48  39  28 
5822	3  46  39  48 
5825	3  37  39  46 
5828	3  47  39  37 
5831	6  41  38 
5831	6  58  57 
5837	3  38  39  47 
5837	6  32  31 
5840	6  57  48 
5843	6  41  30 
5849	4  48  31  39  38 
5853	4  38  29  39  47 
5857	4  47  55  39  37 
5861	4  37  30  39  46 
5865	6  48  41 
5865	6  29  19 
5871	4  46  48  39  57 
5875	6  57  38 
5871	6  27  19 
5877	6  45  27 
5881	6  57  56 
5883	4  38  29  39  28 
5887	4  28  20  39  21 
5891	4  21  40  39  32 
5891	6  65  45 
5897	4  32  22  39  49 
5901	3  49  39  50 
5904	4  32  22  39  49 
5908	3  32  39  22 
5908	6  65  57 
5911	4  21  40  39  32 
5914	6  57  56 
5915	3  21  39  40 
5918	4  28  20  39  21 
5922	3  28  39  20 
5925	4  38  29  39  28 
5929	3  38  39  29 
5932	4  46  48  39  38 
5936	3  46  39  48 
5939	4  37  30  39  46 
5943	3  37  39  30 
5946	4  47  55  39  37 
5950	3  47  39  55 
5953	4  57  56  39  47 
5957	3  57  39  56 
5960	6  57  40 
5966	4  41  31  39  40 
5970	3  40  39  47 
5973	3  47  39  37 
5976	3  37  39  46 
5979	3  46  39  38 
5982	3  38  39  28 
5985	3  28  39  21 
5988	3  21  39  32 
5991	3  32  39  49 
5994	3  41  39  31 
5997	3  40  39  56 
6000	3  47  39  55 
6003	3  37  39  30 
6006	3  46  39  48 
6009	3  38  39  29 
6012	3  28  39  20 
6015	6  48  21 
6021	3  48  39  57 
6024	3  32  39  22 
6024	6  65  57 
5756	6  77  76 
5897	6  76  75 
6030	3  49  39  50 
6030	6  75  67 
6033	6  48  39 
6021	6  55  46 
6030	6  56  46 
6036	6  55  28 
6042	5  59  58  66  57  48 
6047	5  67  58  66  57  48 
6052	3  40  48  56 
6055	3  47  48  30 
6058	3  37  48  21 
6061	3  28  48  29 
6064	6  39  20 
6070	3  38  48  39 
6070	6  21  20 
6073	3  55  48  65 
6076	6  48  30 
6076	6  55  37 
6082	3  21  30  22 
6082	6  55  47 
6085	3  32  30  50 
6088	3  21  30  32 
6088	6  55  46 
6091	6  40  29 
6094	6  57  55 
6097	6  41  40 
6097	6  38  29 
6100	6  56  48 
6106	3  37  30  21 
6109	3  29  30  37 
6112	3  28  30  29 
6115	3  47  30  28 
6118	3  46  30  47 
6121	3  38  30  46 
6124	4  40  57  30  38 
6128	4  38  48  30  46 
6132	6  38  30 
6132	6  41  40 
6138	4  46  56  38  47 
6142	4  47  20  38  28 
6146	6  40  37 
6146	6  65  56 
6152	4  28  37  38  29 
6152	6  56  49 
6156	6  30  21 
6162	4  29  39  38  40 
6166	4  40  49  38  30 
6170	6  38  31 
6176	4  30  22  31  32 
6180	3  32  31  50 
6180	6  38  37 
6158	6  65  56 
6176	6  56  48 
6186	4  30  22  31  32 
6186	6  57  46 
6190	3  30  31  22 
6193	4  40  49  31  30 
6197	3  40  31  49 
6200	4  29  39  31  40 
6204	3  29  31  39 
6207	4  28  38  31  29 
6211	3  28  31  38 
6214	4  47  20  31  28 
6218	3  47  31  20 
6221	6  39  31 
6227	4  57  48  39  47 
6231	3  57  39  48 
6234	6  48  21 
6240	4  48  56  39  57 
6244	3  48  39  56 
6247	6  41  38 
6253	4  38  46  39  48 
6257	3  48  39  57 
6260	3  57  39  47 
6263	3  47  39  28 
6266	3  28  39  29 
6269	3  29  39  40 
6272	3  40  39  30 
6275	3  30  39  32 
6278	3  38  39  46 
6281	3  48  39  56 
6284	6  48  21 
6281	6  37  28 
6290	3  57  39  48 
6293	3  47  39  20 
6296	6  40  37 
6302	3  40  39  41 
6305	3  29  39  31 
6308	6  40  37 
6296	6  66  57 
6302	6  67  66 
5762	6  78  70 
6253	6  78  60 
6259	6  60  59 
6314	3  40  39  49 
6314	6  56  55 
6317	3  30  39  22 
6320	3  32  39  50 
6323	5  66  58  57  56  39 
6328	5  59  58  57  56  39 
6333	3  21  39  48 
6336	6  67  40 
6342	3  40  39  20 
6345	6  41  38 
6351	3  47  39  38 
6354	6  37  30 
6345	6  67  58 
6351	6  58  50 
6357	6  50  41 
6360	3  30  39  31 
6357	6  58  57 
6363	3  29  39  49 
6366	3  41  39  22 
6369	3  37  39  57 
6372	6  40  37 
6378	3  41  39  40 
6381	6  41  30 
6387	3  29  39  30 
6390	6  41  30 
6378	6  56  55 
6384	6  58  56 
6390	6  58  48 
6396	3  30  39  29 
6396	6  50  49 
6399	6  38  21 
6402	6  58  57 
6405	6  29  21 
6402	6  50  40 
6408	6  50  32 
6414	3  47  39  30 
6414	6  58  50 
6417	3  37  39  47 
6420	3  38  39  37 
6420	6  66  59 
6426	4  49  48  39  38 
6426	6  65  55 
6430	6  67  58 
6436	4  38  57  39  37 
6440	4  37  20  39  47 
6444	4  47  29  39  30 
6448	4  30  31  39  21 
6448	6  57  56 
6454	4  21  40  39  41 
6454	6  67  65 
6458	4  41  22  39  32 
6462	3  32  39  50 
6465	4  41  22  39  32 
6469	3  41  39  22 
6472	4  21  40  39  41 
6476	3  21  39  40 
6479	4  30  31  39  21 
6483	3  30  39  31 
6486	4  47  29  39  30 
6490	3  47  39  29 
6493	4  37  20  39  47 
6497	3  37  39  20 
6500	4  38  56  39  37 
6504	3  38  39  56 
6507	4  49  48  39  38 
6511	3  38  39  37 
6514	3  37  39  47 
6517	3  47  39  30 
6520	3  30  39  21 
6523	3  21  39  41 
6526	3  41  39  32 
6529	3  49  39  48 
6532	3  38  39  56 
6535	3  37  39  20 
6538	3  47  39  29 
6541	3  30  39  31 
6544	3  21  39  40 
6547	3  41  39  22 
6550	3  32  39  50 
6553	6  48  39 
6460	6  76  68 
6547	6  28  20 
6559	5  66  58  57  67  48 
6564	5  68  58  57  67  48 
6569	3  38  48  28 
6572	3  37  48  29 
6575	3  47  48  31 
6578	3  30  48  40 
6581	6  48  30 
6587	3  21  30  22 
6587	6  57  49 
6593	3  41  30  50 
6596	3  21  30  41 
6596	6  57  46 
6599	6  39  30 
6599	6  68  59 
6605	3  48  39  21 
6608	3  47  39  48 
6611	3  37  39  47 
6614	3  38  39  37 
6614	6  67  57 
6569	6  75  74 
6620	4  46  56  39  38 
6620	6  75  67 
6624	4  38  28  39  37 
6628	4  37  29  39  47 
6632	4  47  31  39  48 
6636	4  48  40  39  21 
6640	4  21  22  39  41 
6644	3  41  39  50 
6647	4  21  22  39  41 
6651	3  21  39  22 
6654	4  48  40  39  21 
6658	3  48  39  40 
6661	4  47  31  39  48 
6665	3  47  39  31 
6668	4  37  29  39  47 
6672	3  37  39  29 
6675	4  38  28  39  37 
6679	3  38  39  28 
6682	4  46  56  39  38 
6686	3  38  39  37 
6689	3  37  39  47 
6692	3  47  39  48 
6695	3  48  39  21 
6698	3  21  39  41 
6701	3  46  39  56 
6704	3  38  39  28 
6707	3  37  39  29 
6707	6  67  56 
6710	6  31  30 
6716	3  47  39  30 
6719	3  48  39  40 
6719	6  22  21 
6722	6  50  41 
6725	3  22  39  21 
6728	3  50  39  41 
6731	5  59  58  49  57  39 
6731	6  32  22 
6736	5  56  58  49  57  39 
6741	3  38  39  29 
6741	6  76  59 
6744	3  37  39  30 
6747	3  47  39  40 
6750	3  48  39  21 
6753	3  32  39  41 
6756	3  48  39  32 
6759	3  47  39  48 
6762	3  37  39  47 
6765	3  38  39  37 
6768	4  46  28  39  38 
6772	4  38  29  39  37 
6776	4  37  30  39  47 
6780	4  47  40  39  48 
6784	4  48  21  39  32 
6788	3  32  39  41 
6791	4  48  21  39  32 
6795	3  48  39  21 
6798	4  47  40  39  48 
6802	3  47  39  40 
6805	4  37  30  39  47 
6809	3  37  39  30 
6812	4  38  29  39  37 
6816	3  38  39  29 
6819	4  46  28  39  38 
6823	3  38  39  37 
6826	3  37  39  47 
6829	3  47  39  48 
6832	3  48  39  32 
6835	3  46  39  28 
6838	3  38  39  29 
6841	3  37  39  30 
6844	3  47  39  40 
6847	3  48  39  21 
6850	3  32  39  41 
6853	5  56  58  49  57  39 
6858	5  59  58  49  57  39 
6863	3  38  39  30 
6866	3  37  39  40 
6869	6  38  21 
6875	3  47  39  38 
6878	3  48  39  41 
6875	6  21  20 
6881	3  47  39  48 
6881	6  28  20 
6853	6  23  14 
6881	6  32  23 
6884	6  57  50 
6887	6  32  31 
6893	3  37  39  47 
6896	3  28  39  37 
6899	4  46  29  39  28 
6903	4  28  30  39  37 
6907	4  37  40  39  47 
6911	4  47  38  39  48 
6915	3  48  39  41 
6918	4  47  38  39  48 
6922	3  47  39  38 
6925	4  37  40  39  47 
6929	3  37  39  40 
6932	4  28  30  39  37 
6936	3  28  39  30 
6939	4  46  29  39  28 
6943	3  28  39  37 
6946	3  37  39  47 
6949	3  47  39  48 
6949	6  28  21 
6952	6  48  41 
6958	3  46  39  29 
6961	3  21  39  30 
6964	3  37  39  40 
6967	3  47  39  38 
6970	3  41  39  48 
6973	5  59  58  49  50  39 
6978	5  31  58  49  50  39 
6983	3  21  39  40 
6983	6  46  28 
6701	6  44  43 
6983	6  51  43 
6989	3  37  39  38 
6989	6  59  51 
6992	3  47  39  48 
6992	6  29  28 
6983	6  14   4 
6989	6  32  14 
6995	6  41  32 
6998	3  37  39  47 
7001	3  21  39  37 
7004	4  29  30  39  21 
7008	4  21  40  39  37 
7012	4  37  38  39  47 
7016	3  47  39  48 
7019	4  37  38  39  47 
7023	3  37  39  38 
7026	4  21  40  39  37 
7030	3  21  39  40 
7033	4  29  30  39  21 
7037	3  21  39  37 
7040	3  37  39  47 
7043	3  29  39  30 
7046	3  21  39  40 
7049	3  37  39  38 
7052	3  47  39  48 
7055	5  31  58  49  50  39 
7060	5  59  58  49  50  39 
7065	3  21  39  38 
7068	3  37  39  48 
7071	3  21  39  37 
7074	4  29  40  39  21 
7078	4  21  38  39  37 
7082	3  37  39  48 
7085	4  21  38  39  37 
7089	3  21  39  38 
7092	4  29  40  39  21 
7096	3  21  39  37 
7099	3  29  39  40 
7102	3  21  39  38 
7105	3  37  39  48 
7108	5  59  58  49  50  39 
7113	6  40  21 
7119	6  39  29 
7125	6  38  31 
7113	6  42  33 
7119	6  51  42 
7125	6  59  51 
6995	6  15   6 
7001	6  25  15 
7119	6  25  24 
7125	6  33  24 
7131	6  51  34 
7131	6  58  40 
7119	6  12  10 
7131	6  22  12 
7137	6  32  13 
7143	6  42  22 
7099	6  55  54 
7113	6  56  55 
7125	6  19   9 
7131	6  29  19 
7131	6  56  47 
7137	6  38  29 
7143	6  57  38 
7131	6   9   0 
7137	6  19   9 
7149	6  30  27 
7155	6  38  19 
7161	6  41  58  40  49  50  48 
7167	7  41  39  40  49  50  31  58 
7174	6  41  58  40  49  50  48 
7180	7  41  39  40  49  50  31  58 
7187	6  41  39  40  49  50  31 
7193	6  38  31 
7119	6  64  63 
7137	6  64  55 
7161	6  20  11 
7187	6  56  55 
7199	6  38  20 
7205	6  41  58  40  49  50  48 
7211	6  58  56 
7217	6  41  38 
7149	6  34  25 
7211	6  61  44 
7217	6  61  60 
7223	6  52  34 
7223	6  50  40 
7229	6  59  39  50  49  40  48 
7235	5  50  49  40  33  51 
7240	5  50  49  40  32  42 
7245	5  50  49  40  47  57 
7250	5  50  49  40  30  31 
7255	5  50  49  40  41  58 
7260	6  59  52 
7245	6  24  15 
7255	6  46  38 
7255	6  24  23 
7261	6  39  23 
7267	5  50  49  40  60  59 
7272	6  41  38 
7250	6  76  75 
7260	6  76  66 
7272	6  69  53 
7272	6  66  57 
7278	5  50  49  40  41  39 
7278	6  69  68 
7283	6  58  57 
7283	6  51  40 
7267	6  25  14 
7273	6  34  25 
7283	6  34  33 
7289	5  50  49  51  58  68 
7289	6  44  34 
7294	6  49  41 
7256	6  74  73 
7278	6  75  74 
7294	6  75  68 
7300	5  50  41  51  33  34 
7305	6  67  59 
7273	6  13  11 
7279	6  14   5 
7285	6  22  14 
7305	6  32  13 
7311	5  50  41  51  59  68 
7316	6  42  22 
7283	6  38  28 
7316	6  48  38 
7316	6  61  53 
7322	5  50  41  51  32  42 
7327	6  59  48 
7279	6  11   1 
7289	6  28  27 
7322	6  29  11 
7328	6  28  21 
7333	5  50  41  51  59  61 
7334	6  30  29 
7338	6  51  32 
7340	6  39  21 
7305	6  25  16 
7327	6  34  25 
7344	6  42  34 
7346	6  48  28 
7352	5  50  41  32  39  30 
7357	6  51  48 
7346	6  11   2 
7357	6  22  11 
7363	5  50  41  32  51  42 
7363	6  30  20 
7368	6  50  33 
7311	6  15   7 
7363	6  15  14 
7369	6  38  21 
7374	6  23  14 
7375	6  31  21 
7374	6  52  42 
7380	6  24  14 
7375	6  48  46 
7381	6  56  40 
7387	5  33  41  32  30  22 
7392	5  33  41  32  31  23 
7397	6  50  48 
7397	6  30  22 
7403	6  50  23 
7375	6   9   2 
7381	6   3   2 
7392	6   4   3 
7409	6  41  23 
7409	6   6   4 
7415	6  14   6 
7421	6  15   5 
7403	6  37  20 
7409	6  21  20 
7427	6  42  24  33  23  32  31 
7433	6  41  40  33  23  32  31 
7439	6  41  24  33  23  32  22 
7445	6  40  24 
7451	6  42  40 
7457	6  51  34 
7463	7  41  42  33  23  32  22  24 
7470	6  41  24  33  23  32  31 
7476	7  41  42  33  23  32  22  24 
7483	6  42  25 
7415	6   9   2 
7421	6   3   2 
7483	6  13   3 
7409	6  55  47 
7451	6  47  38 
7457	6  38  29 
7483	6  30  29 
7489	6  42  39 
7495	6  42  26 
7501	6  26  16 
7507	6  41  24  33  23  32  31 
7513	5  15  33  23  32  14 
7518	3  21  14  31 
7521	3  24  14  22 
7524	3  25  14  34 
7524	6  31  21 
7527	6  33  15 
7427	6  10   1 
7489	6  10   2 
7495	6   3   2 
7513	6  59  51 
7533	3  24  14  31 
7533	6  51  42 
7539	4  25  34  14  24 
7543	3  24  14  22 
7546	4  24  22  14  31 
7550	3  31  14  21 
7553	4  24  22  14  31 
7557	4  25  34  14  24 
7561	3  24  14  31 
7564	3  31  14  21 
7567	3  24  14  22 
7570	5  33  15  23  32  14 
7575	5  13  15  23  32  14 
7580	3  30  14  21 
7580	6  42  33 
7583	3  31  14  22 
7586	3  24  14  34 
7589	3  25  14  16 
7592	3  31  14  30 
7595	3  24  14  31 
7598	4  25  16  14  24 
7602	3  24  14  34 
7605	4  24  34  14  31 
7609	3  31  14  22 
7612	4  31  22  14  30 
7616	3  30  14  21 
7619	4  31  22  14  30 
7623	4  24  34  14  31 
7627	4  25  16  14  24 
7631	3  24  14  31 
7634	3  31  14  30 
7637	3  30  14  21 
7640	3  31  14  22 
7643	3  24  14  34 
7646	5  13  15  23  32  14 
7651	5   5  15  23  32  14 
7656	3   3  14  21 
7659	3  30  14  22 
7662	3  31  14  34 
7665	3  24  14  16 
7668	3  25  14  33 
7671	3  30  14   3 
7674	3  31  14  30 
7677	3  24  14  31 
7680	4  25  33  14  24 
7684	3  24  14  16 
7687	6  31  15 
7693	4  24  16  14  15 
7693	6  31  30 
7697	3  15  14  34 
7700	4  15  34  14  31 
7704	3  31  14  22 
7707	6  23   3 
7713	4  31  22  14  23 
7717	3  23  14  21 
7720	4  31  22  14  23 
7724	4  15  34  14  31 
7728	4  24  16  14  15 
7728	6  12   3 
7732	4  25  33  14  24 
7734	6  21  12 
7736	3  24  14  15 
7739	6  23  14 
7745	3  15  23  31 
7748	3  31  23  14 
7751	3  14  23  12 
7754	3  31  23  22 
7757	3  15  23  34 
7760	3  24  23  16 
7757	6  30  12 
7415	6  64  45 
7421	6  45  27 
7674	6  27  19 
7763	5   5  12  21  32  23 
7768	6  22  19 
7768	6  15   6 
7774	5  22  12  21  32  23 
7779	6  30  14 
7779	6  19  11 
7785	3  15  23  14 
7785	6  21  11 
7495	6  47  46 
7785	6  47  40 
7779	6  34  25 
7788	6  25  14 
7791	6  40  32 
7791	6  30  21 
7797	3  21  23  30 
7800	3  31  23  14 
7803	3   6  23  16 
7806	3  24  23  33 
7809	3  34  23  32 
7812	6  21  14 
7818	3  14  23  15 
7821	3  31  23  14 
7824	6  22   6 
7830	3  22  23  31 
7830	6  16  15 
7833	6  30  13 
7839	3  24  23  22 
7839	6   6   5 
7842	4  34  32  23  24 
7839	6  11   3 
7845	6   5   4 
7846	3  24  23  33 
7849	4  24  33  23  22 
7853	3  22  23  15 
7856	4  22  15  23  31 
7860	3  31  23  21 
7863	4  31  21  23  14 
7867	3  14  23  13 
7867	6  40  20 
7421	6  74  66 
7791	6  66  46 
7797	6  46  37 
7873	4  14  13  23  16 
7873	6  37  29 
7877	3  16  23  25 
7879	6  29  11 
7885	4  14  13  23  16 
7889	4  31  21  23  14 
7893	4  22  15  23  31 
7897	4  24  33  23  22 
7901	4  34  32  23  24 
7901	6  20   2 
7907	3  24  23  22 
7907	6  11   2 
7910	3  22  23  31 
7913	3  31  23  14 
7916	3  14  23  16 
7919	3  16  23  25 
7922	3  14  23  13 
7925	3  31  23  21 
7928	3  22  23  15 
7931	3  24  23  33 
7931	6  13   4 
7931	6  21  11 
7937	5  13  12   3  21  23 
7942	6  23  13 
7907	6  28  27 
7913	6  38  28 
7942	6  38  30 
7942	6  25   6 
7948	5   2  12   3  21  13 
7948	6  24   6 
7953	6  30  22 
7954	6  16   5 
7959	6  32  23 
7919	6  28  27 
7954	6  42  34 
7959	6  28  21 
7965	3  22  13  24 
7965	6  42  41 
7968	3   5  13   4 
7971	3  14  13  11 
7971	6  41  39 
7974	6  22  21 
7980	3  31  13  15 
7983	3  30  13  33 
7986	3   6  13  23 
7986	6  39  30 
7992	3  30  13  22 
7995	3   5  13  21 
7998	3  14  13   5 
7998	6  39  30 
8001	6  23   6 
8004	6  39  20 
8007	6   6   4 
8007	6  23  22 
8013	3  31  13  14 
8016	3  30  13  31 
8019	3  22  13  30 
8022	4  20  23  13  22 
8026	3  22  13   4 
8029	6  30  12 
8026	6  33  24 
8032	6  24  14 
8035	6  21  11 
8041	4  22   4  13  12 
8045	3  12  13  14 
8048	4  12  14  13  31 
8052	3  31  13  15 
8055	4  31  15  13  24 
8059	3  24  13  21 
8062	4  24  21  13   5 
8066	3   5  13   6 
8069	6  14  11 
8075	4   5   6  13  14 
8075	6  28  10 
8079	3  14  13  33 
8081	6  30  20 
8082	4   5   6  13  14 
7797	6  76  65 
7803	6  65  56 
7948	6  56  46 
8081	6  46  27 
8086	6   3   2 
8087	6  27  19 
8093	4  24  21  13   5 
8097	4  31  15  13  24 
8101	4  12  11  13  31 
8105	4  22   4  13  12 
8109	4  30  23  13  22 
8113	3  22  13  12 
8116	3  12  13  31 
8119	3  31  13  24 
8122	3  24  13   5 
8125	3   5  13  14 
8128	3  14  13  33 
8131	3   5  13   6 
8134	3  24  13  21 
8137	3  31  13  15 
8140	3  12  13  11 
8143	3  22  13   4 
8143	6  11   2 
8146	6  21  13 
8140	6  41  33 
8146	6  41  39 
8140	6  15   6 
8152	5   3  20  11  10  21 
8152	6  23  15 
8157	5  19  20  11  10  21 
8158	6  15   6 
8162	3  29  21  39 
8164	6  32  15 
8162	6   3   2 
8168	6  12   3 
8170	6  15   6 
8176	3  14  21  23 
8179	3   5  21  13 
8182	3  24  21  32 
8185	3  31  21  12 
8185	6  15  14 
8188	6  29  12 
8191	6  23  15 
8194	3   3  21   4 
8197	3  22  21  14 
8200	3  30  21  48 
8203	3  23  21  12 
8206	3   5  21  23 
8209	3  24  21   5 
8212	3  31  21  24 
8215	6  22   3 
8215	6  48  39 
8221	3  22  21  31 
8224	3   3  21  22 
8227	6  20   3 
8227	6  22  14 
8233	4  30  39  21  20 
8237	3  20  21  22 
8240	6  14  12 
8240	6  30  29 
8246	4  20  22  21  12 
8250	3  12  21   4 
8250	6  32  24 
8253	6  22  21 
8237	6  49  48 
8243	6  49  40 
8256	6  40  33 
8253	6  19   2 
8262	4  12   4  22  31 
8266	3  31  22  30 
8269	4  31  30  22  32 
8273	3  32  22  24 
8276	4  32  24  22   5 
8280	3   5  22  13 
8283	4   5  13  22  23 
8287	3  23  22  15 
8290	4  23  15  22  14 
8294	3  14  22  33 
8297	4  23  15  22  14 
8301	4   5  13  22  23 
8305	4  32  24  22   5 
8309	4  31  30  22  32 
8313	4  12   4  22  31 
8317	4  20  21  22  12 
8321	4  29  39  22  20 
8325	3  20  22  12 
8328	3  12  22  31 
8331	3  31  22  32 
8334	3  32  22   5 
8337	3   5  22  23 
8340	3  23  22  14 
8343	3  14  22  33 
8346	3  23  22  15 
8349	3   5  22  13 
8352	3  32  22  24 
8355	3  31  22  30 
8358	3  12  22   4 
8361	3  20  22  21 
8364	6  22  12 
8203	6  69  59 
8331	6  59  48 
8337	6  48  37 
8343	6  37  27 
8349	6  27   9 
8355	6   9   1 
8337	6  76  60 
8343	6  60  50 
8355	6  50  41 
8364	6  33  32 
8370	5   2   3  11  10  12 
8370	6  41  23 
8375	5   1   3  11  10  12 
8376	6  41  31 
8376	6  24   6 
8380	6  13  12 
8382	6  41  24 
8380	6  29  20 
8388	3  23  13  32 
8391	3  14  13  15 
8391	6  39  20 
8388	6  58  50 
8394	6  50  32 
8400	3  31  13  12 
8403	3   5  13   6 
8403	6  39  31 
8406	6  23  14 
8409	6  41  39 
8415	3  33  13  30 
8418	3  24  13   4 
8421	3  22  13  21 
8421	6  41  24 
8427	3  29  13  20 
8430	3  31  13  32 
8433	3  23  13  14 
8436	3  24  13  23 
8439	3   5  13  24 
8442	6  33  14 
8448	3  14  13   5 
8448	6  41  31 
8451	6  29  12 
8454	6  41  23 
8457	6  30  11 
8463	3  31  13  14 
8466	3  22  13  31 
8469	3  12  13  22 
8472	4  23  32  13  12 
8476	3  12  13  20 
8479	4  12  20  13  22 
8483	3  22  13  21 
8486	4  22  21  13  31 
8490	3  31  13   4 
8493	4  31   4  13  14 
8497	3  14  13  11 
8500	6  11   4 
8500	6  24  23 
8500	6  30  29 
8497	6  41  40 
8506	4  14   4  13   5 
8506	6  40  32 
8510	3   5  13   6 
8512	6  50  41 
8513	4   5   6  13  23 
8517	3  23  13  30 
8520	4  23  30  13  32 
8524	3  32  13  15 
8527	4  32  15  13  33 
8531	6  32  13 
8537	3  33  32  41 
8537	6  14   6 
8543	4  13  15  32  33 
8547	4  23  30  32  13 
8551	4   5  14  32  23 
8555	6  32  14 
8555	6  21  11 
8561	4   6   4  14   5 
8565	6  22   6 
8565	6  11   3 
8571	4  31  21  14  22 
8575	6  31   4 
8575	6  20  11 
8581	4   6   3  14   4 
8585	6  13   6 
8581	6  40  31 
8587	6  32  24 
8593	4  12  11  14  13 
8597	4  32  31  14  12 
8601	3  12  14  13 
8601	6  40  31 
8604	3  13  14   4 
8601	6  19   1 
8607	3   4  14  22 
8607	6  28  10 
8610	3  22  14   5 
8613	3   5  14  23 
8616	3  23  14   6 
8619	3   6  14  33 
8622	3  33  14  41 
8625	3   6  14  15 
8628	3  23  14  30 
8631	3   5  14  24 
8631	6  30  28 
8634	6  14  13 
8640	3  22  13  31 
8643	3   4  13  21 
8646	3  14  13   3 
8649	3  12  13  11 
8652	6  21  13 
8625	6  53  51 
8631	6  51  50 
8637	6  50  48 
8643	6  48  38 
8637	6  54  36 
8643	6  41  40 
8649	6  36  28 
8649	6  40  39 
8649	6  24  15 
8655	6  32  24 
8658	5  19  20  29  30  21 
8661	6  33  23 
8663	5  38  20  29  30  21 
8655	6   6   5 
8661	6   5   4 
8663	6  36  27 
8668	6  20   4 
8674	3  28  21  39 
8677	3  23  21  32 
8677	6  27  19 
8680	6  22  15 
8680	6  41  33 
8686	3  20  21  19 
8686	6  14   6 
8689	6  22  21 
8692	6   6   4 
8686	6  33  32 
8686	6  59  50 
8692	6  50  33 
8689	6  29  28 
8695	6  30  29 
8698	6  41  14 
8704	3  14  22  21 
8707	3  41  22  31 
8710	3  15  22  13 
8713	3   5  22   3 
8716	3   4  22  11 
8719	3  12  22  32 
8722	3  24  22  33 
8725	3  23  22  30 
8728	3  20  22  23 
8731	6  20  13 
8731	6  41  32 
8737	3  14  22  13 
8740	3  32  22  14 
8743	3  15  22  32 
8746	3   5  22  15 
8749	3   4  22   5 
8752	3  12  22   4 
8755	6  23  12 
8761	4  24  33  22  23 
8765	3  23  22  41 
8768	6  31   4 
8761	6  20  11 
8774	4  23  41  22  31 
8774	6   5   4 
8778	3  31  22  20 
8780	6  15   5 
8781	6  12  11 
8781	6  29  19 
8778	6  50  48 
8784	6  48  39 
8790	4  31  20  22   4 
8794	3   4  22   3 
8797	4   4   3  22   5 
8801	3   5  22  12 
8804	4   5  12  22  32 
8808	3  32  22  15 
8808	6  29  11 
8811	4  32  15  22  14 
8814	6  48  38 
8815	3  14  22  21 
8818	4  14  21  22  13 
8820	6  48  37 
8822	3  13  22  11 
8826	4  13  11  22  29 
8830	3  29  22  39 
8833	4  29  39  22  30 
8837	3  30  22  38 
8840	4  29  39  22  30 
8844	4  13  11  22  29 
8848	4  14  21  22  13 
8848	6  37  18 
8852	4  32  15  22  14 
8854	6  18  10 
8860	4   5  12  22  32 
8864	4   4   3  22   5 
8868	4  31  20  22   4 
8872	4  23  41  22  31 
8872	6  28   1 
8876	4  24  33  22  23 
8878	6  19   2 
8880	3  23  22  31 
8884	3  31  22   4 
8887	3   4  22   5 
8890	3   5  22  32 
8893	3  32  22  14 
8896	3  14  22  13 
8899	3  13  22  29 
8902	3  29  22  30 
8905	3  30  22  38 
8908	3  29  22  39 
8911	3  13  22  11 
8914	3  14  22  21 
8917	3  32  22  15 
8917	6  11   1 
8920	6  13   6 
8926	3   5  22  12 
8929	3   4  22   3 
8932	3  31  22  20 
8935	3  23  22  41 
8932	6   3   2 
8935	6  20  10 
8643	6  64  55 
8908	6  55  46 
8914	6  46  38 
8935	6  39  38 
8938	6  12   3 
8941	6  39  23 
8947	5  20  13  11  12  22 
8952	6  14  11 
8902	6  27  18 
8908	6  36  27 
8947	6  37  36 
8953	6  46  38 
8958	5  23  13  14  12  22 
8959	6  37  29 
8963	6  40  22 
8965	6  47  46 
8958	6  10   1 
8964	6  19  10 
8969	6  40  30 
8969	6  13   6 
8970	6  20  11 
8975	6  31  15 
8976	6  12   3 
8981	3  29  30  38 
8981	6  23   5 
8984	3  40  30  47 
8982	6  11   2 
8987	6  23  22 
8988	6   3   1 
8994	3  37  30  19 
8997	3  13  30  21 
9000	3  20  30  31 
9000	6  13   3 
9003	6  30  21 
8993	6  24  15 
9003	6  49  33 
9009	3  32  21  12 
9012	3  22  21  11 
9009	6  49  48 
8394	6  76  66 
8987	6  66  56 
8997	6  56  46 
9003	6  46  38 
9009	6  15   5 
9015	3   4  21  13 
9018	3  24  21  41 
9018	6   5   4 
9021	3  39  21  48 
9024	6  20   4 
9030	3  20  21  38 
9033	3  40  21  29 
9036	3  37  21  40 
9039	6  37  20 
9039	6  32  22 
9039	6  40  39 
9045	3   3  21  20 
9045	6  48  41 
9048	3   4  21   3 
9045	6  24  23 
9051	3  22  21   4 
9051	6  48  39 
9054	3  32  21  22 
9057	3   5  21  32 
9060	3  23  21   5 
9063	3  40  21  23 
9066	4  37  38  21  40 
9063	6   5   4 
9070	3  40  21  41 
9070	6  14   4 
9073	6  39  31 
9073	6  12  11 
9076	6   5   4 
9079	6  39  20 
9085	4  40  41  21  23 
9089	3  23  21  31 
9092	4  23  31  21  14 
9096	3  14  21  13 
9099	4  14  13  21  32 
9103	3  32  21  12 
9106	4  32  12  21  22 
9110	3  22  21  11 
9113	4  22  11  21   4 
9117	3   4  21  20 
9120	4   4  20  21   3 
9124	3   3  21  30 
9127	6  20   3 
9127	6  48  38 
9133	4  20  30  21  39 
9137	3  39  21  19 
9140	4  39  19  21  38 
9144	6  37  21 
9150	3  38  37  47 
9150	6  11   4 
9153	6  37  29 
9156	6  10   3 
9159	4  38  47  29  37 
9162	6  12   4 
9163	3  37  29  46 
9166	4  38  47  29  37 
9150	6  32  31 
9168	6  23   4 
9170	4  39  19  29  38 
9174	4  20  30  29  39 
9178	4  11  10  29  20 
9174	6  32  23 
9182	4  22  12  29  11 
9186	4  31  32  29  22 
9190	6  29  22 
9196	4  14  13  22  31 
9200	4   4  23  22  14 
9204	6  31   4 
9210	4  40  41  22  31 
9214	6  48  31 
9220	4  21  31  22  40 
9224	6  39  22 
9230	3  40  39  48 
9230	6  21  14 
9236	3  48  39  21 
9239	6  39  12 
9245	3  21  12   4 
9248	6  29  13 
9254	3   4  12  13 
9254	6  38  31 
9260	3  13  12  11 
9260	6  40  37 
9263	6  21  12 
9266	6  46  39 
9269	3  11  21  20 
9272	3  20  21  22 
9272	6  47  38 
9275	3  22  21  31 
9278	3  31  21  40 
9278	6  46  28 
9281	3  40  21  39 
9284	3  31  21  38 
9287	3  22  21  19 
9290	3  20  21  30 
9293	3  11  21  10 
9296	6  28  12 
9290	6  32  23 
9296	6  41  31 
9302	3  13  21  12 
9302	6  39  37 
9302	6   2   1 
9305	6  13   6 
9311	3   4  21  23 
9314	3  28  21  29 
9314	6   4   2 
9314	6  23  15 
9190	6  43  34 
9196	6  34  25 
9320	3  48  21  32 
9323	3  39  21  31 
9320	6  25  16 
9323	6  14   4 
9326	6  22  21 
9329	6  16  15 
9326	6  39  37 
9332	6  39  32 
9335	6   7   4 
9338	6  32  31 
9332	6  20  19 
9338	6  21  20 
9344	5  23  13   5  14  22 
9344	6  19  11 
9349	5  15  13   5  14  22 
9350	6  10   2 
9354	6  16  14 
9350	6  29  20 
9356	6  19  10 
9360	3   4  22  31 
9363	3  40  22  38 
9366	3  41  22  21 
9369	3  29  22  30 
9372	3  11  22   2 
9375	6  13  10 
9372	6  39  38 
9378	6  38  29 
9381	3  13  22  12 
9384	3   6  22  14 
9384	6  38  28 
9378	6  49  48 
9390	3  19  22  20 
9393	3  38  22  29 
9396	3  49  22  32 
9396	6  38  37 
9399	6  30  22 
9387	6   7   6 
9393	6   6   5 
9399	6   5   3 
9402	6  45  28 
9405	6  21   3 
9405	6  40  39 
9411	3  38  30  47 
9411	6  12   4 
9408	6  45  36 
9411	6  49  41 
9414	6  38  36 
9405	6  24   7 
9411	6  24  23 
9414	6  20  19 
9417	6  41  31 
9420	6  37  29 
9426	3  21  30  28 
9429	3  39  30  12 
9432	3  49  30  39 
9429	6  36  27 
9435	3  38  30  49 
9435	6  27  19 
9438	6  31  21 
9441	6  38  19 
9447	3  11  30  19 
9450	3  13  30  11 
9447	6  47  37 
9453	3  23  30  13 
9453	6  27  19 
9456	6  23  12 
9462	3  20  30  12 
9465	3  29  30  20 
9465	6  23   4 
9468	3  21  30  29 
9471	3  38  30  21 
9474	4  31  28  30  38 
9478	3  38  30  37 
9481	4  38  37  30  21 
9485	3  21  30  32 
9488	4  21  32  30  29 
9492	3  29  30  47 
9495	4  29  47  30  20 
9499	3  20  30  19 
9502	4  20  19  30  12 
9506	3  12  30  14 
9509	4  12  14  30  13 
9513	3  13  30  23 
9516	6  22  11 
9522	4  13  23  30  22 
9522	6  11   2 
9506	6  37  27 
9513	6  37  28 
9522	6  28  19 
9528	3  22  30  11 
9531	4  22  11  30  19 
9535	6  20   2 
9535	6  49  39 
9541	3  19  30  20 
9541	6  13   3 
9544	4  19  20  30  39 
9548	6  29  13 
9554	3  39  30  29 
9554	6  23   4 
9557	6  49  39 
9557	6  28  19 
9563	4  49  29  30  39 
9567	3  39  30  40 
9570	4  39  40  30  23 
9574	3  23  30  41 
9577	4  39  40  30  23 
9581	4  49  29  30  39 
9585	6  49  29 
9585	6  22  12 
9591	4  28  20  30  29 
9591	6  13   4 
9595	6  20   2 
9595	6  47  39 
9601	4  12  11  30  28 
9605	4   3  13  30  12 
9609	4  22  14  30   3 
9613	4  20  19  30  22 
9617	6  21   4 
9617	6  32  23 
9623	4  21  39  30  20 
9623	6  14   4 
9617	6  37  27 
9627	6  37  29 
9629	6  31  14 
9633	6  28  27 
9635	4  31  23  30  21 
9639	4  38  29  30  31 
9639	6  14  13 
9643	6  29  28 
9645	6  21  13 
9649	6  27  19 
9643	6  47  39 
9649	6  49  47 
9639	6  11   2 
9655	4  21  29  30  38 
9659	3  38  30  31 
9662	3  31  30  13 
9665	3  13  30  20 
9668	3  20  30  22 
9671	3  22  30   3 
9674	3   3  30  12 
9677	3  12  30  19 
9680	3  19  30  37 
9683	3  37  30  39 
9680	6   3   2 
9680	6  14  13 
9686	3  39  30  32 
9686	6   4   2 
9689	3  32  30  41 
9692	3  39  30  40 
9692	6  23   4 
9698	3  37  30  47 
9701	3  19  30  11 
9704	3  12  30   3 
9707	3  23  30  13 
9707	6  11   2 
9707	6  49  41 
9710	6  23   4 
9713	6  29  10 
9716	6  16  13 
9722	3  22  30  11 
9722	6   6   5 
9725	3  20  30  27 
9728	3  14  30  41 
9731	3  31  30  23 
9734	3  38  30  28 
9731	6   5   4 
9734	6  23  15 
9737	6  21   4 
9743	6  29  22 
9737	6  46  45 
9743	6  48  46 
9749	5  23  22  21  13  30 
9754	6  48  31 
9749	6  54  46 
9754	6  20   2 
9754	6  16  14 
9760	5  31  22  21  13  30 
9765	3  46  30  49 
9765	6   5   4 
9768	3  32  30  40 
9771	3  39  30  47 
9771	6   4   2 
9774	6  30  20 
9777	6  14  13 
9780	3  37  20  30 
9771	6  41  32 
9783	3  19  20   3 
9783	6  32  23 
9771	6  16   6 
9786	6  15   5 
9792	3  12  20  13 
9795	3   2  20  11 
9795	6  14   6 
9798	3  29  20  27 
9801	3   4  20  23 
9804	6  20   4 
9783	6  48  47 
9801	6  47  36 
9807	6  36  27 
9810	3  14   4   5 
9813	6  20   4 
9819	3  27  20  28 
9822	6  38  11 
9813	6  23  15 
9819	6  23  22 
9828	3  11  20  10 
9825	6  31  22 
9828	6  55  38 
9828	6  49  41 
9834	3  31  20  38 
9837	6  47  20 
9843	3  49  47  46 
9846	3  39  47  49 
9846	6  28  19 
9843	6  21  12 
9849	6  47  38 
9849	6  22   2 
9855	3  37  38  39 
9855	6  11   4 
9858	3  28  38  37 
9861	3  21  38  28 
9864	3  22  38  21 
9867	3  29  38  22 
9870	3  11  38  29 
9873	6  21  14 
9873	6  28  27 
9879	3  21  38  11 
9882	3  28  38  21 
9882	6   4   2 
9885	6  38  19 
9891	6  18   2 
9885	6  31  21 
9891	6  47  30 
9897	3  18  19  28 
9900	6  20  18 
9897	6  39  31 
9888	6  14   5 
9894	6  14  13 
9903	6  31  13 
9909	4  21  30  19  20 
9913	3  20  19  10 
9913	6  31  30 
9916	6  28  19 
9919	6  21  11 
9909	6  23  15 
9919	6  40  23 
9925	4  20  10  28  19 
9925	6  40  31 
9929	3  19  28  38 
9931	6  31  22 
9932	6  29  28 
9938	4  19  38  29  39 
9942	3  39  29  30 
9945	4  39  30  29  21 
9949	3  21  29  22 
9952	6  22  20 
9942	6  36  27 
9952	6  37  27 
9958	4  21  20  29  28 
9962	3  28  29  37 
9965	6  38  31 
9942	6  56  55 
9909	6   5   4 
9915	6   4   3 
9962	6  11   3 
9968	6  20  11 
9971	6  56  39 
9962	6  14  13 
9965	6  36  27 
9971	6  22  13 
9974	6  27  19 
9977	6  21   4 
9980	6  36  18 
9983	6  47  30 
9989	4  28  37  29  38 
9993	3  38  29  39 
9993	6  18  11 
9983	6  14  13 
9996	6  48  31 
9999	6  13  12 
10002	6  49  40 
10008	4  38  39  29  20 
10012	3  20  29  22 
10015	4  20  22  29  19 
10019	3  19  29  21 
10022	4  19  21  29  11 
10026	3  11  29  30 
10029	4  11  30  29  12 
10033	3  12  29  31 
10036	6  30  12 
10036	6  41  23 
10042	4  30  31  29  40 
10046	6  31  29 
10019	6  47  46 
10046	6  48  47 
10052	3  40  31  41 
10055	4  40  41  31  48 
10059	6  48  32 
10052	6  20  19 
10059	6  21  20 
10065	3  32  31  23 
10065	6  38  19 
10068	4  40  41  31  32 
10071	6  37  19 
10072	6  31  30 
10042	6   4   2 
10048	6   2   1 
10077	6  10   1 
10078	4  31  29  30  40 
10083	4  11  12  30  31 
10087	4  21  20  30  11 
10091	4  38  22  30  21 
10095	4  37  39  30  38 
10099	4  28  19  30  37 
10103	6  30  19 
10095	6  56  55 
10103	6  55  45 
10109	4  10  18  19  28 
10113	6  37  10 
10119	6  36  19 
10095	6  14  13 
10119	6  21  13 
10125	4  45  46  36  37 
10125	6  19   1 
10125	6  30  21 
10131	4  27  47  36  45 
10131	6  30  20 
10125	6  13   3 
10131	6  22  13 
10135	6  37  36 
10135	6  49  40 
10137	6  30  22 
10137	6  18  10 
10131	6   3   2 
10143	4  20  19  37  27 
10147	4  30  40  37  20 
10151	3  20  37  27 
10154	3  27  37  45 
10154	6  20   2 
10157	3  45  37  36 
10160	3  36  37  28 
10160	6  30  11 
10163	6  37  28 
10151	6  49  48 
10151	6  41  32 
10157	6  49  41 
10166	6  49  39 
10169	3  37  28  18 
10163	6  32  23 
10169	6  32  22 
10172	3  18  28  38 
10175	3  38  28  20 
10178	3  20  28  30 
10181	3  30  28  31 
10184	3  31  28  48 
10187	3  48  28  39 
10190	6  29  22 
10190	6  48  40 
10196	3  39  28  29 
10196	6  23  22 
10199	6  39  28 
10202	6  32  22 
10205	6  38  29 
10208	6  21  13 
10211	3  40  39  32 
10205	6  19  18 
10211	6  28  19 
10214	3  31  39  23 
10217	3  30  39  12 
10220	3  20  39  22 
10223	3  29  39  21 
10226	6  48  28 
10226	6  21  13 
10232	3  48  39  49 
10232	6  28  10 
10187	6  55  45 
10238	3  37  39  21 
10241	3  36  39  28 
10244	3  55  39  46 
10247	6  38  27 
10241	6  11   2 
10247	6  20  11 
10253	3  38  39  47 
10253	6  19  18 
10241	6  23   6 
10247	6  22   5 
10253	6  15  13 
10256	6  39  30 
10259	6  11   9 
10259	6  22  14 
10265	3  20  30  19 
10268	5  14  13  22  23  30 
10273	6  21  11 
10247	6  73  54 
10253	6  54  36 
10259	6  37  36 
10268	6  19  18 
10273	6  39  32 
10273	6  14   6 
10279	5  21  13  22  23  30 
10284	3  37  30  27 
10284	6  23  14 
10287	3  19  30  39 
10290	3  40  30  23 
10293	3  31  30  12 
10293	6  14   5 
10290	6  19   9 
10296	6  21  19 
10299	6  23  15 
10296	6  48  39 
10302	6  38  11 
10308	3  32  30  14 
10308	6  37  36 
10311	3  21  30  23 
10287	6  55  54 
10308	6  55  47 
10314	3  29  30  49 
10314	6  54  45 
10317	3  39  30  38 
10320	3  37  30  28 
10323	3  47  30  46 
10326	6  46  30 
10317	6  11  10 
10323	6  19  10 
10329	6  27  19 
10332	3  45  46  55 
10335	6  46  19 
10341	3  27  19  18 
10341	6  64  46 
10344	3  20  19  11 
10347	6  46  28 
10347	6  10   2 
10332	6  40  39 
10338	6  39  30 
10347	6  30  21 
10353	3  10  19  28 
10356	3   9  19  36 
10359	6  21  10 
10365	3  10  19   9 
10365	6  31  12 
10371	3  12  19  10 
10371	6  32  31 
10374	6  20  19 
10359	6  46  45 
10365	6  46  38 
10371	6  55  46 
10377	6  46  39 
10383	3  31  20  12 
10383	6  47  37 
10386	3  30  20  31 
10389	3  29  20  30 
10389	6  46  36 
10392	3  40  20  29 
10395	3  47  20  40 
10398	3  37  20  47 
10401	3  38  20  37 
10404	3  27  20  38 
10407	3  19  20  27 
10407	6  46  45 
10410	4  21  28  20  19 
10414	3  19  20  11 
10417	4  19  11  20  27 
10421	3  27  20  18 
10424	4  27  18  20  38 
10428	3  38  20  39 
10431	4  38  39  20  37 
10435	3  37  20  36 
10438	4  37  36  20  47 
10442	6  37  20 
10442	6  48  40 
10442	6  56  55 
10448	3  47  37  46 
10448	6  49  30 
10454	4  47  46  37  48 
10458	3  48  37  56 
10461	4  48  56  37  29 
10465	3  29  37  30 
10465	6  49  48 
10398	6  32  23 
10454	6  41  32 
10468	6  37  30 
10460	6  23  13 
10465	6  11  10 
10466	6  15   4 
10472	6   4   2 
10474	4  29  37  30  48 
10478	3  48  30  41 
10478	6  10   2 
10481	4  48  41  30  31 
10484	6  19   9 
10485	3  31  30  14 
10488	4  31  14  30  12 
10492	3  12  30  13 
10495	4  12  13  30  11 
10499	3  11  30  10 
10502	4  11  10  30  19 
10506	6  39  19 
10478	6  46  45 
10512	3  39  30  40 
10512	6  47  46 
10465	6  65  64 
10512	6  65  57 
10512	6  12  10 
10518	4  39  40  30  47 
10522	3  47  30  57 
10525	4  39  40  30  47 
10529	6  39  21 
10499	6  23  14 
10518	6  19  10 
10535	4  11  12  30  21 
10539	6  20  13 
10545	4  19  20  30  11 
10549	6  22  19 
10529	6  57  56 
10535	6  57  47 
10541	6  49  47 
10547	6  56  45 
10555	4  31  23  30  22 
10559	4  48  41  30  31 
10563	4  29  37  30  48 
10567	4  47  49  30  29 
10571	6  38  30 
10571	6  13  11 
10577	4  46  56  38  47 
10577	6  19  11 
10581	6  30  29 
10583	6  27  10 
10589	4  19  36  38  46 
10593	4  29  27  38  19 
10597	6  38  19 
10603	4  10  18  19  29 
10607	4   9   2  19  10 
10607	6  39  38 
10611	6  20   9 
10613	6  47  37 
10619	4  38  28  19  20 
10623	3  20  19  10 
10623	6  48  38 
10626	6  31  20 
10632	3  10  19  29 
10632	6  22  12 
10635	3  29  19  39 
10638	3  39  19  46 
10638	6  13   3 
10641	3  46  19  37 
10644	3  37  19  30 
10644	6  57  48 
10647	6  20  19 
10650	6  48  31 
10647	6  45  37 
10653	6  37  29 
10656	6  23  13 
10659	3  30  20  38 
10662	3  38  20  19 
10665	3  19  20  12 
10668	3  12  20   3 
10671	3   3  20  21 
10674	3  21  20  31 
10677	3  31  20  29 
10680	3  21  20  40 
10683	3   3  20  22 
10686	3  12  20   9 
10689	6  13  10 
10683	6  41  40 
10665	6  46  45 
10680	6  46  37 
10689	6  49  46 
10695	3  19  20  10 
10698	3  38  20  40 
10701	3  30  20  47 
10704	6  36  20 
10704	6  49  48 
10710	3  37  36  46 
10713	3  45  36  56 
10716	3  39  36  20 
10719	6  48  28 
10719	6  21  13 
10725	3  28  36  27 
10725	6  21  10 
10728	6  36  27 
10725	6  49  39 
10731	6  20   2 
10731	6  39  38 
10731	6  13   5 
10737	3  10  27  18 
10737	6  12   4 
10740	6  29  27 
10743	6  22  14 
10746	3  38  29  20 
10716	6  64  63 
10722	6  64  55 
10728	6  56  55 
10749	5  12  22  11  13  29 
10749	6  56  48 
10754	6  30  11 
10760	6  48  21 
10754	6  18   0 
10754	6  41  32 
10754	6   5   4 
10766	5  21  22  30  13  29 
10771	3  18  29  27 
10771	6  14  12 
10774	6  30  29 
10777	6  11   4 
10780	3  31  30  32 
10783	3  11  30  12 
10786	6  12   9 
10786	6  48  39 
10792	3   3  30  12 
10795	6  21   5 
10801	3  21  30  39 
10804	6  39  19 
10801	6   4   3 
10807	6  12   3 
10810	3  39  30  40 
10810	6  46  28 
10816	3  48  30  47 
10819	3  12  30  28 
10819	6  55  47 
10822	6  20   2 
10822	6  45  36 
10828	3  37  30  47 
10831	6  36  29 
10831	6  49  48 
10837	3  29  30  20 
10837	6  47  45 
10810	6   9   0 
10822	6  18   9 
10837	6  27  18 
10840	6  20   2 
10843	6  56  39 
10849	3  48  30  47 
10852	3  46  30  27 
10852	6  58  49 
10855	3  10  30  20 
10858	3  38  30  39 
10858	6  11   9 
10864	3  57  30  49 
10864	6  10   9 
10867	6  31  21 
10822	6  13   4 
10867	6  56  38 
10867	6  58  49 
10873	3  21  30  11 
10876	3  10  30  21 
10879	3  13  30  10 
10882	3  31  30  13 
10885	3  38  30  31 
10888	3  49  30  38 
10891	6  39  12 
10882	6  27   9 
10888	6  45  27 
10897	3  39  30  49 
10900	3  37  30  39 
10903	3  29  30  37 
10906	3  48  30  29 
10909	3  46  30  48 
10912	6  37  30 
10912	6  58  48 
10912	6  12  11 
10918	3  45  37  46 
10918	6  30  11 
10921	6  56  47 
10921	6  45  36 
10924	6  30  29 
10927	6  46  27 
10933	3  47  37  36 
10933	6  18   9 
10936	4  57  48  37  47 
10940	3  47  37  29 
10940	6  58  40 
10943	4  47  29  37  36 
10947	3  36  37  20 
10947	6  48  40 
10950	4  36  20  37  27 
10954	3  27  37  18 
10954	6  48  30 
10957	6  28  18 
10960	6  47  30 
10954	6  11   2 
10963	6  19  11 
10966	6  48  38 
10969	6  20   2 
10972	6  46  27 
10975	6  39  29 
10978	6  36  18 
10981	6  49  30 
10984	6  36  28 
10987	6  55  39 
10993	4  46  36  37  47 
10993	6  58  49 
10997	3  47  37  56 
11000	4  47  56  37  38 
11004	3  38  37  19 
11004	6  57  49 
11007	4  38  19  37  20 
11010	6  49  31 
11011	3  20  37  27 
11016	4  20  27  37  29 
11020	3  29  37  28 
11020	6  56  49 
11023	6  27  11 
11026	6  56  47 
11029	6  20  13 
11035	4  29  28  37  30 
11035	6  11   3 
11039	3  30  37  39 
11041	6  19  11 
11042	4  30  39  37  48 
11029	6   9   0 
11047	3  48  37  57 
11047	6  18  10 
11050	4  48  57  37  47 
11054	3  47  37  27 
11057	4  47  27  37  20 
11061	3  20  37  19 
11064	4  20  19  37  18 
11068	6  37  10 
11074	3  18  10   9 
11074	6  21  20 
11035	6  32  23 
11046	6  23   4 
11052	6   4   3 
11077	6   2   0 
11074	6  47  37 
11080	6  28  21 
11080	6  57  47 
11086	4  18   9  10  20 
11086	6  48  38 
11090	3  20  10   3 
11092	6  47  36 
11093	4  20   3  10  12 
11097	3  12  10   2 
11098	6  36  29 
11104	4  20   3  10  12 
11108	4  18   9  10  20 
11112	4  28  19  10  18 
11116	4  37  27  10  28 
11120	6  28  10 
11126	4  38  29  28  37 
11130	4  30  39  28  38 
11134	6  36  29 
11108	6   4   3 
11120	6  12   3 
11134	6  22  13 
11140	4  29  21  28  30 
11144	6  28  21 
11144	6  48  39 
11150	4  22  12  21  29 
11154	6  39  12 
11160	4  12  11  21  22 
11160	6  56  38 
11160	6  49  40 
11164	6  20  12 
11166	6  46  39 
11172	4  38  40  21  20 
11176	6  48  21 
11126	6   9   0 
11176	6  27   9 
11182	4  39  47  48  38 
11182	6  28  27 
11186	6  57  47 
11186	6  30  20 
11192	4  47  28  48  39 
11196	4  58  55  48  47 
11196	6  22  21 
11202	4  31  49  48  58 
11206	3  58  48  47 
11206	6  28  20 
11209	3  47  48  39 
11212	3  39  48  38 
11215	3  38  48  30 
11218	3  30  48  21 
11221	3  21  48  29 
11224	3  29  48  28 
11227	6  47  28 
11233	3  47  48  56 
11233	6  29  10 
11236	6  48  46 
11239	6  28  18 
11239	6  21  12 
11245	3  56  46  37 
11245	6  21  20 
11248	6  46  37 
11245	6   3   2 
11251	6  19   2 
11257	3  46  37  29 
11257	6  11   3 
11260	3  29  37  28 
11263	3  28  37  20 
11266	3  20  37  19 
11269	6  37  10 
11263	6   4   3 
11275	3  19  10  11 
11278	3  20  10   3 
11281	6  28   1 
11287	3   1  10   0 
11287	6  46  27 
11293	3  29  10   2 
11293	6  56  45 
11296	6  28  10 
11296	6  30  22 
11302	3  27  28   9 
11302	6  21  12 
11305	3  45  28  36 
11302	6  14   4 
11308	3  47  28  30 
11308	6  14  13 
11311	3  37  28  46 
11314	3  21  28  48 
11317	6  28  12 
11317	6  40  39 
11323	3  22  12  13 
11323	6  39  29 
11326	6  21  12 
11323	6  57  50 
11329	6  50  39 
11323	6  55  46 
11329	6  56  46 
11335	3  38  21  29 
11335	6  57  56 
11338	3  40  21  39 
11341	3  18  21  28 
11341	6  58  48 
11344	6  30  21 
11326	6  24   5 
11344	6  46  28 
11344	6  32  24 
11344	6  14  13 
11350	3  48  30  57 
11353	6  31  28 
11350	6  25  24 
11359	5  32  13  31  23  30 
11364	6  24  22 
11364	6  29  11 
11370	5  22  13  31  23  30 
11370	6  34  26 
11375	6  31  29 
11376	6  34  33 
11344	6   9   0 
11359	6  18   9 
11370	6  18  10 
11376	6  11   1 
11382	3  33  30  31 
11385	3  19  30   3 
11388	3  20  30  10 
11391	6  30   3 
11385	6  50  41 
11391	6  18   0 
11397	3  11   3   2 
11397	6  41  30 
11397	6  19  18 
11400	6  11   3 
11403	6  36  18 
11406	6  29  11 
11409	6  45  36 
11412	3  30  29  19 
11415	3  27  29  18 
11418	6  36  20 
11353	6  56  55 
11359	6  58  57 
11397	6  57  48 
11397	6  14  13 
11403	6  24  23 
11415	6  31  23 
11424	3  20  29  21 
11424	6  10   1 
11427	3  47  29  56 
11430	3  37  29  48 
11430	6  11  10 
11433	6  40  37 
11436	6  18   9 
11439	3  12  29  13 
11439	6  58  48 
11442	3  31  29  11 
11445	3  38  29  39 
11445	6  19  18 
11448	6  48  30 
11454	3  37  29  46 
11454	6  57  48 
11457	3  19  29  30 
11385	6  44  34 
11421	6  34  24 
11442	6  24  14 
11448	6  14  13 
11454	6  13  12 
11448	6  34  33 
11454	6  33  23 
11460	3  48  29  49 
11460	6  24  13 
11460	6  10   2 
11463	6  29  20 
11466	6   4   2 
11463	6  49  40 
11469	6  32  30 
11472	6  11   2 
11475	6  32  31 
11478	3  28  20  12 
11466	6  15   6 
11472	6  15   5 
11481	5  22  13   4  23  20 
11481	6  46  37 
11486	3  13   4  23 
11487	6  37  29 
11489	6   5   2 
11469	6  50  49 
11475	6  49  48 
11493	6  48  38 
11495	6  15  14 
11501	4  13   4  23  20 
11505	3  22  20  12 
11508	3  30  20  40 
11508	6  13   5 
11514	3  11  20  31 
11514	6  14   4 
11505	6  25  24 
11520	3   2  20  29 
11520	6  23  15 
11523	3  38  20  39 
11526	3   4  20  13 
11526	6  32  24 
11529	6  20  13 
11511	6  58  50 
11526	6  50  43 
11532	6  43  16 
11517	6  57  56 
11526	6  57  48 
11532	6  48  40 
11538	3  32  13  23 
11541	3   6  13  16 
11538	6  51  43 
11541	6  41  40 
11544	6  23  13 
11547	6  51  40 
11487	6  54  45 
11493	6  45  36 
11526	6  37  36 
11532	6  38  37 
11538	6  38  29 
11544	6  29  20 
11523	6   9   1 
11529	6   2   1 
11544	6   3   2 
11544	6   7   6 
11535	6  18  10 
11544	6  26  25 
11550	6  13  10 
11550	6  25  24 
11532	6  55  45 
11538	6  45  36 
11544	6  36  27 
11556	3  40  23  41 
11556	6  27  19 
11559	6  23  13 
11562	6  18  11 
11568	3  20  13  21 
11571	3   6  13   3 
11571	6  20  19 
11574	3  24  13  23 
11559	6  50  40 
11565	6  40  39 
11571	6  39  30 
11577	3  20  13  11 
11580	6  12   9 
11571	6  51  41 
11577	6  42  32 
11583	6  41  24 
11538	6  64  56 
11544	6  56  47 
11577	6  47  39 
11586	6  22  13 
11589	6  40  33 
11586	6  20   9 
11592	6  28  11 
11595	6  48  31 
11598	6  37  27 
11601	3  30  22  12 
11604	3  32  22  24 
11601	6  48  47 
11604	6  37  29 
11610	3  39  22  40 
11613	3  11  22  20 
11613	6  47  39 
11616	6  31  22 
11619	6  48  46 
11607	6  42  33 
11613	6  42  41 
11625	3  49  31  22 
11628	3  29  31  39 
11631	3  48  31  38 
11634	6  57  40 
11628	6  33  25 
11634	6  37  29 
11634	6  33  23 
11640	3  40  31  41 
11643	6  29  22 
11616	6  11  10 
11628	6  11   3 
11634	6  26   6 
11640	6   5   3 
11646	6  15   6 
11649	3  23  31  22 
11652	6  31  14 
11640	6  60  58 
11646	6  60  42 
11652	6  42  33 
11646	6  56  48 
11652	6  49  48 
11658	3  15  14   5 
11658	6  49  42 
11661	6  24  14 
11640	6  46  45 
11649	6  46  37 
11655	6  37  29 
11658	6  22  21 
11664	6  31  29 
11661	6  36  18 
11664	6  12  11 
11670	3  33  24  16 
11670	6  21  18 
11676	3  42  24  51 
11676	6  13  12 
11652	6  64  56 
11658	6  56  47 
11664	6  48  47 
11679	6  40  24 
11676	6  28  20 
11682	6  12   2 
11688	3  31  40  22 
11691	3  21  40  13 
11694	3  48  40  49 
11694	6  21  12 
11670	6  55  46 
11682	6  46  37 
11688	6  37  28 
11694	6  29  28 
11697	6  40  39 
11700	6  28  11 
11688	6  55  54 
11694	6  23  14 
11694	6  55  46 
11700	6  47  46 
11700	6  23  22 
11706	3  21  39  20 
11709	3  29  39  28 
11712	6  38  22 
11685	6  34  33 
11694	6  42  33 
11697	6  58  57 
11700	6  63  54 
11706	6  54  45 
11718	3  47  39  38 
11721	3  42  39  58 
11718	6  45  36 
11706	6  73  64 
11724	3  37  39  36 
11727	6  56  39 
11733	3  55  56  64 
11733	6  58  40 
11718	6  23  22 
11724	6  44  33 
11739	3  58  56  74 
11739	6  33  31 
11742	6  56  38 
11745	6  23  21 
11745	6  49  41 
11727	6  27  18 
11733	6  36  27 
11748	6  67  56 
11718	6   5   4 
11751	6  20   4 
11754	6  76  57 
11757	6  37  20 
11745	6  34  16 
11751	6  41  34 
11757	6  41  40 
11760	6  75  58 
11763	3  21  38  31 
11757	6  52  43 
11763	6  52  42 
11769	3  49  38  65 
11772	3  36  38  56 
11772	6  51  41 
11775	3  37  38  57 
11778	3  40  38  58 
11781	6  40  38 
11781	6  68  51 
11781	6  23  22 
11787	3  41  40  42 
11790	6  41  23 
11787	6  69  59 
11796	3  41  40  51 
11796	6  22  13 
11799	6  59  39 
11799	6  42  34 
11805	3  22  40  39 
11805	6  61  51 
11781	6  66  56 
11805	6  57  56 
11808	6  31   4 
11811	6  57  48 
11811	6  60  43 
11805	6  37  28 
11811	6  38  37 
11817	3  42  40  51 
11820	3  31  40  48 
11820	6  60  59 
11823	6  48  38 
11826	6  69  50 
11817	6  76  66 
11829	6  66  57 
11832	6  59  40 
11835	6  65  47 
11838	6  67  58 
11844	3  48  59  40 
11841	6  75  65 
11847	3  58  59  50 
11847	6  39  29 
11850	3  68  59  57 
11823	6  22  13 
11847	6  32  22 
11853	3  52  59  68 
11853	6  40  32 
11856	6  59  58 
11856	6  51  42 
11862	3  75  58  59 
11865	3  39  58  48 
11868	3  40  58  31 
11871	6  67  51 
11871	6  22  12 
11877	3  66  58  67 
11877	6  31  13 
11880	6  58  49 
11856	6  44  34 
11871	6  34  24 
11883	6  32  24 
11886	6  49  40 
11871	6  37  29 
11883	6  30  29 
11889	6  16  13 
11889	6  29  28 
11895	3  22  40  31 
11895	6  24  15 
11898	6  31  29 
11877	6  46  36 
11883	6  47  46 
11898	6  48  47 
11904	3  33  40  41 
11901	6  14  12 
11907	3  32  40  23 
11907	6  21  12 
11892	6  59  58 
11907	6  59  51 
11907	6  43  34 
11865	6  73  64 
11889	6  64  55 
11904	6  55  28 
11910	6  39  28 
11913	6  22  12 
11910	6  63  55 
11916	6  57  55 
11922	3  13  40  30 
11922	6  65  56 
11925	3  24  40  31 
11916	6  37  36 
11922	6  46  37 
11928	3  21  40  48 
11928	6  64  55 
11931	3  43  40  51 
11934	3  39  40  22 
11937	3  57  40  56 
11940	6  47  40 
11931	6  28  10 
11934	6  77  60 
11940	6  77  67 
11946	3  46  47  55 
11946	6  68  58 
11937	6  23  14 
11946	6  40  23 
11952	3  28  47  20 
11952	6  68  50 
11949	6  63  54 
11952	6  32  23 
11955	6  54  38 
11958	6  32  31 
11961	3  67  47  58 
11928	6  16   6 
11943	6   6   4 
11949	6   4   3 
11955	6  10   3 
11961	6  19   9 
11964	3  40  47  50 
11967	3  38  47  31 
11967	6  18  10 
11970	6  47  29 
11967	6  77  59 
11967	6  42  34 
11973	6  59  41 
11976	3  19  29  18 
11979	6  32  29 
11973	6  26  25 
11985	3  42  32  41 
11985	6  47  30 
11985	6  25  24 
11991	6  30  23 
11979	6  10   9 
11985	6  11  10 
11988	6  59  49 
11991	6  12  11 
11994	6  49  41 
11997	6  22  12 
11994	6  69  52 
12000	6  52  33 
11949	6   7   6 
11955	6   6   5 
11997	6  47  29 
11997	6  15   5 
12003	6  29  13 
11991	6  35  26 
12006	6  42  35 
12009	6  49  47 
12012	3  24  32  23 
12009	6   6   4 
12015	3  22  32  41 
12015	6  48  39 
12018	3  33  32  14 
12021	3  15  32  13 
12021	6  39  30 
12024	6  23   4 
11997	6  10   9 
12009	6  20  10 
12018	6  51  50 
12024	6  50  41 
12027	6  39  20 
12015	6   2   1 
12030	6   3   2 
12033	3  42  32  49 
12036	3  23  32  30 
12039	3  39  32  41 
12039	6  13   3 
12015	6  46  45 
12042	6  32  30 
12042	6  56  37 
12021	6  63  54 
12048	3  13  30  12 
12048	6  56  54 
12051	6  37  30 
12036	6   9   1 
12042	6  19   9 
12039	6  16  15 
12051	6   4   1 
12057	3  46  37  30 
12057	6  14   6 
12060	3  56  37  55 
12063	1  55 
12063	3  19  37  10 
12063	6  15  13 
12066	6  37  20 
12069	6  22  14 
12000	6  78  68 
12036	6  68  58 
12042	6  58  49 
12060	6  49  40 
12066	6  40  39 
12072	6  39  19 
12072	6  55  46 
12078	4  22   4  13  20 
12078	6  46  37 
12082	3  22   4  13 
12078	6   9   0 
12084	6  28   9 
12085	6  21  13 
12090	6  11  10 
12090	6  29  28 
12091	6  13   4 
12097	3  22  13  20 
12100	3  11  20  19 
12100	6  31  13 
12103	2  20  19 
12106	3  37  20  29 
12109	2  20  29 
12111	4  19  29  20  21 
12115	1  21 
12115	3  11  20  19 
12118	2  20  19 
12118	6  30  22 
12124	3  37  20  29 
12127	1  37 
12127	2  20  29 
12127	6  39  31 
12133	3  30  39  20 
12136	2  30  39 
12138	3  30  21  19 
12141	2  30  19 
12143	3  30  11  29 
12146	2  30  29 
12148	4  19  29  30  39 
12152	3  30  21  19 
12155	1  21 
12156	2  30  19 
12158	2  39  19 
12160	1  19 
12160	3  30  11  29 
12163	2  30  29 
12165	1  30 
12165	2  21  29 
12167	1  29 
12168	3  19  29  30 
12171	2  39  19 
12173	1  19 
12173	2  21  29 
12175	1  29 
