   1	1   5 
   1	1   0 
   1	1   4 
   1	1   8 
   1	1   1 
   1	1   9 
   1	1   6 
   2	1   4 
   2	1   8 
   2	2   0   5 
   4	2   4   0 
   4	2   6   9 
   6	1   0 
   6	2   5   4 
   8	1   4 
   8	2   5   0 
  10	1   0 
  10	1   5 
  11	2   4   0 
  13	2   5   4 
  15	1   4 
  15	2   0   5 
  16	1   4 
  17	1   0 
  17	1   5 
  18	2   0   4 
  20	2   8   0 
  22	1   0 
  22	2   4   8 
  24	1   8 
  24	2   4   0 
  26	1   0 
  26	1   4 
  26	2   5   1 
  28	2   8   0 
  30	2   4   8 
  32	1   8 
  32	2   0   4 
  33	1   8 
  34	1   0 
  34	1   4 
  34	1   8 
  35	1   0 
  36	2   0   5 
  38	1   5 
  38	2   1   0 
  40	1   0 
  40	2   1   5 
  42	1   5 
  42	1   1 
  43	2   0   5 
  45	2   1   0 
  47	1   0 
  47	2   5   1 
  48	1   0 
  49	1   5 
  49	1   1 
  49	1   0 
  50	1   5 
  51	2   5   6 
  53	1   6 
  53	2   9   5 
  55	1   5 
  55	2   9   6 
  57	1   6 
  57	1   9 
  58	2   5   6 
  60	2   9   5 
  62	1   5 
  62	2   6   9 
  63	1   5 
  64	1   9 
  64	1   6 
  64	2   5   1 
  66	2   0   5 
  68	1   5 
  68	2   1   0 
  68	2   6   9 
  70	1   0 
  70	2   1   5 
  72	1   5 
  72	1   1 
  73	2   0   5 
  75	2   1   0 
  77	1   0 
  77	2   5   1 
  78	1   0 
  79	1   5 
  79	1   1 
  79	2   0   4 
  81	2   8   0 
  83	1   0 
  83	2   4   8 
  85	1   8 
  85	2   4   0 
  87	1   0 
  87	1   4 
  87	2   5   1 
  89	2   8   0 
  91	2   4   8 
  93	1   8 
  93	2   0   4 
  94	1   8 
  95	1   0 
  95	1   4 
  95	1   8 
  96	1   0 
  96	1   4 
  97	2   0   5 
  99	1   5 
  99	2   1   0 
 101	1   0 
 101	2   1   5 
 103	1   5 
 103	1   1 
 104	2   0   5 
 106	2   1   0 
 108	1   0 
 108	2   5   1 
 109	1   0 
 110	1   5 
 110	1   1 
 110	1   0 
 111	1   5 
 112	2   5   6 
 114	1   6 
 114	2   9   5 
 116	1   5 
 116	2   9   6 
 118	1   6 
 118	1   9 
 119	2   5   6 
 121	2   9   5 
 123	1   5 
 123	2   6   9 
 124	1   5 
 125	1   9 
 125	1   6 
 125	2   5   1 
 127	2   0   5 
 129	1   5 
 129	2   1   0 
 129	2   6   9 
 131	1   0 
 131	2   1   5 
 133	1   5 
 133	1   1 
 134	2   0   5 
 136	2   1   0 
 138	1   0 
 138	2   5   1 
 139	1   0 
 140	1   5 
 140	1   1 
 141	2   0   5 
 143	2   4   0 
 145	1   0 
 145	2   5   4 
 147	1   4 
 147	2   5   0 
 149	1   0 
 149	1   5 
 150	2   4   0 
 152	2   5   4 
 154	1   4 
 154	2   0   5 
 155	1   4 
 156	1   0 
 156	1   5 
 157	2   0   4 
 159	2   8   0 
 161	1   0 
 161	2   4   8 
 163	1   8 
 163	2   4   0 
 165	1   0 
 165	1   4 
 165	2   5   1 
 167	2   8   0 
 169	2   4   8 
 171	1   8 
 171	2   0   4 
 172	1   8 
 173	1   0 
 173	1   4 
 173	1   8 
 174	1   0 
 175	2   0   5 
 177	1   5 
 177	2   1   0 
 179	1   0 
 179	2   1   5 
 181	1   5 
 181	1   1 
 182	2   0   5 
 184	2   1   0 
 186	1   0 
 186	2   5   1 
 187	1   0 
 188	1   5 
 188	1   1 
 188	1   0 
 189	1   5 
 190	2   5   6 
 192	1   6 
 192	2   9   5 
 194	1   5 
 194	2   9   6 
 196	1   6 
 196	1   9 
 197	2   5   6 
 199	2   9   5 
 201	1   5 
 201	2   6   9 
 202	1   5 
 203	1   9 
 203	1   6 
 203	2   5   1 
 205	2   0   5 
 207	1   5 
 207	2   1   0 
 207	2   6   9 
 209	1   0 
 209	2   1   5 
 211	1   5 
 211	1   1 
 212	2   0   5 
 214	2   1   0 
 216	1   0 
 216	2   5   1 
 217	1   0 
 218	1   5 
 218	1   1 
 218	2   0   4 
 220	2   8   0 
 222	1   0 
 222	2   4   8 
 224	1   8 
 224	2   4   0 
 226	1   0 
 226	1   4 
 226	2   5   1 
 228	2   8   0 
 230	2   4   8 
 232	1   8 
 232	2   0   4 
 233	1   8 
 234	1   0 
 234	1   4 
 234	1   8 
 235	1   0 
 236	2   0   5 
 238	1   5 
 238	2   1   0 
 240	1   0 
 240	2   1   5 
 242	1   5 
 242	1   1 
 243	2   0   5 
 245	2   1   0 
 247	1   0 
 247	2   5   1 
 248	1   0 
 249	1   5 
 249	1   1 
 249	1   0 
 250	1   5 
 251	2   5   6 
 253	1   6 
 253	2   9   5 
 255	1   5 
 255	2   9   6 
 257	1   6 
 257	1   9 
 258	2   5   6 
 260	2   9   5 
 262	1   5 
 262	2   6   9 
 263	1   5 
 264	1   9 
 264	1   6 
 264	2   5   1 
 266	2   0   5 
 268	1   5 
 268	2   1   0 
 268	2   6   9 
 270	1   0 
 270	2   1   5 
 272	1   5 
 272	1   1 
 273	2   0   5 
 275	2   1   0 
 277	1   0 
 277	2   5   1 
 278	1   0 
 279	1   5 
 279	1   1 
 279	2   0   4 
 280	1   5 
 281	2   5   0 
 283	1   0 
 283	2   4   5 
 285	1   5 
 285	2   4   0 
 287	1   0 
 287	1   4 
 288	2   5   0 
 290	2   4   5 
 292	1   5 
 292	2   0   4 
 293	1   5 
 294	1   0 
 294	1   4 
 295	2   0   5 
 297	2   8   0 
 299	1   0 
 299	2   5   8 
 301	1   8 
 301	2   5   0 
 303	1   0 
 303	1   5 
 303	2   4   1 
 305	2   8   0 
 307	2   5   8 
 309	1   8 
 309	2   0   5 
 310	1   8 
 311	1   0 
 311	1   5 
 311	1   8 
 312	1   0 
 313	2   0   4 
 315	1   4 
 315	2   1   0 
 317	1   0 
 317	2   1   4 
 319	1   4 
 319	1   1 
 320	2   0   4 
 322	2   1   0 
 324	1   0 
 324	2   4   1 
 325	1   0 
 326	1   4 
 326	1   1 
 326	1   0 
 327	1   4 
 328	2   4   6 
 330	1   6 
 330	2   9   4 
 332	1   4 
 332	2   9   6 
 334	1   6 
 334	1   9 
 335	2   4   6 
 337	2   9   4 
 339	1   4 
 339	2   6   9 
 340	1   4 
 341	1   9 
 341	1   6 
 341	2   4   1 
 343	2   0   4 
 343	2   6   9 
 345	1   4 
 345	2   1   0 
 347	1   0 
 347	2   1   4 
 349	1   4 
 349	1   1 
 350	2   0   4 
 352	2   1   0 
 354	1   0 
 354	2   4   1 
 355	1   0 
 356	1   4 
 356	1   1 
 356	2   0   5 
 358	2   8   0 
 360	1   0 
 360	2   5   8 
 362	1   8 
 362	2   5   0 
 364	1   0 
 364	1   5 
 364	2   4   1 
 366	2   8   0 
 368	2   5   8 
 370	1   8 
 370	2   0   5 
 371	1   8 
 372	1   0 
 372	1   5 
 372	1   8 
 373	1   0 
 373	1   5 
 374	2   0   4 
 376	1   4 
 376	2   1   0 
 378	1   0 
 378	2   1   4 
 380	1   4 
 380	1   1 
 381	2   0   4 
 383	2   1   0 
 385	1   0 
 385	2   4   1 
 386	1   0 
 387	1   4 
 387	1   1 
 387	1   0 
 388	1   4 
 389	2   4   6 
 391	1   6 
 391	2   9   4 
 393	1   4 
 393	2   9   6 
 395	1   6 
 395	1   9 
 396	2   4   6 
 398	2   9   4 
 400	1   4 
 400	2   6   9 
 401	1   4 
 402	1   9 
 402	1   6 
 402	2   4   1 
 404	2   0   4 
 404	2   6   9 
 406	1   4 
 406	2   1   0 
 408	1   0 
 408	2   1   4 
 410	1   4 
 410	1   1 
 411	2   0   4 
 413	2   1   0 
 415	1   0 
 415	2   4   1 
 416	1   0 
 417	1   4 
 417	1   1 
 418	2   0   4 
 420	2   5   0 
 422	1   0 
 422	2   4   5 
 424	1   5 
 424	2   4   0 
 426	1   0 
 426	1   4 
 427	2   5   0 
 429	2   4   5 
 431	1   5 
 431	2   0   4 
 432	1   5 
 433	1   0 
 433	1   4 
 434	2   0   5 
 436	2   8   0 
 438	1   0 
 438	2   5   8 
 440	1   8 
 440	2   5   0 
 442	1   0 
 442	1   5 
 442	2   4   1 
 444	2   8   0 
 446	2   5   8 
 448	1   8 
 448	2   0   5 
 449	1   8 
 450	1   0 
 450	1   5 
 450	1   8 
 451	1   0 
 452	2   0   4 
 454	1   4 
 454	2   1   0 
 456	1   0 
 456	2   1   4 
 458	1   4 
 458	1   1 
 459	2   0   4 
 461	2   1   0 
 463	1   0 
 463	2   4   1 
 464	1   0 
 465	1   4 
 465	1   1 
 465	1   0 
 466	1   4 
 467	2   4   6 
 469	1   6 
 469	2   9   4 
 471	1   4 
 471	2   9   6 
 473	1   6 
 473	1   9 
 474	2   4   6 
 476	2   9   4 
 478	1   4 
 478	2   6   9 
 479	1   4 
 480	1   9 
 480	1   6 
 480	2   4   1 
 482	2   0   4 
 482	2   6   9 
 484	1   4 
 484	2   1   0 
 486	1   0 
 486	2   1   4 
 488	1   4 
 488	1   1 
 489	2   0   4 
 491	2   1   0 
 493	1   0 
 493	2   4   1 
 494	1   0 
 495	1   4 
 495	1   1 
 495	2   0   5 
 497	2   8   0 
 499	1   0 
 499	2   5   8 
 501	1   8 
 501	2   5   0 
 503	1   0 
 503	1   5 
 503	2   4   1 
 505	2   8   0 
 507	2   5   8 
 509	1   8 
 509	2   0   5 
 510	1   8 
 511	1   0 
 511	1   5 
 511	1   8 
 512	1   0 
 513	2   0   4 
 515	1   4 
 515	2   1   0 
 517	1   0 
 517	2   1   4 
 519	1   4 
 519	1   1 
 520	2   0   4 
 522	2   1   0 
 524	1   0 
 524	2   4   1 
 525	1   0 
 526	1   4 
 526	1   1 
 526	1   0 
 527	1   4 
 528	2   4   6 
 530	1   6 
 530	2   9   4 
 532	1   4 
 532	2   9   6 
 534	1   6 
 534	1   9 
 535	2   4   6 
 537	2   9   4 
 539	1   4 
 539	2   6   9 
 540	1   4 
 541	1   6 
 541	1   9 
 541	2   4   1 
 543	2   0   4 
 545	1   4 
 545	2   1   0 
 545	6   9   8 
 547	1   0 
 551	2   1   4 
 553	1   4 
 553	1   1 
 553	6   9   6 
 554	2   0   4 
 556	2   1   0 
 558	1   0 
 559	1   0 
 559	2   4   1 
 561	1   1 
 561	1   4 
 562	2   5   1 
 564	2   6   5 
 566	1   5 
 566	2   1   6 
 568	1   6 
 568	2   1   5 
 570	1   5 
 570	1   1 
 570	2   4   9 
 572	2   6   5 
 574	2   1   6 
 576	1   6 
 576	2   5   1 
 577	1   6 
 578	1   5 
 578	1   1 
 578	1   6 
 579	1   5 
 579	2   8   0 
 581	2   5   4 
 583	1   4 
 583	2   9   5 
 585	1   5 
 585	2   9   4 
 587	1   4 
 587	1   9 
 588	2   5   4 
 590	2   9   5 
 592	1   5 
 592	2   4   9 
 593	1   5 
 594	1   4 
 594	1   9 
 594	1   5 
 595	1   4 
 596	2   4   8 
 598	1   8 
 598	2   0   4 
 600	1   4 
 601	2   0   8 
 603	1   8 
 603	1   0 
 604	2   4   8 
 606	2   0   4 
 608	1   4 
 609	1   4 
 610	2   4   9 
 612	2   5   4 
 614	1   4 
 614	2   9   5 
 616	1   5 
 616	2   9   4 
 618	1   4 
 618	1   9 
 619	2   5   4 
 621	2   9   5 
 623	1   5 
 623	2   4   9 
 624	1   5 
 625	1   4 
 625	1   9 
 625	2   5   1 
 627	2   6   5 
 629	1   5 
 629	2   1   6 
 631	1   6 
 631	2   1   5 
 633	1   5 
 633	1   1 
 633	2   4   9 
 635	2   6   5 
 637	2   1   6 
 639	1   6 
 639	2   5   1 
 640	1   6 
 641	1   5 
 641	1   6 
 641	1   1 
 642	1   5 
 642	2   8   0 
 644	1   0 
 644	1   8 
 644	2   5   4 
 646	1   4 
 646	2   9   5 
 648	1   5 
 648	2   9   4 
 650	1   4 
 650	1   9 
 651	2   5   4 
 653	2   9   5 
 655	1   5 
 655	2   4   9 
 656	1   5 
 657	1   4 
 657	1   9 
 657	1   5 
 658	1   4 
 659	2   8   0 
 661	2   4   8 
 663	1   8 
 663	2   0   4 
 665	1   4 
 666	2   0   8 
 668	1   8 
 668	1   0 
 669	2   4   8 
 671	2   0   4 
 673	1   4 
 674	1   4 
 675	2   4   9 
 677	2   5   4 
 679	1   4 
 679	2   9   5 
 681	1   5 
 681	2   9   4 
 683	1   4 
 683	1   9 
 684	2   5   4 
 686	2   9   5 
 688	1   5 
 688	2   4   9 
 689	1   5 
 690	1   4 
 690	1   9 
 691	2   8   0 
 693	1   0 
 693	1   8 
 693	2   5   4 
 694	1   0 
 695	2   0   5 
 697	1   5 
 697	2   4   0 
 699	1   0 
 699	2   4   5 
 701	1   5 
 701	1   4 
 701	2   9   8 
 703	2   0   5 
 705	2   4   0 
 707	1   0 
 707	2   5   4 
 708	1   0 
 709	1   5 
 709	1   4 
 709	6   1   0 
 715	2   5   1 
 717	2   6   5 
 719	1   5 
 719	2   1   6 
 721	1   6 
 721	2   1   5 
 723	1   5 
 723	1   1 
 723	2   4   0 
 725	2   6   5 
 727	2   1   6 
 729	1   6 
 729	2   5   1 
 730	1   6 
 731	1   5 
 731	1   1 
 731	1   6 
 732	1   5 
 733	2   5   4 
 735	1   4 
 735	2   0   5 
 737	1   5 
 737	2   0   4 
 739	1   4 
 739	1   0 
 740	2   5   4 
 742	2   0   5 
 744	1   5 
 744	2   4   0 
 745	1   5 
 746	1   4 
 746	1   0 
 746	1   5 
 747	1   4 
 748	2   4   9 
 750	1   9 
 750	2   8   4 
 752	1   4 
 752	2   8   9 
 754	1   9 
 754	1   8 
 755	2   4   9 
 757	2   8   4 
 759	1   4 
 759	2   9   8 
 760	1   4 
 761	1   8 
 761	1   9 
 761	2   4   0 
 763	2   5   4 
 765	1   4 
 765	2   0   5 
 767	1   5 
 767	2   0   4 
 769	1   4 
 769	1   0 
 769	2   9   8 
 771	2   5   4 
 773	2   0   5 
 775	1   5 
 775	2   4   0 
 776	1   5 
 777	1   4 
 777	1   0 
 777	2   5   1 
 779	2   6   5 
 781	1   5 
 781	2   1   6 
 783	1   6 
 783	2   1   5 
 785	1   5 
 785	1   1 
 785	2   4   0 
 787	2   6   5 
 789	2   1   6 
 791	1   6 
 791	2   5   1 
 792	1   6 
 793	1   5 
 793	1   1 
 793	1   6 
 794	1   5 
 794	1   1 
 795	2   5   4 
 797	1   4 
 797	2   0   5 
 799	1   5 
 799	2   0   4 
 801	1   4 
 801	1   0 
 802	2   5   4 
 804	2   0   5 
 806	1   5 
 806	2   4   0 
 807	1   5 
 808	1   4 
 808	1   0 
 808	1   5 
 809	1   4 
 810	2   4   9 
 812	1   9 
 812	2   8   4 
 814	1   4 
 814	2   8   9 
 816	1   9 
 816	1   8 
 817	2   4   9 
 819	2   8   4 
 821	1   4 
 821	2   9   8 
 822	1   4 
 823	1   8 
 823	1   9 
 823	2   4   0 
 825	2   5   4 
 827	1   4 
 827	2   0   5 
 829	1   5 
 829	2   0   4 
 831	1   4 
 831	1   0 
 831	2   9   8 
 833	2   5   4 
 835	2   0   5 
 837	1   5 
 837	2   4   0 
 838	1   5 
 839	1   4 
 839	1   0 
 840	2   5   4 
 842	2   1   5 
 844	1   5 
 844	2   4   1 
 846	1   1 
 846	2   4   5 
 848	1   5 
 848	1   4 
 849	2   1   5 
 851	2   4   1 
 853	1   1 
 853	2   5   4 
 854	1   1 
 855	1   5 
 855	1   4 
 856	2   5   1 
 858	2   6   5 
 860	1   5 
 860	2   1   6 
 862	1   6 
 862	2   1   5 
 864	1   5 
 864	1   1 
 864	2   4   0 
 866	2   6   5 
 868	2   1   6 
 870	1   6 
 870	2   5   1 
 871	1   6 
 872	1   5 
 872	1   1 
 872	1   6 
 873	1   5 
 874	2   5   4 
 876	1   4 
 876	2   0   5 
 878	1   5 
 878	2   0   4 
 880	1   4 
 880	1   0 
 881	2   5   4 
 883	2   0   5 
 885	1   5 
 885	2   4   0 
 886	1   5 
 887	1   4 
 887	1   0 
 887	1   5 
 888	1   4 
 889	2   4   9 
 891	1   9 
 891	2   8   4 
 893	1   4 
 893	2   8   9 
 895	1   9 
 895	1   8 
 896	2   4   9 
 898	2   8   4 
 900	1   4 
 900	2   9   8 
 901	1   4 
 902	1   8 
 902	1   9 
 902	2   4   0 
 904	2   5   4 
 906	1   4 
 906	2   0   5 
 908	1   5 
 908	2   0   4 
 910	1   4 
 910	1   0 
 910	2   9   8 
 912	2   5   4 
 914	2   0   5 
 916	1   5 
 916	2   4   0 
 917	1   5 
 918	1   4 
 918	1   0 
 918	2   5   1 
 920	2   6   5 
 922	1   5 
 922	2   1   6 
 924	1   6 
 924	2   1   5 
 926	1   5 
 926	1   1 
 926	2   4   0 
 928	2   6   5 
 930	2   1   6 
 932	1   6 
 932	2   5   1 
 933	1   6 
 934	1   5 
 934	1   1 
 934	1   6 
 935	1   5 
 935	6   6   2 
 941	2   5   4 
 943	1   4 
 943	2   0   5 
 945	1   5 
 945	2   0   4 
 947	1   4 
 947	1   0 
 948	2   5   4 
 950	2   0   5 
 952	1   5 
 952	2   4   0 
 953	1   5 
 954	1   4 
 954	1   0 
 954	1   5 
 955	1   4 
 956	2   4   9 
 958	1   9 
 958	2   8   4 
 960	1   4 
 960	2   8   9 
 962	1   9 
 962	1   8 
 963	2   4   9 
 965	2   8   4 
 967	1   4 
 967	2   9   8 
 968	1   4 
 969	1   9 
 969	1   8 
 969	2   4   0 
 971	2   5   4 
 973	1   4 
 973	2   0   5 
 975	1   5 
 975	2   0   4 
 977	1   4 
 977	1   0 
 978	2   5   4 
 980	2   0   5 
 982	1   5 
 982	2   4   0 
 983	1   5 
 984	1   0 
 984	1   4 
 984	2   8   5 
 986	2   1   0 
 988	2   2   1 
 988	2   4   9 
 990	1   1 
 991	2   0   2 
 993	1   2 
 993	2   0   1 
 995	1   1 
 995	1   0 
 996	2   2   1 
 998	2   0   2 
1000	1   2 
1000	2   1   0 
1001	1   2 
1002	1   1 
1002	1   0 
1002	1   2 
1003	1   1 
1004	2   1   4 
1006	1   4 
1006	2   9   1 
1008	1   1 
1008	2   9   4 
1010	1   4 
1010	1   9 
1011	2   1   4 
1013	2   9   1 
1015	1   1 
1015	2   4   9 
1016	1   1 
1017	1   4 
1017	1   9 
1017	1   1 
1018	1   4 
1019	2   4   8 
1021	1   8 
1021	2   5   4 
1023	1   4 
1023	2   5   8 
1025	1   8 
1025	1   5 
1026	2   4   8 
1028	2   5   4 
1030	1   4 
1030	2   8   5 
1031	1   4 
1032	1   5 
1032	1   8 
1032	2   4   9 
1034	2   1   4 
1036	1   4 
1036	2   9   1 
1038	1   1 
1038	2   9   4 
1040	1   4 
1040	1   9 
1040	2   8   5 
1042	2   1   4 
1044	2   9   1 
1046	1   1 
1046	2   4   9 
1047	1   1 
1048	1   4 
1048	1   9 
1048	2   1   0 
1050	2   2   1 
1050	2   4   9 
1052	1   1 
1053	2   0   2 
1055	1   2 
1055	2   0   1 
1057	1   1 
1057	1   0 
1058	2   2   1 
1060	2   0   2 
1062	1   2 
1062	2   1   0 
1063	1   2 
1064	1   1 
1064	1   0 
1064	1   2 
1065	1   1 
1066	2   1   4 
1068	1   4 
1068	2   9   1 
1070	1   1 
1070	2   9   4 
1072	1   4 
1072	1   9 
1073	2   1   4 
1075	2   9   1 
1077	1   1 
1077	2   4   9 
1078	1   1 
1079	1   4 
1079	1   9 
1079	1   1 
1080	1   4 
1081	2   4   8 
1083	1   8 
1083	2   5   4 
1085	1   4 
1085	2   5   8 
1087	1   8 
1087	1   5 
1088	2   4   8 
1090	2   5   4 
1092	1   4 
1092	2   8   5 
1093	1   4 
1094	1   5 
1094	1   8 
1094	2   4   9 
1096	2   1   4 
1098	1   4 
1098	2   9   1 
1100	1   1 
1100	2   9   4 
1102	1   4 
1102	1   9 
1103	2   1   4 
1105	2   9   1 
1107	1   1 
1107	2   4   9 
1108	1   1 
1109	1   9 
1109	1   4 
1109	2   1   0 
1111	2   2   1 
1111	2   8   4 
1113	1   1 
1113	2   5   9 
1115	2   0   2 
1117	1   2 
1117	2   0   1 
1119	1   1 
1119	1   0 
1120	2   2   1 
1122	2   0   2 
1124	1   2 
1124	2   1   0 
1125	1   2 
1126	1   1 
1126	1   0 
1126	1   2 
1127	1   1 
1128	2   1   5 
1130	1   5 
1131	2   9   1 
1133	1   1 
1133	2   9   5 
1135	1   5 
1135	1   9 
1136	2   1   5 
1138	2   9   1 
1140	1   1 
1140	2   5   9 
1141	1   1 
1142	1   5 
1142	1   9 
1142	1   1 
1143	1   5 
1144	2   5   8 
1146	1   8 
1146	2   4   5 
1148	1   5 
1148	2   4   8 
1150	1   8 
1150	1   4 
1151	2   5   8 
1153	2   4   5 
1155	1   5 
1155	2   8   4 
1156	1   5 
1157	1   4 
1157	1   8 
1157	2   5   9 
1159	2   1   5 
1161	1   5 
1161	2   8   4 
1163	2   9   1 
1165	1   1 
1165	2   9   5 
1167	1   5 
1167	1   9 
1168	2   1   5 
1170	2   9   1 
1172	1   1 
1172	2   5   9 
1173	1   1 
1174	1   5 
1174	1   9 
1174	2   1   0 
1176	2   2   1 
1178	1   1 
1178	2   5   9 
1180	2   0   2 
1182	1   2 
1182	2   0   1 
1184	1   1 
1184	1   0 
1185	2   2   1 
1187	2   0   2 
1189	1   2 
1189	2   1   0 
1190	1   2 
1191	1   1 
1191	1   2 
1191	1   0 
1192	1   1 
1192	6   6   2 
1198	2   1   5 
1200	1   5 
1200	6   9   6 
1206	2   6   1 
1208	1   1 
1208	2   6   5 
1210	1   5 
1210	1   6 
1211	2   1   5 
1213	2   6   1 
1215	1   1 
1215	2   5   6 
1216	1   1 
1217	1   5 
1217	1   6 
1217	1   1 
1218	1   5 
1219	2   5   8 
1221	1   8 
1221	2   4   5 
1223	1   5 
1223	2   4   8 
1225	1   8 
1225	1   4 
1226	2   5   8 
1228	2   4   5 
1230	1   5 
1230	2   8   4 
1231	1   5 
1232	1   4 
1232	1   8 
1232	2   5   6 
1233	1   8 
1234	2   1   5 
1236	1   5 
1236	2   6   1 
1238	1   1 
1238	2   6   5 
1240	1   5 
1240	1   6 
1241	2   1   5 
1243	2   6   1 
1245	1   1 
1245	2   5   6 
1246	1   1 
1247	1   5 
1247	1   6 
1248	2   5   4 
1250	2   8   5 
1252	1   5 
1252	2   4   8 
1252	2   6   1 
1254	1   8 
1254	2   4   5 
1256	1   5 
1256	1   4 
1257	2   8   5 
1259	2   4   8 
1261	1   8 
1261	2   5   4 
1262	1   8 
1263	1   5 
1263	1   4 
1264	2   5   8 
1266	2   9   5 
1268	1   5 
1268	2   8   9 
1270	1   9 
1270	2   8   5 
1272	1   5 
1272	1   8 
1272	2   4   0 
1274	2   9   5 
1276	2   8   9 
1278	1   9 
1278	2   5   8 
1279	1   9 
1280	1   5 
1280	1   8 
1280	1   9 
1281	1   5 
1282	2   5   4 
1284	1   4 
1284	2   0   5 
1286	1   5 
1286	2   0   4 
1288	1   4 
1288	1   0 
1289	2   5   4 
1291	2   0   5 
1293	1   5 
1293	2   4   0 
1294	1   5 
1295	1   4 
1295	1   0 
1295	1   5 
1296	1   4 
1297	2   4   6 
1299	1   6 
1299	2   1   4 
1301	1   4 
1301	2   1   6 
1303	1   6 
1303	1   1 
1304	2   4   6 
1306	2   1   4 
1308	1   4 
1308	2   6   1 
1309	1   4 
1310	1   1 
1310	1   6 
1310	2   4   0 
1312	2   5   4 
1314	1   4 
1314	2   0   5 
1316	1   5 
1316	2   0   4 
1318	1   4 
1318	1   0 
1318	2   6   1 
1320	2   5   4 
1322	2   0   5 
1324	1   5 
1324	2   4   0 
1325	1   5 
1326	1   4 
1326	1   0 
1326	2   5   8 
1328	2   9   5 
1330	1   5 
1330	2   8   9 
1332	1   9 
1332	2   8   5 
1334	1   5 
1334	1   8 
1334	2   4   0 
1336	2   9   5 
1338	2   8   9 
1340	1   9 
1340	2   5   8 
1341	1   9 
1342	1   5 
1342	1   8 
1342	1   9 
1343	1   5 
1343	1   8 
1344	2   5   4 
1346	1   4 
1346	2   0   5 
1348	1   5 
1348	2   0   4 
1350	1   4 
1350	1   0 
1351	2   5   4 
1353	2   0   5 
1355	1   5 
1355	2   4   0 
1356	1   5 
1357	1   4 
1357	1   0 
1357	1   5 
1358	1   4 
1359	2   4   6 
1361	1   6 
1361	2   1   4 
1363	1   4 
1363	2   1   6 
1365	1   6 
1365	1   1 
1366	2   4   6 
1368	2   1   4 
1370	1   4 
1370	2   6   1 
1371	1   4 
1372	1   1 
1372	1   6 
1372	2   4   0 
1374	2   5   4 
1376	1   4 
1376	2   0   5 
1378	1   5 
1378	2   0   4 
1380	1   4 
1380	1   0 
1380	2   6   1 
1382	2   5   4 
1384	2   0   5 
1386	1   5 
1386	2   4   0 
1387	1   5 
1388	1   4 
1388	1   0 
1389	2   5   4 
1391	2   8   5 
1393	1   5 
1393	2   4   8 
1395	1   8 
1395	2   4   5 
1397	1   5 
1397	1   4 
1398	2   8   5 
1400	2   4   8 
1402	1   8 
1402	2   5   4 
1403	1   8 
1404	1   5 
1404	1   4 
1405	2   5   8 
1407	2   9   5 
1409	1   5 
1409	2   8   9 
1411	1   9 
1411	2   8   5 
1413	1   5 
1413	1   8 
1413	2   4   0 
1415	2   9   5 
1417	2   8   9 
1419	1   9 
1419	2   5   8 
1420	1   9 
1421	1   5 
1421	1   8 
1421	1   9 
1422	1   5 
1423	2   5   4 
1425	1   4 
1425	2   0   5 
1427	1   5 
1427	2   0   4 
1429	1   4 
1429	1   0 
1430	2   5   4 
1432	2   0   5 
1434	1   5 
1434	2   4   0 
1435	1   5 
1436	1   4 
1436	1   0 
1436	1   5 
1437	1   4 
1438	2   4   6 
1440	1   6 
1440	2   1   4 
1442	1   4 
1442	2   1   6 
1444	1   6 
1444	1   1 
1445	2   4   6 
1447	2   1   4 
1449	1   4 
1449	2   6   1 
1450	1   4 
1451	1   1 
1451	1   6 
1451	2   4   0 
1453	2   5   4 
1455	1   4 
1455	2   0   5 
1457	1   5 
1457	2   0   4 
1459	1   4 
1459	1   0 
1459	2   6   1 
1461	2   5   4 
1463	2   0   5 
1465	1   5 
1465	2   4   0 
1466	1   5 
1467	1   4 
1467	1   0 
1467	2   5   8 
1469	2   9   5 
1471	1   5 
1471	2   8   9 
1473	1   9 
1473	2   8   5 
1475	1   5 
1475	1   8 
1475	2   4   0 
1477	2   9   5 
1479	2   8   9 
1481	1   9 
1481	2   5   8 
1482	1   9 
1483	1   5 
1483	1   8 
1483	1   9 
1484	1   5 
1485	2   5   4 
1487	1   4 
1487	2   0   5 
1489	1   5 
1489	2   0   4 
1491	1   4 
1491	1   0 
1492	2   5   4 
1494	2   0   5 
1496	1   5 
1496	2   4   0 
1497	1   5 
1498	1   4 
1498	1   0 
1498	1   5 
1499	1   4 
1499	6   5   0 
1505	2   4   6 
1507	1   6 
1507	2   1   4 
1509	1   4 
1509	2   1   6 
1511	1   6 
1511	1   1 
1512	2   4   6 
1514	2   1   4 
1516	1   4 
1516	2   6   1 
1517	1   4 
1518	1   6 
1518	1   1 
1518	2   4   5 
1520	2   0   4 
1522	1   4 
1522	2   5   0 
1524	1   0 
1524	2   5   4 
1526	1   4 
1526	1   5 
1527	2   0   4 
1529	2   5   0 
1531	1   0 
1531	2   4   5 
1532	1   0 
1533	1   5 
1533	1   4 
1533	2   1   0 
1535	2   8   5 
1537	2   9   8 
1539	1   8 
1539	2   5   9 
1541	1   9 
1541	2   5   8 
1543	1   8 
1543	1   5 
1544	2   9   8 
1546	2   5   9 
1548	1   9 
1548	2   8   5 
1549	1   9 
1550	1   8 
1550	1   5 
1550	1   9 
1551	1   8 
1551	6   9   6 
1557	2   4   9 
1559	2   8   4 
1559	6  10   6 
1561	1   4 
1565	2   9   8 
1567	1   8 
1567	2   9   4 
1569	1   4 
1569	1   9 
1570	2   8   4 
1572	2   9   8 
1574	1   8 
1574	2   4   9 
1575	1   8 
1576	1   4 
1576	1   9 
1576	1   8 
1577	1   4 
1578	2   4   1 
1580	1   1 
1580	2   0   4 
1582	1   4 
1582	2   0   1 
1584	1   1 
1584	1   0 
1585	2   4   1 
1587	2   0   4 
1589	1   4 
1589	2   1   0 
1590	1   4 
1591	1   0 
1591	1   1 
1591	2   4   9 
1593	2   8   4 
1595	1   4 
1595	2   9   8 
1595	2   1   0 
1597	1   8 
1597	2   9   4 
1599	1   4 
1599	1   9 
1600	2   8   4 
1602	2   9   8 
1604	1   8 
1604	2   4   9 
1605	1   8 
1606	1   4 
1606	1   9 
1606	2   8   5 
1608	2  10   8 
1610	1   8 
1610	2   5  10 
1612	1  10 
1612	2   5   8 
1614	1   8 
1614	1   5 
1614	2   4   9 
1616	2  10   8 
1618	2   5  10 
1620	1  10 
1620	2   8   5 
1621	1  10 
1622	1   8 
1622	1   5 
1622	1  10 
1623	1   8 
1624	2   8   4 
1626	1   4 
1626	2   9   8 
1628	1   8 
1628	2   9   4 
1630	1   4 
1630	1   9 
1631	2   8   4 
1633	2   9   8 
1635	1   8 
1635	2   4   9 
1636	1   8 
1637	1   4 
1637	1   9 
1637	1   8 
1638	1   4 
1639	2   4   1 
1641	1   1 
1641	2   0   4 
1643	1   4 
1643	2   0   1 
1645	1   1 
1645	1   0 
1646	2   4   1 
1648	2   0   4 
1650	1   4 
1650	2   1   0 
1651	1   4 
1652	1   0 
1652	1   1 
1652	2   4   9 
1654	2   8   4 
1656	1   4 
1656	2   9   8 
1656	6   1   0 
1658	1   8 
1662	2   9   4 
1664	1   4 
1664	1   9 
1665	2   8   4 
1667	2   9   8 
1669	1   8 
1669	2   4   9 
1670	1   8 
1671	1   9 
1671	1   4 
1671	2   8   5 
1673	2  10   8 
1675	1   8 
1675	2   5  10 
1677	1  10 
1677	2   5   8 
1679	1   8 
1679	1   5 
1679	2   0   4 
1681	2  10   8 
1683	2   5  10 
1685	1  10 
1685	2   8   5 
1686	1  10 
1687	1   8 
1687	1   5 
1687	1  10 
1687	6   4   1 
1688	1   8 
1693	2   4   9 
1695	2   8   4 
1697	1   4 
1697	2   9   8 
1699	1   8 
1699	2   9   4 
1701	1   4 
1701	1   9 
1702	2   8   4 
1704	2   9   8 
1706	1   8 
1706	2   4   9 
1707	1   8 
1708	1   4 
1708	1   9 
1708	1   8 
1709	1   4 
1710	2   4   0 
1712	1   0 
1712	2   1   4 
1714	1   4 
1714	2   1   0 
1716	1   0 
1716	1   1 
1717	2   4   0 
1719	2   1   4 
1721	1   4 
1721	2   0   1 
1722	1   4 
1723	1   1 
1723	1   0 
1723	2   4   9 
1725	2   8   4 
1727	1   4 
1727	2   9   8 
1727	2   0   1 
1729	1   8 
1729	2   9   4 
1731	1   4 
1731	1   9 
1732	2   8   4 
1734	2   9   8 
1736	1   8 
1736	2   4   9 
1737	1   8 
1738	1   4 
1738	1   9 
1738	2   8   5 
1740	2  10   8 
1742	1   8 
1742	2   5  10 
1744	1  10 
1744	2   5   8 
1746	1   8 
1746	1   5 
1746	2   4   9 
1748	2  10   8 
1750	2   5  10 
1752	1  10 
1752	2   8   5 
1753	1  10 
1754	1   8 
1754	1   5 
1754	1  10 
1755	1   8 
1756	2   8   4 
1758	1   4 
1758	2   9   8 
1760	1   8 
1760	2   9   4 
1762	1   4 
1762	1   9 
1763	2   8   4 
1765	2   9   8 
1767	1   8 
1767	2   4   9 
1768	1   8 
1769	1   4 
1769	1   9 
1769	1   8 
1770	1   4 
1771	2   4   0 
1773	1   0 
1773	2   1   4 
1775	1   4 
1775	2   1   0 
1777	1   0 
1777	1   1 
1778	2   4   0 
1780	2   1   4 
1782	1   4 
1782	2   0   1 
1783	1   4 
1784	1   0 
1784	1   1 
1784	2   4   9 
1786	2   8   4 
1788	1   4 
1788	2   9   8 
1788	6   1   0 
1790	1   8 
1794	2   9   4 
1796	1   4 
1796	1   9 
1797	2   8   4 
1799	2   9   8 
1801	1   8 
1801	2   4   9 
1802	1   8 
1803	1   9 
1803	1   4 
1803	2   8   5 
1805	2  10   8 
1807	1   8 
1807	2   5  10 
1809	1  10 
1809	2   5   8 
1811	1   8 
1811	1   5 
1811	2   4   0 
1813	2  10   8 
1815	2   5  10 
1817	1  10 
1817	2   8   5 
1818	1  10 
1819	1   8 
1819	1   5 
1819	1  10 
1819	6   4   1 
1820	1   8 
1825	2   4   9 
1827	2   8   4 
1829	1   4 
1829	2   9   8 
1831	1   8 
1831	2   9   4 
1833	1   4 
1833	1   9 
1834	2   8   4 
1836	2   9   8 
1838	1   8 
1838	2   4   9 
1839	1   8 
1840	1   4 
1840	1   9 
1840	1   8 
1841	1   4 
1842	2   4   1 
1844	1   1 
1844	2   0   4 
1846	1   4 
1846	2   0   1 
1848	1   1 
1848	1   0 
1849	2   4   1 
1851	2   0   4 
1853	1   4 
1853	2   1   0 
1854	1   4 
1855	1   0 
1855	1   1 
1855	2   4   9 
1857	2   8   4 
1859	1   4 
1859	2   9   8 
1859	2   1   0 
1861	1   8 
1861	2   9   4 
1863	1   4 
1863	1   9 
1864	2   8   4 
1866	2   9   8 
1868	1   8 
1868	2   4   9 
1869	1   8 
1870	1   4 
1870	1   9 
1870	2   8   5 
1872	2  10   8 
1874	1   8 
1874	2   5  10 
1876	1  10 
1876	2   5   8 
1878	1   8 
1878	1   5 
1878	2   4   9 
1880	2  10   8 
1882	2   5  10 
1884	1  10 
1884	2   8   5 
1885	1  10 
1886	1   8 
1886	1   5 
1886	1  10 
1887	1   8 
1888	2   8   4 
1890	1   4 
1890	2   9   8 
1892	1   8 
1892	2   9   4 
1894	1   4 
1894	1   9 
1895	2   8   4 
1897	2   9   8 
1899	1   8 
1899	2   4   9 
1900	1   8 
1901	1   4 
1901	1   9 
1901	1   8 
1902	1   4 
1903	2   4   1 
1905	1   1 
1905	2   0   4 
1907	1   4 
1907	2   0   1 
1909	1   1 
1909	1   0 
1910	2   4   1 
1912	2   0   4 
1914	1   4 
1914	2   1   0 
1915	1   4 
1916	1   0 
1916	1   1 
1916	2   4   9 
1918	2   8   4 
1920	1   4 
1920	2   9   8 
1920	2   1   0 
1922	1   8 
1922	2   9   4 
1924	1   4 
1924	1   9 
1925	2   8   4 
1927	2   9   8 
1929	1   8 
1929	2   4   9 
1930	1   8 
1931	1   9 
1931	1   4 
1932	2   5   9 
1934	2  10   5 
1936	1   5 
1936	2   9  10 
1938	1  10 
1938	2   9   5 
1940	1   5 
1940	1   9 
1940	2   8   4 
1942	2  10   5 
1944	2   9  10 
1944	6   4   0 
1946	1  10 
1947	1  10 
1948	1  10 
1949	6  10   2 
1955	2   5   9 
1957	1   9 
1957	1   5 
1958	1   9 
1959	2   9   1 
1961	1   1 
1961	2   4   9 
1963	1   9 
1963	2   4   1 
1965	1   1 
1965	1   4 
1966	2   9   1 
1968	2   4   9 
1970	1   9 
1970	2   1   4 
1971	1   9 
1972	1   1 
1972	1   4 
1972	6   9   6 
1978	2   1   6 
1980	2   2   1 
1982	1   1 
1982	2   6   2 
1984	1   2 
1984	2   6   1 
1986	1   1 
1986	1   6 
1986	2   4   5 
1988	2   2   1 
1990	2   6   2 
1992	1   2 
1992	2   1   6 
1993	1   2 
1994	1   1 
1994	1   6 
1994	1   2 
1995	1   1 
1996	2   1   4 
1998	1   4 
1998	2   5   1 
2000	1   1 
2000	2   5   4 
2002	1   4 
2002	1   5 
2003	2   1   4 
2005	2   5   1 
2007	1   1 
2007	2   4   5 
2008	1   1 
2009	1   4 
2009	1   5 
2009	1   1 
2010	1   4 
2011	2   4   8 
2013	1   8 
2013	2   0   4 
2015	1   4 
2016	2   0   8 
2018	1   8 
2018	1   0 
2019	2   4   8 
2021	2   0   4 
2023	1   4 
2024	1   4 
2025	2   4   5 
2027	2   1   4 
2029	1   4 
2029	2   5   1 
2031	1   1 
2031	2   5   4 
2033	1   4 
2033	1   5 
2034	2   1   4 
2036	2   5   1 
2038	1   1 
2038	2   4   5 
2039	1   1 
2040	1   4 
2040	1   5 
2040	2   1   6 
2042	2   2   1 
2044	1   1 
2044	2   6   2 
2045	2   8   0 
2046	1   2 
2047	1   0 
2047	1   8 
2047	2   6   1 
2049	1   1 
2049	1   6 
2049	2   4   5 
2051	2   2   1 
2053	2   6   2 
2053	2   8   0 
2055	1   2 
2055	2   1   6 
2056	1   2 
2057	1   1 
2057	1   6 
2057	1   2 
2058	1   1 
2058	1   6 
2059	2   1   4 
2061	1   4 
2061	2   5   1 
2063	1   1 
2063	2   5   4 
2065	1   4 
2065	1   5 
2066	2   1   4 
2068	2   5   1 
2070	1   1 
2070	2   4   5 
2071	1   1 
2072	1   4 
2072	1   5 
2072	1   1 
2073	1   4 
2074	2   4   8 
2076	1   8 
2076	2   0   4 
2078	1   4 
2079	2   0   8 
2081	1   8 
2081	1   0 
2082	2   4   8 
2084	2   0   4 
2086	1   4 
2087	1   4 
2088	2   4   5 
2090	2   1   4 
2092	1   4 
2092	2   5   1 
2094	1   1 
2094	2   5   4 
2096	1   4 
2096	1   5 
2097	2   1   4 
2099	2   5   1 
2101	1   1 
2101	2   4   5 
2102	1   1 
2103	1   4 
2103	1   5 
2104	2   1   4 
2106	2   6   1 
2108	1   1 
2108	2   4   6 
2110	1   6 
2110	2   4   1 
2112	1   1 
2112	1   4 
2113	2   6   1 
2115	2   4   6 
2117	1   6 
2117	2   1   4 
2118	1   6 
2119	1   1 
2119	1   4 
2120	2   1   6 
2122	2   2   1 
2124	1   1 
2124	2   6   2 
2125	2   8   0 
2126	1   2 
2127	1   0 
2127	1   8 
2127	2   6   1 
2129	1   1 
2129	1   6 
2129	2   4   5 
2131	2   2   1 
2133	2   6   2 
2133	2   8   0 
2135	1   2 
2135	2   1   6 
2136	1   2 
2137	1   1 
2137	1   6 
2137	1   2 
2138	1   1 
2139	2   1   4 
2141	1   4 
2141	2   5   1 
2143	1   1 
2143	2   5   4 
2145	1   4 
2145	1   5 
2146	2   1   4 
2148	2   5   1 
2150	1   1 
2150	2   4   5 
2151	1   1 
2152	1   4 
2152	1   5 
2152	1   1 
2153	1   4 
2154	2   4   8 
2156	1   8 
2156	2   0   4 
2158	1   4 
2159	2   0   8 
2161	1   8 
2161	1   0 
2162	2   4   8 
2164	2   0   4 
2166	1   4 
2167	1   4 
2168	2   4   5 
2170	2   1   4 
2172	1   4 
2172	2   5   1 
2174	1   1 
2174	2   5   4 
2176	1   4 
2176	1   5 
2177	2   1   4 
2179	2   5   1 
2181	1   1 
2181	2   4   5 
2182	1   1 
2183	1   4 
2183	1   5 
2183	2   1   6 
2185	2   2   1 
2187	1   1 
2187	2   6   2 
2188	2   8   0 
2189	1   2 
2190	1   0 
2190	1   8 
2190	2   6   1 
2192	1   1 
2192	1   6 
2192	2   4   5 
2194	2   2   1 
2196	2   6   2 
2196	2   8   0 
2198	1   2 
2198	2   1   6 
2199	1   2 
2200	1   1 
2200	1   6 
2200	1   2 
2201	1   1 
2202	2   1   4 
2204	1   4 
2204	2   5   1 
2206	1   1 
2206	2   5   4 
2208	1   4 
2208	1   5 
2209	2   1   4 
2211	2   5   1 
2213	1   1 
2213	2   4   5 
2214	1   1 
2215	1   4 
2215	1   5 
2215	1   1 
2216	1   4 
2217	2   4   8 
2219	1   8 
2219	2   0   4 
2221	1   4 
2222	2   0   8 
2224	1   8 
2224	1   0 
2225	2   4   8 
2227	2   0   4 
2229	1   4 
2230	1   4 
2231	2   4   5 
2233	2   1   4 
2235	1   4 
2235	2   5   1 
2237	1   1 
2237	2   5   4 
2239	1   4 
2239	1   5 
2240	2   1   4 
2242	2   5   1 
2244	1   1 
2244	2   4   5 
2245	1   1 
2246	1   5 
2246	1   4 
2247	2   6   5 
2249	2   2   6 
2249	2   8   0 
2251	1   6 
2251	1   8 
2251	1   0 
2251	2   5   2 
2253	1   2 
2253	2   5   6 
2255	1   6 
2255	1   5 
2255	2   4   8 
2256	2   2   6 
2257	6   9   8 
2258	2   0   1 
2263	2   5   2 
2265	1   2 
2265	2   6   5 
2266	1   2 
2267	1   6 
2267	1   5 
2267	1   2 
2268	1   6 
2269	2   6   4 
2271	1   4 
2271	2   9   6 
2273	1   6 
2273	2   9   4 
2275	1   4 
2275	1   9 
2276	2   6   4 
2278	2   9   6 
2280	1   6 
2280	2   4   9 
2281	1   6 
2282	1   4 
2282	1   9 
2282	1   6 
2283	1   4 
2284	2   4   0 
2286	1   0 
2286	2   1   4 
2288	1   4 
2288	2   1   0 
2290	1   0 
2290	1   1 
2291	2   4   0 
2293	2   1   4 
2295	1   4 
2295	2   0   1 
2296	1   4 
2297	1   1 
2297	1   0 
2297	2   4   9 
2299	2   6   4 
2301	1   4 
2301	2   9   6 
2301	2   0   1 
2303	1   6 
2303	2   9   4 
2305	1   4 
2305	1   9 
2306	2   6   4 
2308	2   9   6 
2310	1   6 
2310	2   4   9 
2311	1   6 
2312	1   4 
2312	1   9 
2312	2   6   5 
2314	2   2   6 
2314	2   4   9 
2316	1   6 
2316	2   5   2 
2318	1   2 
2318	2   5   6 
2320	1   6 
2320	1   5 
2321	2   2   6 
2323	2   5   2 
2325	1   2 
2325	2   6   5 
2326	1   2 
2327	1   6 
2327	1   5 
2327	1   2 
2328	1   6 
2329	2   6   4 
2331	1   4 
2331	2   9   6 
2333	1   6 
2333	2   9   4 
2335	1   4 
2335	1   9 
2336	2   6   4 
2338	2   9   6 
2340	1   6 
2340	2   4   9 
2341	1   6 
2342	1   4 
2342	1   9 
2342	1   6 
2343	1   4 
2344	2   4   0 
2346	1   0 
2346	2   1   4 
2348	1   4 
2348	2   1   0 
2350	1   0 
2350	1   1 
2351	2   4   0 
2353	2   1   4 
2355	1   4 
2355	2   0   1 
2356	1   4 
2357	1   1 
2357	1   0 
2357	2   4   9 
2359	2   6   4 
2361	1   4 
2361	2   9   6 
2363	1   6 
2363	2   9   4 
2365	1   4 
2365	1   9 
2366	2   6   4 
2368	2   9   6 
2370	1   6 
2370	2   4   9 
2371	1   6 
2372	1   9 
2372	1   4 
2372	2   6   5 
2374	2   2   6 
2374	2   0   4 
2376	1   6 
2376	2   5   2 
2378	1   2 
2378	2   5   6 
2380	1   6 
2380	1   5 
2381	2   2   6 
2383	2   5   2 
2385	1   2 
2385	2   6   5 
2386	1   2 
2387	1   6 
2387	1   5 
2387	1   2 
2388	1   6 
2388	2   1   9 
2390	2   6   1 
2392	1   1 
2392	2   9   6 
2394	1   6 
2394	2   9   1 
2396	1   1 
2396	1   9 
2397	2   6   1 
2399	2   9   6 
2401	1   6 
2401	2   1   9 
2402	1   6 
2403	1   1 
2403	1   9 
2403	1   6 
2404	1   1 
2405	2   1   0 
2407	1   0 
2407	2   4   1 
2409	1   1 
2409	2   4   0 
2411	1   0 
2411	1   4 
2412	2   1   0 
2414	2   4   1 
2416	1   1 
2416	2   0   4 
2417	1   1 
2418	1   4 
2418	1   0 
2419	2   1   9 
2421	2   6   1 
2423	1   1 
2423	2   9   6 
2423	2   0   4 
2425	1   6 
2425	2   9   1 
2427	1   1 
2427	1   9 
2428	2   6   1 
2430	2   9   6 
2432	1   6 
2432	2   1   9 
2433	1   6 
2434	1   1 
2434	1   9 
2434	2   6   5 
2436	2   2   6 
2438	1   6 
2438	2   5   2 
2440	1   2 
2440	2   5   6 
2442	1   6 
2442	1   5 
2443	2   2   6 
2445	2   5   2 
2447	1   2 
2447	2   6   5 
2448	1   2 
2449	1   6 
2449	1   5 
2449	1   2 
2450	1   6 
2450	2   1   9 
2452	2   6   1 
2454	1   1 
2454	2   9   6 
2456	1   6 
2456	2   9   1 
2458	1   1 
2458	1   9 
2459	2   6   1 
2461	2   9   6 
2463	1   6 
2463	2   1   9 
2464	1   6 
2465	1   1 
2465	1   9 
2465	1   6 
2466	1   1 
2467	2   1   0 
2469	1   0 
2469	2   4   1 
2471	1   1 
2471	2   4   0 
2473	1   0 
2473	1   4 
2474	2   1   0 
2476	2   4   1 
2478	1   1 
2478	2   0   4 
2479	1   1 
2480	1   0 
2480	1   4 
2481	2   1   9 
2483	2   6   1 
2485	1   1 
2485	2   9   6 
2485	6   4   0 
2487	1   6 
2488	6  10   2 
2494	2   9   1 
2496	1   1 
2496	1   9 
2497	2   6   1 
2499	2   9   6 
2501	1   6 
2501	2   1   9 
2502	1   6 
2503	1   9 
2503	1   1 
2503	2   6   5 
2505	2  10   6 
2505	2   1   0 
2507	1   6 
2507	2   5  10 
2509	1  10 
2509	2   5   6 
2511	1   6 
2511	1   5 
2511	2   4   9 
2513	2  10   6 
2515	2   5  10 
2517	1  10 
2517	2   6   5 
2518	1  10 
2519	1   6 
2519	1   5 
2519	1  10 
2520	1   6 
2521	2   6   4 
2523	1   4 
2523	2   9   6 
2525	1   6 
2525	2   9   4 
2527	1   4 
2527	1   9 
2528	2   6   4 
2530	2   9   6 
2532	1   6 
2532	2   4   9 
2533	1   6 
2534	1   4 
2534	1   9 
2534	1   6 
2535	1   4 
2536	2   4   1 
2538	1   1 
2538	2   0   4 
2540	1   4 
2540	2   0   1 
2542	1   1 
2542	1   0 
2543	2   4   1 
2545	2   0   4 
2547	1   4 
2547	2   1   0 
2548	1   4 
2549	1   0 
2549	1   1 
2549	2   4   9 
2551	2   6   4 
2553	1   4 
2553	2   9   6 
2553	2   1   0 
2555	1   6 
2555	2   9   4 
2557	1   4 
2557	1   9 
2558	2   6   4 
2560	2   9   6 
2562	1   6 
2562	2   4   9 
2563	1   6 
2564	1   4 
2564	1   9 
2564	2   6   5 
2566	2  10   6 
2568	1   6 
2568	2   5  10 
2570	1  10 
2570	2   5   6 
2572	1   6 
2572	1   5 
2572	2   4   9 
2574	2  10   6 
2576	2   5  10 
2578	1  10 
2578	2   6   5 
2579	1  10 
2580	1   6 
2580	1   5 
2580	1  10 
2581	1   6 
2582	2   6   4 
2584	1   4 
2584	2   9   6 
2586	1   6 
2586	2   9   4 
2588	1   4 
2588	1   9 
2589	2   6   4 
2591	2   9   6 
2593	1   6 
2593	2   4   9 
2594	1   6 
2595	1   4 
2595	1   9 
2595	1   6 
2596	1   4 
2597	2   4   1 
2599	1   1 
2599	2   0   4 
2601	1   4 
2601	2   0   1 
2603	1   1 
2603	1   0 
2604	2   4   1 
2606	2   0   4 
2608	1   4 
2608	2   1   0 
2609	1   4 
2610	1   0 
2610	1   1 
2610	2   4   9 
2612	2   6   4 
2614	1   4 
2614	2   9   6 
2614	2   1   0 
2616	1   6 
2616	2   9   4 
2618	1   4 
2618	1   9 
2619	2   6   4 
2621	2   9   6 
2623	1   6 
2623	2   4   9 
2624	1   6 
2625	1   9 
2625	1   4 
2626	2   5   9 
2628	2  10   5 
2630	1   5 
2630	2   9  10 
2632	1  10 
2632	2   9   5 
2634	1   5 
2634	1   9 
2635	2  10   5 
2637	2   9  10 
2639	1  10 
2639	2   5   9 
2640	1  10 
2641	1   5 
2641	1  10 
2641	1   9 
2642	2   6   5 
2644	2  10   6 
2644	6   8   0 
2646	1   6 
2650	2   5  10 
2652	1  10 
2652	2   5   6 
2654	1   6 
2654	1   5 
2654	2   9   4 
2656	2  10   6 
2658	2   5  10 
2660	1  10 
2660	2   6   5 
2661	1  10 
2662	1   6 
2662	1   5 
2662	1  10 
2663	1   6 
2663	6   8   5 
2669	2   6   9 
2671	1   9 
2671	2   4   6 
2673	1   6 
2673	2   4   9 
2675	1   9 
2675	1   4 
2676	2   6   9 
2678	2   4   6 
2680	1   6 
2680	2   9   4 
2681	1   6 
2682	1   9 
2682	1   4 
2682	1   6 
2683	1   9 
2683	6   6   4 
2689	2   9   1 
2691	1   1 
2691	2   5   9 
2693	1   9 
2693	2   5   1 
2695	1   1 
2695	1   5 
2696	2   9   1 
2698	2   5   9 
2700	1   9 
2700	2   1   5 
2701	1   9 
2702	1   5 
2702	1   1 
2702	2   9   6 
2704	2   4   9 
2706	1   9 
2706	2   6   4 
2708	1   4 
2708	2   6   9 
2710	1   9 
2710	1   6 
2710	2   1   5 
2712	2   4   9 
2714	2   6   4 
2716	1   4 
2716	2   9   6 
2717	1   4 
2718	1   6 
2718	1   9 
2718	2   4   8 
2720	2   9   6 
2722	6   6   4 
2728	2  10   6 
2730	1   6 
2730	6   8   5 
2736	2   5  10 
2738	1  10 
2738	2   5   6 
2740	1   6 
2740	1   5 
2741	2  10   6 
2743	2   5  10 
2745	1  10 
2745	2   6   5 
2746	1  10 
2747	1   6 
2747	1   5 
2747	1  10 
2748	1   6 
2748	6   8   5 
2754	2   6   9 
2756	1   9 
2756	2   4   6 
2758	1   6 
2758	2   4   9 
2760	1   9 
2760	1   4 
2761	2   6   9 
2763	2   4   6 
2765	1   6 
2765	2   9   4 
2766	1   6 
2767	1   9 
2767	1   4 
2767	1   6 
2768	1   9 
2769	2   9   1 
2771	1   1 
2771	2   5   9 
2773	1   9 
2773	2   5   1 
2775	1   1 
2775	1   5 
2776	2   9   1 
2778	2   5   9 
2780	1   9 
2780	2   1   5 
2781	1   9 
2782	1   1 
2782	1   5 
2782	2   9   4 
2784	2   6   9 
2786	1   9 
2786	2   4   6 
2788	1   6 
2788	2   4   9 
2790	1   9 
2790	1   4 
2790	6  10   5 
2796	2   6   9 
2796	6   1   0 
2802	2   4   6 
2804	1   6 
2804	2   9   4 
2805	1   6 
2806	1   4 
2806	1   9 
2807	2   8   4 
2809	2   5   8 
2811	1   8 
2811	2   4   5 
2813	1   5 
2813	2   4   8 
2815	1   8 
2815	1   4 
2816	2   5   8 
2818	2   4   5 
2820	1   5 
2820	2   8   4 
2821	1   5 
2822	1   8 
2822	1   5 
2822	1   4 
2823	2   8   0 
2825	2   5   8 
2827	1   8 
2827	2   0   5 
2829	1   5 
2829	2   0   8 
2831	1   8 
2831	1   0 
2831	2   9   4 
2833	2   5   8 
2835	2   0   5 
2837	1   5 
2837	2   8   0 
2838	1   5 
2839	1   8 
2839	1   5 
2839	1   0 
2839	6  10   9 
2840	6   4   0 
2846	2   8   9 
2846	6   1   0 
2852	2   5   8 
2854	1   8 
2854	2   9   5 
2856	1   5 
2856	2   9   8 
2858	1   8 
2858	1   9 
2859	2   5   8 
2861	2   9   5 
2863	1   5 
2863	2   8   9 
2864	1   5 
2865	1   9 
2865	1   8 
2865	1   5 
2866	1   8 
2866	2   4   9 
2868	2   8   4 
2870	1   4 
2870	2   9   8 
2872	1   8 
2872	2   9   4 
2874	1   4 
2874	1   9 
2875	2   8   4 
2877	2   9   8 
2879	1   8 
2879	2   4   9 
2880	1   8 
2881	1   4 
2881	1   9 
2882	2   4   8 
2884	2   5   4 
2886	1   4 
2886	2   8   5 
2888	1   5 
2888	2   8   4 
2890	1   4 
2890	1   8 
2890	2   9   6 
2892	2   5   4 
2894	2   8   5 
2896	1   5 
2896	2   4   8 
2897	1   5 
2898	1   4 
2898	1   8 
2898	1   5 
2899	1   4 
2899	6  10   5 
2905	2   4   9 
2907	1   9 
2907	2   6   4 
2909	1   4 
2909	2   6   9 
2911	1   9 
2911	1   6 
2912	2   4   9 
2914	2   6   4 
2916	1   4 
2916	2   9   6 
2917	1   4 
2918	1   9 
2918	1   6 
2918	1   4 
2919	1   9 
2920	2   9   5 
2922	1   5 
2923	2   1   9 
2925	1   9 
2925	2   1   5 
2927	1   5 
2927	1   1 
2928	2   9   5 
2930	2   1   9 
2932	1   9 
2932	2   5   1 
2933	1   9 
2934	1   1 
2934	1   5 
2934	2   9   6 
2936	2   4   9 
2938	1   9 
2938	2   6   4 
2940	1   4 
2940	2   6   9 
2942	1   9 
2942	1   6 
2942	2   5   1 
2944	2   4   9 
2946	2   6   4 
2948	1   4 
2948	2   9   6 
2949	1   4 
2950	1   9 
2950	1   6 
2950	2   4   8 
2952	2   9   6 
2954	6   6   4 
2960	2  10   6 
2962	1   6 
2962	6   8   5 
2968	2   5  10 
2970	1  10 
2970	2   5   6 
2972	1   6 
2972	1   5 
2973	2  10   6 
2975	2   5  10 
2977	1  10 
2977	2   6   5 
2978	1  10 
2979	1   6 
2979	1   5 
2979	1  10 
2980	1   6 
2980	1   5 
2981	2   6   9 
2983	1   9 
2983	2   4   6 
2985	1   6 
2985	2   4   9 
2987	1   9 
2987	1   4 
2987	6   8   5 
2993	2   6   9 
2995	2   4   6 
2997	1   6 
2997	2   9   4 
2998	1   6 
2999	1   9 
2999	1   4 
2999	1   6 
3000	1   9 
3000	6   6   4 
3006	2   9   5 
3008	1   5 
3009	2   1   9 
3011	1   9 
3011	2   1   5 
3013	1   5 
3013	1   1 
3014	2   9   5 
3016	2   1   9 
3018	1   9 
3018	2   5   1 
3019	1   9 
3020	1   1 
3020	1   5 
3020	2   9   6 
3022	2   4   9 
3024	1   9 
3024	2   6   4 
3026	1   4 
3026	2   6   9 
3028	1   9 
3028	1   6 
3028	2   5   1 
3030	2   4   9 
3032	2   6   4 
3034	1   4 
3034	2   9   6 
3035	1   4 
3036	1   9 
3036	1   6 
3036	6  10   5 
3042	2   4   9 
3044	2   8   4 
3046	1   4 
3046	2   9   8 
3048	1   8 
3048	2   9   4 
3050	1   4 
3050	1   9 
3051	2   8   4 
3053	2   9   8 
3055	1   8 
3055	2   4   9 
3056	1   8 
3057	1   4 
3057	1   9 
3058	2   4   8 
3060	2   5   4 
3062	1   4 
3062	2   8   5 
3064	1   5 
3064	2   8   4 
3066	1   4 
3066	1   8 
3066	2   9   6 
3068	2   5   4 
3070	2   8   5 
3072	1   5 
3072	2   4   8 
3073	1   5 
3074	1   4 
3074	1   8 
3074	1   5 
3075	1   4 
3075	6  10   5 
3081	2   4   9 
3083	1   9 
3083	2   6   4 
3085	1   4 
3085	2   6   9 
3087	1   9 
3087	1   6 
3088	2   4   9 
3090	2   6   4 
3092	1   4 
3092	2   9   6 
3093	1   4 
3094	1   9 
3094	1   6 
3094	1   4 
3095	1   9 
3096	2   9   5 
3098	1   5 
3099	2   1   9 
3101	1   9 
3101	2   1   5 
3103	1   5 
3103	1   1 
3104	2   9   5 
3106	2   1   9 
3108	1   9 
3108	2   5   1 
3109	1   9 
3110	1   1 
3110	1   5 
3110	2   9   6 
3112	2   4   9 
3114	1   9 
3114	2   6   4 
3116	1   4 
3116	2   6   9 
3118	1   9 
3118	1   6 
3118	2   5   1 
3120	2   4   9 
3122	2   6   4 
3124	1   4 
3124	2   9   6 
3125	1   4 
3126	1   9 
3126	1   6 
3126	2   4   8 
3128	2   9   6 
3130	6   6   4 
3136	2  10   6 
3138	1   6 
3138	6   8   5 
3144	2   5  10 
3146	1  10 
3146	2   5   6 
3148	1   6 
3148	1   5 
3149	2  10   6 
3151	2   5  10 
3153	1  10 
3153	2   6   5 
3154	1  10 
3155	1   6 
3155	1   5 
3155	1  10 
3156	1   6 
3156	6   8   5 
3162	2   6   9 
3164	1   9 
3164	2   4   6 
3166	1   6 
3166	2   4   9 
3168	1   9 
3168	1   4 
3169	2   6   9 
3171	2   4   6 
3173	1   6 
3173	2   9   4 
3174	1   6 
3175	1   9 
3175	1   4 
3175	1   6 
3176	1   9 
3177	2   9   5 
3179	1   5 
3180	2   1   9 
3182	1   9 
3182	2   1   5 
3184	1   5 
3184	1   1 
3185	2   9   5 
3187	2   1   9 
3189	1   9 
3189	2   5   1 
3190	1   9 
3191	1   5 
3191	1   1 
3191	2   9   4 
3193	2   6   9 
3195	1   9 
3195	2   4   6 
3197	1   6 
3197	2   4   9 
3199	1   9 
3199	1   4 
3199	6  10   5 
3205	2   6   9 
3207	2   4   6 
3209	1   6 
3209	2   9   4 
3210	1   6 
3211	1   4 
3211	1   9 
3211	2   1   6 
3212	2   8   4 
3214	2   5   8 
3216	1   8 
3216	2   4   5 
3218	1   5 
3218	2   4   8 
3220	1   8 
3220	1   4 
3220	2   9  10 
3222	2   5   8 
3224	2   4   5 
3226	1   5 
3226	2   8   4 
3227	1   5 
3228	1   8 
3228	1   4 
3228	1   5 
3229	1   8 
3230	2   8   9 
3232	1   9 
3232	6   8   5 
3238	2  10   5 
3240	1   5 
3240	2  10   9 
3242	1   9 
3242	1  10 
3243	2   5   9 
3245	2  10   5 
3247	1   5 
3247	2   9  10 
3248	1   5 
3249	1   9 
3249	1  10 
3249	1   5 
3250	1   9 
3251	2   9   1 
3253	1   1 
3253	2   6   9 
3255	1   9 
3255	2   6   1 
3257	1   1 
3257	1   6 
3258	2   9   1 
3260	2   6   9 
3262	1   9 
3262	2   1   6 
3263	1   9 
3264	1   6 
3264	1   1 
3264	2   9  10 
3266	2   5   9 
3268	1   9 
3268	2  10   5 
3270	1   5 
3270	2  10   9 
3272	1   9 
3272	1  10 
3272	2   1   6 
3274	2   5   9 
3276	2  10   5 
3278	1   5 
3278	2   9  10 
3279	1   5 
3280	1   9 
3280	1  10 
3280	2   5   4 
3282	2   8   5 
3284	1   5 
3284	2   4   8 
3286	1   8 
3286	2   4   5 
3288	1   5 
3288	1   4 
3288	2   9  10 
3290	2   8   5 
3292	2   4   8 
3294	1   8 
3294	2   5   4 
3295	1   8 
3296	1   5 
3296	1   4 
3296	1   8 
3297	1   5 
3298	2   5   9 
3300	1   9 
3300	2  10   5 
3302	1   5 
3302	2  10   9 
3304	1   9 
3304	1  10 
3305	2   5   9 
3307	2  10   5 
3309	1   5 
3309	2   9  10 
3310	1   5 
3311	1   9 
3311	1  10 
3311	1   5 
3312	1   9 
3313	2   9   1 
3315	1   1 
3315	2   6   9 
3317	1   9 
3317	2   6   1 
3319	1   1 
3319	1   6 
3320	2   9   1 
3322	2   6   9 
3324	1   9 
3324	2   1   6 
3325	1   9 
3326	1   6 
3326	1   1 
3326	2   9  10 
3328	2   5   9 
3330	1   9 
3330	2  10   5 
3332	1   5 
3332	2  10   9 
3334	1   9 
3334	1  10 
3335	2   5   9 
3337	2  10   5 
3339	1   5 
3339	2   9  10 
3340	1   5 
3341	1  10 
3341	1   9 
3341	2   5   4 
3343	2   8   5 
3345	1   5 
3345	2   4   8 
3345	2   6  10 
3347	1   8 
3347	2   4   5 
3349	1   5 
3349	1   4 
3349	6  10   2 
3355	2   8   5 
3357	2   4   8 
3359	1   8 
3359	2   5   4 
3360	1   8 
3361	1   5 
3361	1   4 
3361	1   8 
3362	1   5 
3363	2   5   6 
3365	1   6 
3365	2   2   5 
3367	1   5 
3367	2   2   6 
3369	1   6 
3369	1   2 
3370	2   5   6 
3372	2   2   5 
3374	1   5 
3374	2   6   2 
3375	1   5 
3376	1   6 
3376	1   2 
3376	1   5 
3377	1   6 
3377	2   1   9 
3379	2   6   1 
3381	1   1 
3381	2   9   6 
3383	1   6 
3383	2   9   1 
3385	1   1 
3385	1   9 
3386	2   6   1 
3388	2   9   6 
3390	1   6 
3390	2   1   9 
3391	1   6 
3392	1   9 
3392	1   1 
3392	2   6   2 
3394	2   5   6 
3396	1   6 
3396	2   2   5 
3398	1   5 
3398	2   2   6 
3400	1   6 
3400	1   2 
3401	2   5   6 
3403	2   2   5 
3405	1   5 
3405	2   6   2 
3406	1   5 
3407	1   6 
3407	1   2 
3407	2   5   4 
3409	2   8   5 
3411	1   5 
3411	2   4   8 
3411	2   6   2 
3413	1   8 
3413	2   4   5 
3415	1   5 
3415	1   4 
3416	2   8   5 
3418	2   4   8 
3420	1   8 
3420	2   5   4 
3421	1   8 
3422	1   5 
3422	1   4 
3422	1   8 
3423	1   5 
3424	2   5   6 
3426	1   6 
3426	2   2   5 
3428	1   5 
3428	2   2   6 
3430	1   6 
3430	1   2 
3431	2   5   6 
3433	2   2   5 
3435	1   5 
3435	2   6   2 
3436	1   5 
3437	1   6 
3437	1   2 
3437	1   5 
3438	1   6 
3438	2   1   9 
3440	2   6   1 
3442	1   1 
3442	2   9   6 
3444	1   6 
3444	2   9   1 
3446	1   1 
3446	1   9 
3447	2   6   1 
3449	2   9   6 
3451	1   6 
3451	2   1   9 
3452	1   6 
3453	1   1 
3453	1   9 
3453	2   6   2 
3455	2   5   6 
3457	1   6 
3457	2   2   5 
3459	1   5 
3459	2   2   6 
3461	1   6 
3461	1   2 
3462	2   5   6 
3464	2   2   5 
3466	1   5 
3466	2   6   2 
3467	1   5 
3468	1   2 
3468	1   6 
3468	2   5   4 
3470	2   8   5 
3472	1   5 
3472	2   4   8 
3472	2   1   2 
3474	1   8 
3474	2   4   5 
3476	1   5 
3476	1   4 
3476	2   6   9 
3478	2   8   5 
3480	2   4   8 
3482	1   8 
3482	2   5   4 
3483	1   8 
3484	1   5 
3484	1   4 
3484	1   8 
3485	1   5 
3485	6   2   0 
3491	2   5   1 
3493	1   1 
3493	2   0   5 
3495	1   5 
3495	2   0   1 
3497	1   1 
3497	1   0 
3498	2   5   1 
3500	2   0   5 
3502	1   5 
3502	2   1   0 
3503	1   5 
3504	1   1 
3504	1   0 
3504	1   5 
3505	1   1 
3506	2   1   6 
3508	1   6 
3508	2   9   1 
3510	1   1 
3510	2   9   6 
3512	1   6 
3512	1   9 
3513	2   1   6 
3515	2   9   1 
3517	1   1 
3517	2   6   9 
3518	1   1 
3519	1   9 
3519	1   6 
3519	2   1   0 
3520	2   6   9 
3522	2   5   1 
3524	1   1 
3524	2   0   5 
3526	1   5 
3526	2   0   1 
3528	1   1 
3528	1   0 
3529	2   5   1 
3531	2   0   5 
3533	1   5 
3533	2   1   0 
3534	1   5 
3535	1   1 
3535	1   0 
3535	2   5   4 
3537	2   8   5 
3539	1   5 
3539	2   4   8 
3541	1   8 
3541	2   4   5 
3543	1   5 
3543	1   4 
3543	2   1   0 
3545	2   8   5 
3547	2   4   8 
3549	1   8 
3549	2   5   4 
3550	1   8 
3551	1   5 
3551	1   4 
3551	1   8 
3552	1   5 
3553	2   5   1 
3555	1   1 
3555	2   0   5 
3557	1   5 
3557	2   0   1 
3559	1   1 
3559	1   0 
3560	2   5   1 
3562	2   0   5 
3564	1   5 
3564	2   1   0 
3565	1   5 
3566	1   1 
3566	1   0 
3566	1   5 
3567	1   1 
3568	2   1   6 
3570	1   6 
3570	2   9   1 
3572	1   1 
3572	2   9   6 
3574	1   6 
3574	1   9 
3575	2   1   6 
3577	2   9   1 
3579	1   1 
3579	2   6   9 
3580	1   1 
3581	1   9 
3581	1   6 
3581	2   1   0 
3582	2   6   9 
3584	2   5   1 
3586	1   1 
3586	2   0   5 
3588	1   5 
3588	2   0   1 
3590	1   1 
3590	1   0 
3590	6   6   2 
3596	2   5   1 
3598	2   0   5 
3600	1   5 
3600	2   1   0 
3601	1   5 
3602	1   0 
3602	1   1 
3603	2   4   0 
3605	2   8   4 
3607	1   4 
3608	2   0   8 
3610	1   8 
3610	2   0   4 
3612	1   4 
3612	1   0 
3613	2   8   4 
3615	2   0   8 
3617	1   8 
3617	2   4   0 
3618	1   8 
3619	1   4 
3619	1   8 
3619	1   0 
3620	2   5   4 
3622	2   8   5 
3624	1   5 
3624	2   4   8 
3626	1   8 
3626	2   4   5 
3628	1   5 
3628	1   4 
3628	2   0   1 
3630	2   8   5 
3632	2   4   8 
3634	1   8 
3634	2   5   4 
3635	1   8 
3636	1   5 
3636	1   4 
3636	1   8 
3637	1   5 
3637	6   9   4 
3643	2   5   0 
3645	1   0 
3645	2   1   5 
3647	1   5 
3647	2   1   0 
3649	1   0 
3649	1   1 
3650	2   5   0 
3652	2   1   5 
3654	1   5 
3654	2   0   1 
3655	1   5 
3656	1   0 
3656	1   1 
3656	1   5 
3657	1   0 
3657	6   4   1 
3663	2   0   2 
3665	1   2 
3665	2   1   0 
3667	1   0 
3667	2   1   2 
3669	1   2 
3669	1   1 
3670	2   0   2 
3672	2   1   0 
3674	1   0 
3674	2   2   1 
3675	1   0 
3676	1   1 
3676	1   2 
3676	2   0   4 
3678	2   5   0 
3680	1   0 
3680	2   4   5 
3682	1   5 
3682	2   4   0 
3684	1   0 
3684	1   4 
3684	2   2   1 
3686	2   5   0 
3688	2   4   5 
3690	1   5 
3690	2   0   4 
3691	1   5 
3692	1   4 
3692	1   0 
3692	2   5   9 
3694	2   8   5 
3696	1   5 
3696	2   9   8 
3698	1   8 
3698	2   9   5 
3700	1   5 
3700	1   9 
3700	2   0   4 
3702	2   8   5 
3704	2   9   8 
3706	1   8 
3706	2   5   9 
3707	1   8 
3708	1   5 
3708	1   9 
3708	1   8 
3709	1   5 
3710	2   5   0 
3712	1   0 
3712	2   4   5 
3714	1   5 
3714	2   4   0 
3716	1   0 
3716	1   4 
3717	2   5   0 
3719	2   4   5 
3721	1   5 
3721	2   0   4 
3722	1   5 
3723	1   0 
3723	1   4 
3723	1   5 
3724	1   0 
3725	2   0   2 
3727	1   2 
3727	2   1   0 
3729	1   0 
3729	2   1   2 
3731	1   2 
3731	1   1 
3732	2   0   2 
3734	2   1   0 
3736	1   0 
3736	2   2   1 
3737	1   0 
3738	1   2 
3738	1   1 
3738	2   0   4 
3739	6  10   2 
3745	2   5   0 
3747	1   0 
3747	2   4   5 
3749	1   5 
3749	2   4   0 
3751	1   0 
3751	1   4 
3752	2   5   0 
3754	2   4   5 
3756	1   5 
3756	2   0   4 
3757	1   5 
3758	1   4 
3758	1   0 
3758	6   5   1 
3764	2   9   4 
3766	2   8   9 
3766	2   1   0 
3768	1   9 
3768	2   4   8 
3770	1   8 
3770	2   4   9 
3772	1   9 
3772	1   4 
3772	6   1   0 
3773	2   8   9 
3778	2   4   8 
3780	1   8 
3780	2   9   4 
3781	1   8 
3782	1   9 
3782	1   8 
3782	1   4 
3783	2   9  10 
3785	2   8   9 
3787	1   9 
3788	2  10   8 
3790	1   8 
3790	2  10   9 
3792	1   9 
3792	1  10 
3793	2   8   9 
3795	2  10   8 
3797	1   8 
3797	2   9  10 
3798	1   8 
3799	1   9 
3799	1   8 
3799	1  10 
3800	2   9   5 
3802	2   8   9 
3804	1   9 
3804	2   5   8 
3806	1   8 
3806	2   5   9 
3808	1   9 
3808	1   5 
3809	2   8   9 
3811	2   5   8 
3813	1   8 
3813	2   9   5 
3814	1   8 
3815	1   8 
3815	1   9 
3815	1   5 
3816	2   8   0 
3818	1   0 
3818	2   9   4 
3820	2  10   5 
3822	6   4   1 
3828	2   4   8 
3830	1   8 
3830	2   4   0 
3832	1   0 
3832	1   4 
3832	6   9   5 
3838	2   8   0 
3840	2   4   8 
3842	1   8 
3842	2   0   4 
3843	1   8 
3844	1   0 
3844	1   4 
3844	1   8 
3845	1   0 
3846	2   0   5 
3848	1   5 
3848	2   1   0 
3850	1   0 
3850	2   1   5 
3852	1   5 
3852	1   1 
3853	2   0   5 
3855	2   1   0 
3857	1   0 
3857	2   5   1 
3858	1   0 
3859	1   5 
3859	1   1 
3859	1   0 
3860	1   5 
3861	2   5  10 
3863	1  10 
3863	2   9   5 
3865	1   5 
3865	2   9  10 
3867	1  10 
3867	1   9 
3868	2   5  10 
3870	2   9   5 
3872	1   5 
3872	2  10   9 
3873	1   5 
3874	1   9 
3874	1  10 
3874	2   5   1 
3876	2   0   5 
3878	1   5 
3878	2   1   0 
3878	2  10   9 
3880	1   0 
3880	2   1   5 
3882	1   5 
3882	1   1 
3883	2   0   5 
3885	2   1   0 
3887	1   0 
3887	2   5   1 
3888	1   0 
3889	1   1 
3889	1   5 
3889	2   0   4 
3891	2   8   0 
3893	1   0 
3893	2   4   8 
3895	1   8 
3895	2   4   0 
3897	1   0 
3897	1   4 
3897	2   5   1 
3899	2   8   0 
3901	2   4   8 
3903	1   8 
3903	2   0   4 
3904	1   8 
3905	1   0 
3905	1   4 
3905	1   8 
3906	1   0 
3907	2   0   5 
3909	1   5 
3909	2   1   0 
3911	1   0 
3911	2   1   5 
3913	1   5 
3913	1   1 
3914	2   0   5 
3916	2   1   0 
3918	1   0 
3918	2   5   1 
3919	1   0 
3920	1   5 
3920	1   1 
3920	1   0 
3921	1   5 
3922	2   5  10 
3924	1  10 
3924	2   9   5 
3926	1   5 
3926	2   9  10 
3928	1  10 
3928	1   9 
3929	2   5  10 
3931	2   9   5 
3933	1   5 
3933	2  10   9 
3934	1   5 
3935	1  10 
3935	1   9 
3935	2   5   1 
3937	2   0   5 
3939	1   5 
3939	2   1   0 
3941	1   0 
3941	2   1   5 
3943	1   5 
3943	1   1 
3944	2   0   5 
3946	2   1   0 
3948	1   0 
3948	2   5   1 
3950	1   1 
3950	6   8   5 
3956	2   4   1 
3956	6  10   9 
3962	2   5   4 
3964	1   4 
3964	2   1   5 
3966	1   5 
3966	2   1   4 
3966	6  10   6 
3968	1   4 
3968	1   1 
3972	2   5   4 
3974	2   1   5 
3976	1   5 
3976	2   4   1 
3977	1   5 
3978	1   4 
3978	1   5 
3978	1   1 
3979	2   4   9 
3981	2   5   4 
3983	1   4 
3983	2   9   5 
3985	1   5 
3985	2   9   4 
3987	1   4 
3987	1   9 
3988	2   5   4 
3990	2   9   5 
3992	1   5 
3992	2   4   9 
3993	1   5 
3994	1   4 
3994	1   5 
3994	1   9 
3995	2   4   6 
3997	2   5   4 
3999	1   4 
3999	2   6   5 
4001	1   5 
4002	2   6   4 
4004	1   4 
4004	1   6 
4004	2   1   9 
4006	2   5   4 
4008	2   6   5 
4010	1   5 
4011	1   5 
4012	1   5 
4013	2   5   1 
4015	1   1 
4015	2   9   5 
4017	1   5 
4018	2   9   1 
4020	1   1 
4020	1   9 
4020	2   4   6 
4022	1   6 
4022	2   5   1 
4024	2   9   5 
4026	1   5 
4027	1   5 
4028	1   5 
4029	2   1   9 
4031	1   1 
4031	1   9 
4032	2   1   6 
4034	2   5   1 
4036	1   1 
4036	2   6   5 
4038	1   5 
4038	2   6   1 
4040	1   1 
4040	1   6 
4041	2   5   1 
4043	2   6   5 
4045	1   5 
4045	2   1   6 
4046	1   5 
4047	1   6 
4047	1   5 
4048	2   9   6 
4050	2   5   9 
4052	1   9 
4052	2   6   5 
4054	1   5 
4054	2   6   9 
4056	1   9 
4056	1   6 
4057	2   5   9 
4059	2   6   5 
4061	1   5 
4061	2   9   6 
