   1	1   6 
   1	1   3 
   1	1  11 
   1	1   2 
   1	1   4 
   1	1   7 
   1	1   9 
   1	2   5   0 
   2	1   6 
   2	1   2 
   2	6  11   7 
   3	1   5 
   3	2   1   0 
   5	1   1 
   6	2   1   5 
   8	2   6   1 
  10	1   1 
  10	2   5   6 
  12	1   6 
  12	2   5   1 
  12	2   3   7 
  14	1   1 
  14	1   5 
  14	6   7   2 
  20	2   6   1 
  22	2   5   6 
  24	1   6 
  24	2   1   5 
  25	1   6 
  26	1   1 
  26	1   5 
  26	1   6 
  27	1   1 
  28	2   1   3 
  30	1   3 
  30	2   2   1 
  32	1   1 
  32	2   2   3 
  34	1   3 
  34	1   2 
  34	6   6   1 
  40	2   6   3 
  42	2   2   6 
  44	1   6 
  44	2   3   2 
  45	1   6 
  46	1   3 
  46	1   2 
  46	2   6   5 
  48	2   1   6 
  50	1   6 
  50	2   5   1 
  52	1   1 
  52	2   5   6 
  54	1   6 
  54	1   5 
  54	2   3   2 
  56	2   1   6 
  58	2   5   1 
  60	1   1 
  60	2   6   5 
  61	1   1 
  62	1   6 
  62	1   5 
  62	1   1 
  63	1   6 
  63	6   4   1 
  69	2   6   3 
  71	1   3 
  71	2   2   6 
  73	1   6 
  73	2   2   3 
  75	1   3 
  75	1   2 
  76	2   6   3 
  78	2   2   6 
  80	1   6 
  80	2   3   2 
  81	1   6 
  82	1   3 
  82	1   2 
  82	2   6   5 
  84	2   7   6 
  86	1   6 
  86	2   3   2 
  88	2   5   7 
  90	1   7 
  90	2   5   6 
  92	1   6 
  92	1   5 
  93	2   7   6 
  95	2   5   7 
  97	1   7 
  97	2   6   5 
  98	1   7 
  99	1   6 
  99	1   5 
  99	1   7 
 100	1   6 
 100	6   9   1 
 106	2   6   3 
 108	1   3 
 108	2   2   6 
 110	1   6 
 110	2   2   3 
 112	1   3 
 112	1   2 
 113	2   6   3 
 115	2   2   6 
 117	1   6 
 117	2   3   2 
 118	1   6 
 119	1   3 
 119	1   2 
 119	2   6   5 
 121	2   7   6 
 123	1   6 
 123	2   3   2 
 125	2   5   7 
 127	1   7 
 127	2   5   6 
 129	1   6 
 129	1   5 
 130	2   7   6 
 132	2   5   7 
 134	1   7 
 134	2   6   5 
 135	1   7 
 136	1   5 
 136	1   6 
 137	1   6 
 137	2   9   5 
 139	2   6   3 
 141	1   3 
 141	2   4   9 
 141	2   2   6 
 143	1   9 
 143	1   6 
 143	2   5   4 
 143	2   2   3 
 145	1   3 
 145	1   4 
 145	1   2 
 145	2   5   9 
 147	1   9 
 147	1   5 
 147	2   6   3 
 149	2   4   9 
 149	2   2   6 
 151	1   6 
 151	2   5   4 
 151	2   3   2 
 152	1   6 
 153	1   3 
 153	1   4 
 153	2   9   5 
 154	1   4 
 154	2  11   3 
 155	1   9 
 155	1   5 
 155	1   4 
 156	1   9 
 156	2   1   6 
 158	2   9  11 
 160	1  11 
 160	6   6   3 
 166	2   6   9 
 168	1   9 
 168	2   6  11 
 170	1  11 
 170	1   6 
 171	2   2  10 
 173	1  10 
 173	2   2   0 
 174	1  10 
 175	1   2 
 175	2   9  11 
 176	1   2 
 177	2   6   9 
 179	1   9 
 179	2  11   6 
 180	1   9 
 181	1  11 
 181	1   6 
 181	1   9 
 181	2   7   2 
 182	1  11 
 183	2  11   7 
 185	1   7 
 185	6  10   2 
 191	2  10  11 
 191	6   3   1 
 193	1  11 
 197	2  10   7 
 197	6   2   1 
 199	1   7 
 199	1  10 
 200	2  11   7 
 202	2  10  11 
 204	1  11 
 204	2   7  10 
 205	1  11 
 206	1   7 
 206	1  10 
 206	1  11 
 207	1   7 
 208	2   7   3 
 210	1   3 
 210	2   2   7 
 212	1   7 
 212	2   2   3 
 214	1   3 
 214	1   2 
 215	2   7   3 
 217	2   2   7 
 219	1   7 
 219	2   3   2 
 220	1   7 
 221	1   3 
 221	1   2 
 221	2   7  10 
 223	2  11   7 
 225	1   7 
 225	2  10  11 
 225	2   3   2 
 227	1  11 
 227	2  10   7 
 229	1   7 
 229	1  10 
 230	2  11   7 
 232	2  10  11 
 234	1  11 
 234	2   7  10 
 235	1  11 
 236	1   7 
 236	1  10 
 236	2  11   6 
 238	2   9  11 
 240	1  11 
 240	2   6   9 
 242	1   9 
 242	2   6  11 
 244	1  11 
 244	1   6 
 244	2   7  10 
 246	2   9  11 
 248	2   6   9 
 250	1   9 
 250	2  11   6 
 251	1   9 
 252	1   6 
 252	1  11 
 252	2   9   5 
 254	2   4   9 
 256	1   9 
 256	2   5   4 
 258	1   4 
 258	2   5   9 
 260	1   9 
 260	1   5 
 260	2  11   6 
 262	2   4   9 
 264	2   5   4 
 266	1   4 
 266	2   9   5 
 267	1   4 
 268	1   9 
 268	1   5 
 268	1   4 
 269	1   9 
 270	2   9  11 
 272	1  11 
 272	2   6   9 
 274	1   9 
 274	2   6  11 
 276	1  11 
 276	1   6 
 277	2   9  11 
 279	2   6   9 
 281	1   9 
 281	2  11   6 
 282	1   9 
 283	1  11 
 283	1   6 
 283	1   9 
 284	1  11 
 285	2  11   7 
 287	1   7 
 287	2  10  11 
 289	1  11 
 289	2  10   7 
 291	1   7 
 291	1  10 
 292	2  11   7 
 294	2  10  11 
 296	1  11 
 296	2   7  10 
 297	1  11 
 298	1   7 
 298	1  10 
 298	1  11 
 299	1   7 
 300	2   7   3 
 302	1   3 
 302	2   2   7 
 304	1   7 
 304	2   2   3 
 306	1   3 
 306	1   2 
 307	2   7   3 
 309	2   2   7 
 311	1   7 
 311	2   3   2 
 312	1   7 
 313	1   3 
 313	1   2 
 313	2   7  10 
 315	2  11   7 
 317	1   7 
 317	2  10  11 
 317	2   3   2 
 319	1  11 
 319	2  10   7 
 321	1   7 
 321	1  10 
 322	2  11   7 
 324	2  10  11 
 326	1  11 
 326	2   7  10 
 327	1  11 
 328	1  10 
 328	1   7 
 328	2  11   6 
 330	2   9  11 
 332	1  11 
 332	2   6   9 
 334	1   9 
 334	2   6  11 
 336	1  11 
 336	1   6 
 336	6  10   5 
 342	2   9  11 
 344	2   6   9 
 346	1   9 
 346	2  11   6 
 347	1   9 
 348	1  11 
 348	1   6 
 348	6  10   7 
 346	6   8   4 
 354	2  11   7 
 354	6  13   8 
 356	2   6   5 
 360	2  10   9 
 362	6  11   9 
 368	2  13   9 
 368	6  15   7 
 370	1   9 
 374	2  15  13 
 376	1  13 
 376	6  14   9 
 382	2  15  14 
 382	6   9   5 
 384	1  14 
 384	1  15 
 374	6   7   3 
 388	2  13  14 
 388	6   3   1 
 390	2  15  13 
 392	1  13 
 392	2  14  15 
 393	1  13 
 394	1  14 
 394	1  15 
 394	1  13 
 395	1  14 
 396	2  14   6 
 398	1   6 
 398	2   9  14 
 400	1  14 
 400	2   9   6 
 402	1   6 
 402	1   9 
 403	2  14   6 
 405	2   9  14 
 407	1  14 
 407	2   6   9 
 408	1  14 
 409	1   6 
 409	1   9 
 409	1  14 
 410	1   6 
 411	2   6  10 
 413	1  10 
 413	2  11   6 
 415	1   6 
 415	2  11  10 
 417	1  10 
 417	1  11 
 418	2   6  10 
 420	2  11   6 
 422	1   6 
 422	2  10  11 
 423	1   6 
 424	1  10 
 424	1  11 
 424	1   6 
 425	1  10 
 426	2  10   7 
 428	1   7 
 428	2   2  10 
 430	1  10 
 430	2   2   7 
 432	1   7 
 432	1   2 
 433	2  10   7 
 435	2   2  10 
 437	1  10 
 437	2   7   2 
 438	1  10 
 439	1   7 
 439	1   2 
 439	2  10  11 
 441	2   6  10 
 443	1  10 
 443	2  11   6 
 445	1   6 
 445	2  11  10 
 447	1  10 
 447	1  11 
 447	2   7   2 
 449	2   6  10 
 451	2  11   6 
 453	1   6 
 453	2  10  11 
 454	1   6 
 455	1  10 
 455	1  11 
 455	2   6   9 
 457	2  14   6 
 459	1   6 
 459	2   9  14 
 461	1  14 
 461	2   9   6 
 463	1   6 
 463	1   9 
 463	2  10  11 
 465	2  14   6 
 467	2   9  14 
 469	1  14 
 469	2   6   9 
 470	1  14 
 471	1   6 
 471	1   9 
 471	2  14  15 
 472	2   6   9 
 474	2  13  14 
 476	1  14 
 477	2  15  13 
 479	1  13 
 479	2  15  14 
 481	1  14 
 481	1  15 
 482	2  13  14 
 484	2  15  13 
 486	1  13 
 486	2  14  15 
 487	1  13 
 488	1  14 
 488	1  15 
 488	1  13 
 489	1  14 
 490	2  14   6 
 492	1   6 
 492	2   9  14 
 494	1  14 
 494	2   9   6 
 496	1   6 
 496	1   9 
 497	2  14   6 
 499	2   9  14 
 501	1  14 
 501	2   6   9 
 502	1  14 
 503	1   6 
 503	1   9 
 503	1  14 
 504	1   6 
 505	2   6  10 
 507	1  10 
 507	2  11   6 
 509	1   6 
 509	2  11  10 
 511	1  10 
 511	1  11 
 512	2   6  10 
 514	2  11   6 
 516	1   6 
 516	2  10  11 
 517	1   6 
 518	1  10 
 518	1  11 
 518	1   6 
 519	1  10 
 520	2  10   7 
 522	1   7 
 522	2   2  10 
 524	1  10 
 524	2   2   7 
 526	1   7 
 526	1   2 
 527	2  10   7 
 529	2   2  10 
 531	1  10 
 531	2   7   2 
 532	1  10 
 533	1   7 
 533	1   2 
 533	2  10  11 
 534	6   5   2 
 540	2   6  10 
 542	1  10 
 542	2  11   6 
 544	1   6 
 544	2  11  10 
 546	1  10 
 546	1  11 
 547	2   6  10 
 549	2  11   6 
 551	1   6 
 551	2  10  11 
 552	1   6 
 553	1  10 
 553	1  11 
 553	2   6   9 
 554	1  10 
 554	6  15  11 
 560	2   7  11 
 562	2  14   6 
 564	1   6 
 564	2   3   7 
 564	2   9  14 
 566	1   7 
 566	1  14 
 566	2   9   6 
 568	1   6 
 568	1   9 
 568	2  11   3 
 570	1   3 
 570	2  11   7 
 572	1   7 
 572	1  11 
 573	2  14   6 
 575	2   3   7 
 575	2   9  14 
 577	1  14 
 577	2  11   3 
 578	1  14 
 577	6   9   5 
 579	1   3 
 579	2   7  11 
 580	1   3 
 581	1   7 
 581	1  11 
 581	1   3 
 582	1   7 
 583	2   6   5 
 585	1   5 
 585	1   6 
 585	6  10   7 
 591	2   5   9 
 591	6   7   3 
 593	2  10   5 
 595	1   5 
 595	2   9  10 
 597	1  10 
 597	2   9   5 
 597	6   3   2 
 599	1   5 
 599	1   9 
 600	2  10   5 
 602	2   9  10 
 604	1  10 
 604	2   5   9 
 605	1  10 
 604	6  15  14 
 606	1   5 
 606	1   9 
 607	2   5   9 
 609	6   6   2 
 610	6  15  13 
 616	2  10  11 
 618	2   7  10 
 620	1  10 
 620	2  11   7 
 622	1   7 
 622	2  11  10 
 624	1  10 
 624	1  11 
 625	2   7  10 
 627	2  11   7 
 629	1   7 
 629	2  10  11 
 630	1   7 
 631	1  10 
 631	1  11 
 631	1   7 
 632	1  10 
 632	6  15   7 
 638	2  10   5 
 640	1   5 
 640	2   9  10 
 642	1  10 
 642	2   9   5 
 644	1   5 
 644	1   9 
 645	2  10   5 
 647	2   9  10 
 649	1  10 
 649	2   5   9 
 650	1  10 
 651	1   5 
 651	1   9 
 651	2  10  11 
 653	2   6  10 
 655	1  10 
 655	2  11   6 
 657	1   6 
 657	2  11  10 
 659	1  10 
 659	1  11 
 659	2  13   5 
 661	2   6  10 
 663	2  11   6 
 665	1   6 
 665	2  10  11 
 666	1   6 
 667	1  10 
 667	1  11 
 667	1   6 
 667	2  14   9 
 668	1  10 
 669	2  10  13 
 671	1  13 
 671	2   5  10 
 673	1  10 
 673	2   5  13 
 675	1  13 
 675	1   5 
 676	2  10  13 
 678	2   5  10 
 680	1  10 
 680	2  13   5 
 681	1  10 
 682	1  13 
 682	1   5 
 682	1  10 
 683	1  13 
 684	2  13  14 
 686	1  14 
 686	2   9  13 
 688	1  13 
 688	2   9  14 
 690	1  14 
 690	1   9 
 691	2  13  14 
 693	2   9  13 
 695	1  13 
 695	2  14   9 
 696	1  13 
 697	1  14 
 697	1   9 
 698	2  13   5 
 700	2  10  13 
 702	1  13 
 702	2   5  10 
 704	1  10 
 704	2   5  13 
 706	1  13 
 706	1   5 
 706	2  14   9 
 708	2  10  13 
 710	2   5  10 
 712	1  10 
 712	2  13   5 
 713	1  10 
 714	1  13 
 714	1   5 
 714	2  10  11 
 716	2   6  10 
 718	1  10 
 718	2  11   6 
 720	1   6 
 720	2  11  10 
 722	1  10 
 722	1  11 
 722	2  13   5 
 724	2   6  10 
 726	2  11   6 
 728	1   6 
 728	2  10  11 
 729	1   6 
 730	1  10 
 730	1   6 
 730	1  11 
 731	1  10 
 732	2  10  13 
 734	1  13 
 734	2   5  10 
 736	1  10 
 736	2   5  13 
 738	1  13 
 738	1   5 
 739	2  10  13 
 741	2   5  10 
 743	1  10 
 743	2  13   5 
 744	1  10 
 745	1  13 
 745	1   5 
 745	1  10 
 746	1  13 
 747	2  13  14 
 749	1  14 
 749	2   9  13 
 751	1  13 
 751	2   9  14 
 753	1  14 
 753	1   9 
 754	2  13  14 
 756	2   9  13 
 758	1  13 
 758	2  14   9 
 759	1  13 
 760	1   9 
 760	1  14 
 761	2  13   5 
 763	2  10  13 
 765	1  13 
 765	2   5  10 
 767	1  10 
 767	2   5  13 
 769	1  13 
 769	1   5 
 770	2  10  13 
 772	2   5  10 
 774	1  10 
 774	2  13   5 
 775	1  10 
 776	1   5 
 776	1  13 
 776	2  10   2 
 778	2   7  10 
 780	1  10 
 780	2   2   7 
 780	2   5   9 
 782	1   7 
 782	2   2  10 
 784	1  10 
 784	1   2 
 784	6  13   8 
 790	2   7  10 
 790	6   8   0 
 792	2   2   7 
 794	1   7 
 795	1   7 
 796	1   7 
 796	2  10   2 
 798	1  10 
 798	1   2 
 798	6   1   0 
 799	1  10 
 804	2  10   5 
 806	1   5 
 806	2   9  10 
 808	1  10 
 808	2   9   5 
 810	1   5 
 810	1   9 
 811	2  10   5 
 813	2   9  10 
 815	1  10 
 815	2   5   9 
 816	1  10 
 817	1   5 
 817	1   9 
 818	2  10   2 
 820	2   7  10 
 822	1  10 
 822	2   2   7 
 822	2   5   9 
 824	1   7 
 824	2   2  10 
 826	1  10 
 826	1   2 
 827	2   7  10 
 829	2   2   7 
 831	1   7 
 831	2  10   2 
 832	1   7 
 833	1  10 
 833	1   2 
 833	1   7 
 834	1  10 
 835	2  10   5 
 837	1   5 
 837	2   9  10 
 839	1  10 
 839	2   9   5 
 841	1   5 
 841	1   9 
 842	2  10   5 
 844	2   9  10 
 846	1  10 
 846	2   5   9 
 847	1  10 
 848	1   5 
 848	1   9 
 849	2  10   2 
 851	2   6  10 
 853	1  10 
 853	2   2   6 
 855	1   6 
 855	2   5   9 
 857	2   2  10 
 859	1  10 
 859	1   2 
 860	2   6  10 
 862	2   2   6 
 864	1   6 
 865	1   6 
 866	1   6 
 867	2  10   2 
 869	1  10 
 869	1   2 
 870	1  10 
 871	2  10   5 
 873	1   5 
 873	2   9  10 
 875	1  10 
 875	2   9   5 
 877	1   5 
 877	1   9 
 878	2  10   5 
 880	2   9  10 
 882	1  10 
 882	2   5   9 
 883	1  10 
 884	1   5 
 884	1   9 
 885	2  10   2 
 887	2   6  10 
 889	1  10 
 889	2   2   6 
 891	1   6 
 891	2   5   9 
 893	2   2  10 
 895	1  10 
 895	1   2 
 896	2   6  10 
 898	2   2   6 
 900	1   6 
 901	1   6 
 902	2  10   2 
 904	1  10 
 904	1   2 
 904	6   6   1 
 905	1  10 
 904	6  14  13 
 910	2  10   5 
 912	1   5 
 912	2   9  10 
 914	1  10 
 914	2   9   5 
 916	1   5 
 916	1   9 
 916	2   2   6 
 916	6  13   8 
 922	2  10   5 
 924	2   9  10 
 926	1  10 
 926	2   5   9 
 927	1  10 
 928	1   5 
 928	1   9 
 928	2  10  11 
 929	2   1   5 
 930	2   7  10 
 932	1  10 
 932	2  11   7 
 932	2   8   9 
 934	1   7 
 934	2  11  10 
 934	6   8   0 
 936	1  10 
 936	1  11 
 937	2   7  10 
 939	2  11   7 
 940	6   9   4 
 941	1   7 
 942	1   7 
 943	1   7 
 946	2  10  11 
 948	1  10 
 948	1  11 
 949	1  10 
 950	2  10   2 
 952	1   2 
 952	2   6  10 
 954	1  10 
 954	2   6   2 
 956	1   2 
 956	1   6 
 957	2  10   2 
 959	2   6  10 
 961	1  10 
 961	2   2   6 
 962	1  10 
 963	1   2 
 963	1   6 
 963	1  10 
 964	1   2 
 965	2   2   1 
 967	1   1 
 967	2   5   2 
 969	1   2 
 969	2   5   1 
 971	1   1 
 971	1   5 
 972	2   2   1 
 974	2   5   2 
 976	1   2 
 976	2   1   5 
 977	1   2 
 978	1   1 
 978	1   5 
 978	1   2 
 979	1   1 
 980	2   1   0 
 982	1   0 
 982	2   4   1 
 984	1   1 
 984	2   4   0 
 986	1   0 
 986	1   4 
 987	2   1   0 
 989	2   4   1 
 991	1   1 
 991	2   0   4 
 992	1   1 
 993	1   0 
 993	1   4 
 993	2   1   5 
 995	2   2   1 
 997	1   1 
 997	2   5   2 
 999	1   2 
 999	2   5   1 
1001	1   1 
1001	1   5 
1001	2   0   4 
1003	2   2   1 
1005	2   5   2 
1007	1   2 
1007	2   1   5 
1008	1   2 
1009	1   1 
1009	1   5 
1009	2   2   6 
1011	2  10   2 
1013	1   2 
1013	2   6  10 
1015	1  10 
1015	2   6   2 
1017	1   2 
1017	1   6 
1017	2   1   5 
1019	2  10   2 
1021	2   6  10 
1023	1  10 
1023	2   2   6 
1024	1  10 
1025	1   2 
1025	1   6 
1025	2  10  11 
1027	2   7  10 
1029	1  10 
1029	2  11   7 
1031	1   7 
1031	2  11  10 
1033	1  10 
1033	1  11 
1033	2   2   6 
1035	2   7  10 
1037	2  11   7 
1039	1   7 
1039	2  10  11 
1040	1   7 
1041	1  10 
1041	1   7 
1041	1  11 
1042	1  10 
1043	2  10   2 
1045	1   2 
1045	2   6  10 
1047	1  10 
1047	2   6   2 
1049	1   2 
1049	1   6 
1050	2  10   2 
1052	2   6  10 
1054	1  10 
1054	2   2   6 
1055	1  10 
1056	1   2 
1056	1   6 
1056	1  10 
1057	1   2 
1058	2   2   1 
1060	1   1 
1060	2   5   2 
1062	1   2 
1062	2   5   1 
1064	1   1 
1064	1   5 
1065	2   2   1 
1067	2   5   2 
1069	1   2 
1069	2   1   5 
1070	1   2 
1071	1   1 
1071	1   5 
1071	1   2 
1072	1   1 
1073	2   1   0 
1075	1   0 
1075	2   4   1 
1077	1   1 
1077	2   4   0 
1079	1   0 
1079	1   4 
1080	2   1   0 
1082	2   4   1 
1084	1   1 
1084	2   0   4 
1085	1   1 
1086	1   4 
1086	1   0 
1086	2   1   5 
1088	2   2   1 
1090	1   1 
1090	2   5   2 
1092	1   2 
1092	2   5   1 
1094	1   1 
1094	1   5 
1095	2   2   1 
1097	2   5   2 
1099	1   2 
1099	2   1   5 
1100	1   2 
1101	1   5 
1101	1   1 
1101	2   2   6 
1102	1   1 
1103	2  10   2 
1105	1   2 
1105	2   6  10 
1105	6   4   1 
1107	1  10 
1107	6   7   3 
1111	2   5   0 
1113	2   6   2 
1115	1   2 
1115	1   6 
1115	2   4   5 
1117	1   5 
1117	2  10   2 
1117	2   0   4 
1119	1   4 
1119	2   6  10 
1121	1  10 
1121	2   2   6 
1122	1  10 
1123	1   2 
1123	1   6 
1123	2   0   5 
1125	1   5 
1125	1   0 
1125	2   1   2 
1127	2   3   1 
1129	1   1 
1129	2   2   3 
1129	2   4   5 
1131	1   3 
1131	2   2   1 
1133	1   1 
1133	1   2 
1133	2  10   6 
1133	2   0   4 
1135	1   4 
1135	2   3   1 
1136	1   4 
1135	6  10   9 
1137	2   2   3 
1139	1   3 
1139	2   1   2 
1140	1   3 
1141	1   1 
1141	1   2 
1141	1   3 
1141	2   5   0 
1142	1   1 
1143	1   5 
1143	1   0 
1144	2   1   9 
1146	1   9 
1146	2   6   1 
1148	1   1 
1148	2   6   9 
1148	6   4   0 
1150	1   9 
1150	1   6 
1154	2   1   9 
1156	2   6   1 
1158	1   1 
1158	2   9   6 
1159	1   1 
1160	1   9 
1160	1   6 
1160	1   1 
1160	2   5   4 
1161	1   9 
1162	2   9   5 
1164	1   5 
1164	2   4   9 
1166	1   9 
1166	2   4   5 
1168	1   5 
1168	1   4 
1169	2   9   5 
1171	2   4   9 
1173	1   9 
1173	2   5   4 
1174	1   9 
1175	1   5 
1175	1   4 
1175	2   9   6 
1177	2   1   9 
1179	1   9 
1179	2   6   1 
1181	1   1 
1181	2   6   9 
1183	1   9 
1183	1   6 
1183	2   5   4 
1185	2   1   9 
1187	2   6   1 
1189	1   1 
1189	2   9   6 
1190	1   1 
1191	1   6 
1191	1   9 
1191	2   1   2 
1193	2   3   1 
1195	1   1 
1195	2   2   3 
1197	1   3 
1197	2   2   1 
1199	1   1 
1199	1   2 
1199	2   9   6 
1201	2   3   1 
1203	2   2   3 
1205	1   3 
1205	2   1   2 
1206	1   3 
1207	1   1 
1207	1   3 
1207	1   2 
1208	1   1 
1208	6  11   3 
1214	2   1   9 
1214	6   7   3 
1216	1   9 
1220	2   6   1 
1222	1   1 
1222	2   6   9 
1224	1   9 
1224	1   6 
1224	6  10   7 
1230	2   1   9 
1232	2   6   1 
1234	1   1 
1234	2   9   6 
1235	1   1 
1236	1   9 
1236	1   6 
1236	1   1 
1237	1   9 
1237	6   2   0 
1243	2   9   5 
1245	1   5 
1245	2   4   9 
1247	1   9 
1247	2   4   5 
1249	1   5 
1249	1   4 
1250	2   9   5 
1252	2   4   9 
1254	1   9 
1254	2   5   4 
1255	1   9 
1256	1   4 
1256	1   5 
1256	2   9   6 
1257	2   4   0 
1259	2   1   9 
1261	1   9 
1261	2   6   1 
1263	1   1 
1263	2   6   9 
1265	1   9 
1265	1   6 
1265	6   5   0 
1271	2   1   9 
1273	2   6   1 
1275	1   1 
1275	2   9   6 
1276	1   1 
1277	1   6 
1277	1   9 
1277	2   0   1 
1278	1   6 
1279	2   6   9 
1281	2  11   6 
1283	1   6 
1283	2   9  11 
1285	1  11 
1285	2   9   6 
1287	1   6 
1287	1   9 
1288	2  11   6 
1290	2   9  11 
1292	1  11 
1292	2   6   9 
1293	1  11 
1294	1   9 
1294	1  11 
1294	1   6 
1295	2   9  10 
1297	2  11   9 
1299	1   9 
1299	2  10  11 
1301	1  11 
1301	2  10   9 
1303	1   9 
1303	1  10 
1303	2   2   6 
1305	2  11   9 
1305	6   2   0 
1307	2  10  11 
1309	1  11 
1309	2   9  10 
1310	1  11 
1311	1   9 
1311	1  10 
1311	1  11 
1311	6   6   1 
1312	1   9 
1317	2   9   4 
1319	1   4 
1319	2   5   9 
1321	1   9 
1321	2   5   4 
1323	1   4 
1323	1   5 
1324	2   9   4 
1326	2   5   9 
1328	1   9 
1328	2   4   5 
1329	1   9 
1330	1   4 
1330	1   5 
1330	1   9 
1331	1   4 
1331	6   5   0 
1337	2   4   5 
1339	1   5 
1339	2   1   4 
1341	1   4 
1341	2   1   5 
1343	1   5 
1343	1   1 
1344	2   4   5 
1346	2   1   4 
1348	1   4 
1348	2   5   1 
1349	1   4 
1350	1   5 
1350	1   1 
1350	1   4 
1351	1   5 
1350	6   9   8 
1326	6  14  11 
1356	2   5   2 
1356	6  14  12 
1358	1   2 
1358	2   6   5 
1360	1   5 
1360	2   6   2 
1362	1   2 
1362	1   6 
1362	6  12   9 
1368	2   5   2 
1370	2   6   5 
1372	1   5 
1372	2   2   6 
1373	1   5 
1374	1   2 
1374	1   6 
1374	2   5   1 
1376	2   4   5 
1378	1   5 
1378	2   1   4 
1380	1   4 
1380	2   1   5 
1382	1   5 
1382	1   1 
1382	2   2   6 
1384	2   4   5 
1386	2   1   4 
1388	1   4 
1388	2   5   1 
1389	1   4 
1390	1   5 
1390	1   1 
1390	2   4   0 
1392	2   8   4 
1394	1   4 
1394	2   5   1 
1396	2   0   8 
1398	1   8 
1398	2   0   4 
1400	1   4 
1400	1   0 
1401	2   8   4 
1403	2   0   8 
1405	1   8 
1405	2   4   0 
1406	1   8 
1407	1   0 
1407	1   4 
1408	2   8  10 
1410	2   9   8 
1412	1   8 
1412	2  10   9 
1412	2   4   0 
1414	1   9 
1415	2  10   8 
1417	1   8 
1417	1  10 
1418	2   9   8 
1420	2  10   9 
1422	1   9 
1423	1   9 
1424	1   9 
1425	2   8  10 
1427	1   8 
1427	1  10 
1428	1   8 
1428	1  10 
1429	2   8   4 
1431	1   4 
1432	2   0   8 
1434	1   8 
1434	2   0   4 
1436	1   4 
1436	1   0 
1437	2   8   4 
1439	2   0   8 
1441	1   8 
1441	2   4   0 
1442	1   8 
1443	1   4 
1443	1   0 
1443	1   8 
1444	1   4 
1445	2   4   5 
1447	1   5 
1447	2   1   4 
1449	1   4 
1449	2   1   5 
1451	1   5 
1451	1   1 
1452	2   4   5 
1454	2   1   4 
1456	1   4 
1456	2   5   1 
1457	1   4 
1458	1   5 
1458	1   1 
1458	1   4 
1459	1   5 
1460	2   5   2 
1462	1   2 
1462	2   6   5 
1464	1   5 
1464	2   6   2 
1466	1   2 
1466	1   6 
1467	2   5   2 
1469	2   6   5 
1471	1   5 
1471	2   2   6 
1472	1   5 
1473	1   2 
1473	1   6 
1473	2   5   1 
1474	1   2 
1475	2   4   5 
1477	1   5 
1477	2   1   4 
1479	1   4 
1479	2   1   5 
1481	1   5 
1481	1   1 
1481	6   9   6 
1487	2   4   5 
1489	2   1   4 
1491	1   4 
1491	2   5   1 
1492	1   4 
1493	1   1 
1493	1   5 
1493	2   4   0 
1494	1   5 
1495	2   1   2 
1495	2   8   4 
1497	1   4 
1497	2   6   1 
1499	1   1 
1499	2   2   6 
1500	2   0   8 
1501	1   6 
1502	1   8 
1502	2   0   4 
1504	1   4 
1504	1   0 
1504	2   2   1 
1505	2   8   4 
1506	1   1 
1506	1   2 
1507	2   6   1 
1509	2   0   8 
1509	2   2   6 
1511	1   8 
1511	1   6 
1511	2   4   0 
1512	1   8 
1512	1   6 
1513	1   6 
1513	1   0 
1513	1   4 
1513	2   1   2 
1514	2   8  10 
1515	1   1 
1515	1   2 
1516	6   6   4 
1522	2   4   8 
1524	1   8 
1522	6  10   6 
1524	6   1   0 
1528	6   9   6 
1534	2   9   4 
1536	1   4 
1536	2   9   8 
1536	2   1   6 
1538	1   8 
1538	1   9 
1538	6   5   1 
1544	2   4   8 
1544	6  10   6 
1546	6   1   0 
1552	2   9   4 
1554	1   4 
1554	2   8   9 
1555	1   4 
1556	1   8 
1556	1   9 
1556	1   4 
1557	1   8 
1557	6   9   4 
1563	2   8   5 
1565	1   5 
1565	2  10   8 
1567	1   8 
1567	2  10   5 
1569	1   5 
1569	1  10 
1570	2   8   5 
1572	2  10   8 
1574	1   8 
1574	2   5  10 
1575	1   8 
1576	1   5 
1576	1  10 
1576	2   8   4 
1578	2   9   8 
1580	1   8 
1580	2   4   9 
1582	1   9 
1582	2   4   8 
1584	1   8 
1584	1   4 
1584	2   5  10 
1586	2   9   8 
1588	2   4   9 
1590	1   9 
1590	2   8   4 
1591	1   9 
1592	1   8 
1592	1   4 
1592	1   9 
1593	1   8 
1594	2   8   5 
1596	1   5 
1596	2  10   8 
1598	1   8 
1598	2  10   5 
1600	1   5 
1600	1  10 
1601	2   8   5 
1603	2  10   8 
1605	1   8 
1605	2   5  10 
1606	1   8 
1607	1   5 
1607	1  10 
1607	2   8   4 
1609	2   0   8 
1611	1   8 
1611	2   4   0 
1613	1   0 
1613	2   4   8 
1615	1   8 
1615	1   4 
1615	2   5  10 
1617	2   0   8 
1619	2   4   0 
1621	1   0 
1621	2   8   4 
1622	1   0 
1623	1   8 
1623	1   4 
1623	1   0 
1624	1   8 
1625	2   8   5 
1627	1   5 
1627	2  10   8 
1629	1   8 
1629	2  10   5 
1631	1   5 
1631	1  10 
1632	2   8   5 
1634	2  10   8 
1636	1   8 
1636	2   5  10 
1637	1   8 
1638	1   5 
1638	1  10 
1638	2   8   4 
1640	2   0   8 
1642	1   8 
1642	2   4   0 
1644	1   0 
1644	2   4   8 
1646	1   8 
1646	1   4 
1646	2   5  10 
1648	2   0   8 
1650	2   4   0 
1652	1   0 
1652	2   8   4 
1653	1   0 
1654	1   4 
1654	1   8 
1655	1   8 
1655	2   0   2 
1657	2   6   4 
1659	2   8   5 
1661	1   5 
1661	2   9   6 
1663	1   6 
1663	2   4   9 
1665	1   9 
1665	2   4   6 
1667	1   6 
1667	1   4 
1668	2  10   8 
1670	1   8 
1670	2  10   5 
1672	1   5 
1672	1  10 
1672	2   9   6 
1674	2   8   5 
1676	2  10   8 
1678	1   8 
1678	2   4   9 
1679	1   8 
1680	1   9 
1680	2   5  10 
1681	1   9 
1682	1   5 
1682	1  10 
1682	1   9 
1683	1  10 
1683	2   1   5 
1685	2   6   4 
1687	1   6 
1687	1   4 
1687	6  10   9 
1688	1   6 
1693	2   6   1 
1693	2   8   9 
1695	1   1 
1695	2   5   6 
1697	1   6 
1697	2   5   1 
1699	1   1 
1699	1   5 
1699	6   9   4 
1693	6  15  14 
1705	2   6   1 
1705	6  14  12 
1707	2   5   6 
1709	1   6 
1709	2   1   5 
1710	1   6 
1711	1   1 
1711	1   5 
1711	1   6 
1712	1   1 
1712	6   5   2 
1718	2   1   0 
1720	1   0 
1720	2   5   1 
1722	1   1 
1722	2   5   0 
1724	1   0 
1724	1   5 
1725	2   1   0 
1727	2   5   1 
1729	1   1 
1729	2   0   5 
1730	1   1 
1731	1   0 
1731	1   5 
1731	1   1 
1732	1   0 
1733	2   0   8 
1735	1   8 
1735	2   4   0 
1737	1   0 
1737	2   4   8 
1739	1   8 
1739	1   4 
1740	2   0   8 
1742	2   4   0 
1744	1   0 
1744	2   8   4 
1745	1   0 
1746	1   8 
1746	1   4 
1746	2   0   5 
1748	2   1   0 
1750	1   0 
1750	2   5   1 
1752	1   1 
1752	2   5   0 
1754	1   0 
1754	1   5 
1754	2   8   4 
1756	2   1   0 
1758	2   5   1 
1760	1   1 
1760	2   0   5 
1761	1   1 
1762	1   0 
1762	1   5 
1762	2   1   2 
1764	2   6   1 
1766	1   1 
1766	2   2   6 
1768	1   6 
1768	2   2   1 
1770	1   1 
1770	1   2 
1770	2   0   5 
1772	2   6   1 
1774	2   2   6 
1776	1   6 
1776	2   1   2 
1777	1   6 
1778	1   2 
1778	1   1 
1778	2   6   9 
1780	2  10   6 
1782	1   6 
1782	2   9  10 
1782	2   1   2 
1784	1  10 
1784	2   9   6 
1786	1   6 
1786	1   9 
1787	2  10   6 
1789	2   9  10 
1791	1  10 
1791	2   6   9 
1792	1  10 
1793	1   6 
1793	1   9 
1793	1  10 
1794	1   6 
1795	2   6   1 
1797	1   1 
1797	2   2   6 
1799	1   6 
1799	2   2   1 
1801	1   1 
1801	1   2 
1802	2   6   1 
1804	2   2   6 
1806	1   6 
1806	2   1   2 
1807	1   6 
1808	1   1 
1808	1   2 
1808	1   6 
1809	1   1 
1810	2   1   0 
1812	1   0 
1812	2   5   1 
1814	1   1 
1814	2   5   0 
1816	1   0 
1816	1   5 
1817	2   1   0 
1819	2   5   1 
1821	1   1 
1821	2   0   5 
1822	1   1 
1823	1   0 
1823	1   5 
1823	1   1 
1824	1   0 
1825	2   0   8 
1827	1   8 
1827	2   4   0 
1829	1   0 
1829	2   4   8 
1831	1   8 
1831	1   4 
1832	2   0   8 
1834	2   4   0 
1836	1   0 
1836	2   8   4 
1837	1   0 
1838	1   8 
1838	1   4 
1838	2   0   5 
1840	2   8   9 
1840	2   1   0 
1842	1   0 
1842	2  12   8 
1842	2   5   1 
1844	1   8 
1844	1   1 
1844	2   9  12 
1846	1  12 
1846	2   5   0 
1848	1   0 
1848	1   5 
1848	2   9   8 
1849	2   1   0 
1850	1   8 
1850	1   9 
1851	2  12   8 
1851	2   5   1 
1853	1   1 
1853	2   9  12 
1854	1   1 
1855	1  12 
1855	2   0   5 
1856	1  12 
1857	1   5 
1857	1  12 
1857	1   0 
1857	2   8   9 
1857	2   1   2 
1859	1   8 
1859	1   9 
1859	2   5   4 
1860	1   8 
1861	2   8   5 
1863	1   5 
1863	2   4   8 
1863	2   6   1 
1865	1   8 
1865	1   1 
1865	2   4   5 
1867	1   5 
1867	1   4 
1867	2   2   6 
1869	1   6 
1869	2   8   5 
1871	2   4   8 
1871	2   2   1 
1873	1   8 
1873	1   1 
1873	1   2 
1873	2   5   4 
1874	1   8 
1875	1   5 
1875	1   4 
1875	2   8   9 
1875	2   6   1 
1877	2  12   8 
1877	2   2   6 
1879	1   8 
1879	1   6 
1879	2   9  12 
1879	2   1   2 
1880	1   6 
1881	1  12 
1881	1   1 
1881	1   2 
1881	2   9   8 
1882	6   6   1 
1883	1   8 
1883	1   9 
1884	2  12   8 
1888	2   9  12 
1888	2   0   1 
1890	1  12 
1890	2   8   9 
1891	1  12 
1892	1   9 
1892	1   8 
1892	1  12 
1892	2   5   4 
1893	1   8 
1894	2   6   9 
1896	2   8   5 
1898	1   5 
1898	2  10   6 
1898	2   4   8 
1900	1   6 
1900	1   8 
1900	2   9  10 
1902	1  10 
1902	2   4   5 
1904	1   5 
1904	1   4 
1904	2   9   6 
1906	1   6 
1906	1   9 
1906	2   8   5 
1908	2  10   6 
1908	2   4   8 
1910	1   8 
1910	2   9  10 
1911	1   8 
1912	1  10 
1912	2   5   4 
1913	1  10 
1914	1   5 
1914	1   4 
1914	1  10 
1914	2   6   9 
1916	1   6 
1916	1   9 
1916	2   2   5 
1917	1   6 
1918	2   6   2 
1918	2   8   4 
1920	1   2 
1920	2   5   6 
1922	1   6 
1922	2   5   2 
1924	1   2 
1924	1   5 
1925	2   6   2 
1927	2   5   6 
1929	1   6 
1929	2   2   5 
1930	1   6 
1931	1   2 
1931	1   5 
1931	1   6 
1932	1   2 
1933	2   2   0 
1935	1   0 
1935	2   1   2 
1937	1   2 
1937	2   1   0 
1939	1   0 
1939	1   1 
1940	2   2   0 
1942	2   1   2 
1944	1   2 
1944	2   0   1 
1945	1   2 
1946	1   0 
1946	1   1 
1946	1   2 
1947	1   0 
1948	2   0   8 
1950	1   8 
1950	2   4   0 
1952	1   0 
1952	2   4   8 
1954	1   8 
1954	1   4 
1955	2   0   8 
1957	2   4   0 
1959	1   0 
1959	2   8   4 
1960	1   0 
1961	1   8 
1961	1   4 
1961	2   0   1 
1963	2   2   0 
1965	1   0 
1965	2   1   2 
1965	2   8   4 
1967	1   2 
1967	2   1   0 
1969	1   0 
1969	1   1 
1970	2   2   0 
1972	2   1   2 
1974	1   2 
1974	2   0   1 
1975	1   2 
1976	1   0 
1976	1   1 
1976	2   2   5 
1978	2   6   2 
1980	1   2 
1980	2   5   6 
1982	1   6 
1982	2   5   2 
1984	1   2 
1984	1   5 
1984	2   0   1 
1986	2   6   2 
1988	2   5   6 
1990	1   6 
1990	2   2   5 
1991	1   6 
1992	1   2 
1992	1   5 
1992	2   6   9 
1994	2  10   6 
1996	1   6 
1996	2   9  10 
1998	1  10 
1998	2   9   6 
2000	1   6 
2000	1   9 
2000	2   2   5 
2002	2  10   6 
2004	2   9  10 
2006	1  10 
2006	2   6   9 
2007	1  10 
2008	1   6 
2008	1   9 
2008	1  10 
2009	1   6 
2010	2   6   2 
2012	1   2 
2012	2   5   6 
2014	1   6 
2014	2   5   2 
2016	1   2 
2016	1   5 
2017	2   6   2 
2019	2   5   6 
2021	1   6 
2021	2   2   5 
2022	1   6 
2023	1   2 
2023	1   5 
2023	1   6 
2024	1   2 
2025	2   2   0 
2027	1   0 
2027	2   1   2 
2029	1   2 
2029	2   1   0 
2031	1   0 
2031	1   1 
2032	2   2   0 
2034	2   1   2 
2036	1   2 
2036	2   0   1 
2037	1   2 
2038	1   0 
2038	1   1 
2038	1   2 
2039	1   0 
2040	2   0   8 
2042	1   8 
2042	2   4   0 
2044	1   0 
2044	2   4   8 
2046	1   8 
2046	1   4 
2047	2   0   8 
2049	2   4   0 
2051	1   0 
2051	2   8   4 
2052	1   0 
2053	1   8 
2053	1   4 
2053	2   0   1 
2054	2   8   9 
2055	2   2   0 
2057	1   0 
2057	2   1   2 
2059	1   2 
2059	2   1   0 
2061	1   0 
2061	1   1 
2062	2   2   0 
2064	2   1   2 
2066	1   2 
2066	2   0   1 
2067	1   2 
2068	1   0 
2068	1   1 
2068	2   2   5 
2069	1   0 
2070	2   6   2 
2070	2   0   8 
2072	1   2 
2072	1   8 
2072	2   5   6 
2074	1   6 
2074	2   5   2 
2076	1   2 
2076	1   5 
2076	2   1   4 
2078	2   6   2 
2078	6   8   0 
2084	2   9   8 
2086	1   8 
2086	2   5   6 
2088	1   6 
2088	2   2   5 
2089	1   6 
2090	1   5 
2090	1   2 
2090	6   8   0 
2096	2   9   8 
2098	1   8 
2098	1   9 
2098	2   6   5 
2100	2   0   8 
2102	6   5   0 
2108	2   9   5 
2110	1   5 
2110	2   8   9 
2111	1   5 
2112	1   8 
2112	1   9 
2112	1   5 
2113	1   8 
2113	6   9   6 
2112	6   4   0 
2119	2   8   9 
2121	1   9 
2121	2   4   8 
2123	1   8 
2123	2   4   9 
2125	1   9 
2125	1   4 
2125	6   5   0 
2131	2   8   9 
2133	2   4   8 
2133	6  10   6 
2135	1   8 
2136	1   8 
2137	1   8 
2139	2   9   4 
2141	1   9 
2141	1   4 
2142	1   9 
2143	2   9   1 
2145	1   1 
2145	2   5   9 
2147	1   9 
2147	2   5   1 
2149	1   1 
2149	1   5 
2150	2   9   1 
2152	2   5   9 
2154	1   9 
2154	2   1   5 
2155	1   9 
2156	1   1 
2156	1   5 
2156	2   9   4 
2158	2   8   9 
2160	1   9 
2160	2   4   8 
2162	1   8 
2162	2   4   9 
2164	1   9 
2164	1   4 
2164	2   1   5 
2166	2   8   9 
2168	2   4   8 
2170	1   8 
2170	2   9   4 
2171	1   8 
2172	1   9 
2172	1   4 
2172	6   5   0 
2178	2   8  10 
2180	2   5   8 
2182	1   8 
2182	2  10   5 
2184	1   5 
2184	2  10   8 
2186	1   8 
2186	1  10 
2186	2   9   4 
2188	2   5   8 
2190	2  10   5 
2192	1   5 
2192	2   8  10 
2193	1   5 
2194	1   8 
2194	1  10 
2194	6   5   0 
2195	1   8 
2200	2   8   9 
2202	1   9 
2202	2   4   8 
2204	1   8 
2204	2   4   9 
2206	1   9 
2206	1   4 
2207	2   8   9 
2209	2   4   8 
2211	1   8 
2211	2   9   4 
2212	1   8 
2213	1   9 
2213	1   4 
2213	1   8 
2214	1   9 
2215	2   9   1 
2217	1   1 
2217	2   5   9 
2219	1   9 
2219	2   5   1 
2221	1   1 
2221	1   5 
2221	6   9   4 
2227	2   4   1 
2229	2   5   4 
2231	1   4 
2231	2   1   5 
2232	1   4 
2233	1   1 
2233	1   5 
2233	2   4   9 
2234	2   1   2 
2235	2   8   4 
2237	1   4 
2237	2   9   8 
2239	1   8 
2239	2   9   4 
2241	1   4 
2241	1   9 
2241	6   8   5 
2247	2   5   4 
2249	2   9   5 
2251	1   5 
2251	2   4   9 
2252	1   5 
2253	1   4 
2253	1   9 
2253	2   5  10 
2255	2   6   5 
2257	1   5 
2257	2  10   6 
2257	2   0   4 
2259	1   6 
2259	2  10   5 
2261	1   5 
2261	1  10 
2261	2   9   8 
2263	2   6   5 
2265	2  10   6 
2267	1   6 
2267	2   5  10 
2268	1   6 
2269	1   5 
2269	1  10 
2269	1   6 
2269	6   9   8 
2270	1   5 
2275	2   5   1 
2277	1   1 
2277	2   2   5 
2279	1   5 
2279	2   2   1 
2281	1   1 
2281	1   2 
2282	2   5   1 
2284	2   2   5 
2286	1   5 
2286	2   1   2 
2287	1   5 
2288	1   1 
2288	1   2 
2288	1   5 
2289	1   1 
2289	6   5   0 
2295	2   1   5 
2297	1   5 
2297	2   4   1 
2297	6  10   6 
2299	1   1 
2303	2   4   5 
2305	1   5 
2305	1   4 
2306	2   1   5 
2308	2   4   1 
2310	1   1 
2310	2   5   4 
2311	1   1 
2312	1   5 
2312	1   4 
2312	1   1 
2313	1   5 
2313	6   2   0 
2319	2   5   8 
2321	1   8 
2321	2   9   5 
2323	1   5 
2323	2   9   8 
2325	1   8 
2325	1   9 
2326	2   5   8 
2328	2   9   5 
2330	1   5 
2330	2   8   9 
2331	1   5 
2332	1   8 
2332	1   9 
2332	2   5   4 
2334	2   1   5 
2336	1   5 
2336	2   4   1 
2338	1   1 
2338	2   4   5 
2340	1   5 
2340	1   4 
2340	2   8   9 
2342	2   1   5 
2344	2   4   1 
2346	1   1 
2346	2   5   4 
2347	1   1 
2348	1   5 
2348	1   4 
2348	2   1   0 
2350	2   2   1 
2352	1   1 
2352	2   5   4 
2354	2   0   2 
2356	1   2 
2356	2   0   1 
2358	1   1 
2358	1   0 
2359	2   2   1 
2361	2   0   2 
2363	1   2 
2363	2   1   0 
2364	1   2 
2365	1   0 
2365	1   1 
2365	2   2   6 
2367	2  10   2 
2369	1   2 
2369	2   6  10 
2369	2   1   0 
2371	1  10 
2371	2   6   2 
2373	1   2 
2373	1   6 
2374	2  10   2 
2376	2   6  10 
2378	1  10 
2378	2   2   6 
2379	1  10 
2380	1   2 
2380	1   6 
2380	1  10 
2381	1   2 
2382	2   2   1 
2384	1   1 
2385	2   0   2 
2387	1   2 
2387	2   0   1 
2389	1   1 
2389	1   0 
2390	2   2   1 
2392	2   0   2 
2394	1   2 
2394	2   1   0 
2395	1   2 
2396	1   1 
2396	1   0 
2396	1   2 
2397	1   1 
2398	2   1   5 
2400	1   5 
2400	2   4   1 
2402	1   1 
2402	2   4   5 
2404	1   5 
2404	1   4 
2405	2   1   5 
2407	2   4   1 
2409	1   1 
2409	2   5   4 
2410	1   1 
2411	1   5 
2411	1   4 
2411	1   1 
2412	1   5 
2413	2   5   8 
2415	1   8 
2415	2   9   5 
2417	1   5 
2417	2   9   8 
2419	1   8 
2419	1   9 
2420	2   5   8 
2422	2   9   5 
2424	1   5 
2424	2   8   9 
2425	1   5 
2426	1   8 
2426	1   9 
2426	2   5   4 
2428	2   1   5 
2430	1   5 
2430	2   4   1 
2432	1   1 
2432	2   4   5 
2434	1   5 
2434	1   4 
2435	2   1   5 
2437	2   4   1 
2439	1   1 
2439	2   5   4 
2440	1   1 
2441	1   4 
2441	2   1   0 
2442	1   4 
2443	2   2   1 
2445	1   1 
2446	2   0   2 
2448	1   2 
2448	2   0   1 
2450	1   1 
2450	1   0 
2451	2   2   1 
2453	2   0   2 
2455	1   2 
2455	2   1   0 
2457	1   0 
2457	1   1 
2457	2   2   5 
2459	1   2 
2459	1   5 
2459	2   0   4 
2460	2   2   6 
2462	2  10   2 
2464	1   2 
2464	2   6  10 
2464	6   4   1 
2466	1  10 
2470	2   6   2 
2470	2   4   9 
2472	1   2 
2472	1   6 
2472	2   5   8 
2474	2  10   2 
2476	2   6  10 
2478	1  10 
2478	2   2   6 
2479	1  10 
2480	1   2 
2480	1   6 
2480	1  10 
2481	1   2 
2482	2   2   0 
2484	1   0 
2484	2   1   2 
2486	1   2 
2486	2   1   0 
2488	1   0 
2488	1   1 
2489	2   2   0 
2491	2   1   2 
2493	1   2 
2493	2   0   1 
2494	1   2 
2495	1   0 
2495	1   1 
2495	1   2 
2496	1   0 
2497	2   0   5 
2499	1   5 
2499	2   8   0 
2501	1   0 
2501	2   8   5 
2503	1   5 
2503	1   8 
2504	2   0   5 
2506	2   8   0 
2508	1   0 
2508	2   5   8 
2509	1   0 
2510	1   5 
2510	1   8 
2510	1   0 
2511	1   5 
2512	2   5   4 
2514	1   4 
2514	2   9   5 
2516	1   5 
2516	2   9   4 
2518	1   4 
2518	1   9 
2519	2   5   4 
2521	2   9   5 
2523	1   5 
2523	2   4   9 
2524	1   5 
2525	1   4 
2525	1   9 
2525	2   5   8 
2527	2   0   5 
2529	1   5 
2529	2   8   0 
2531	1   0 
2531	2   8   5 
2533	1   5 
2533	1   8 
2533	2   4   9 
2535	2   0   5 
2537	2   8   0 
2539	1   0 
2539	2   5   8 
2540	1   0 
2541	1   5 
2541	1   8 
2541	2   0   1 
2543	2   2   0 
2545	1   0 
2545	2   1   2 
2547	1   2 
2547	2   1   0 
2549	1   0 
2549	1   1 
2549	2   5   8 
2551	2   2   0 
2553	2   1   2 
2555	1   2 
2555	2   0   1 
2556	1   2 
2557	1   0 
2557	1   1 
2557	2   2   6 
2559	2  10   2 
2561	1   2 
2561	2   6  10 
2561	2   0   1 
2563	1  10 
2563	2   6   2 
2565	1   2 
2565	1   6 
2566	2  10   2 
2568	2   6  10 
2570	1  10 
2570	2   2   6 
2571	1  10 
2572	1   2 
2572	1  10 
2573	1   2 
2574	2   2   0 
2576	1   0 
2576	2   1   2 
2578	1   2 
2578	2   1   0 
2580	1   0 
2580	1   1 
2581	2   2   0 
2583	2   1   2 
2585	1   2 
2585	2   0   1 
2586	1   2 
2587	1   0 
2587	1   1 
2587	1   2 
2588	1   0 
2589	2   0   5 
2591	1   5 
2591	2   8   0 
2593	1   0 
2593	2   8   5 
2595	1   5 
2595	1   8 
2596	2   0   5 
2598	2   8   0 
2600	1   0 
2600	2   5   8 
2601	1   0 
2602	1   5 
2602	1   8 
2602	1   0 
2603	1   5 
2604	2   5   4 
2606	1   4 
2606	2   9   5 
2608	1   5 
2608	2   9   4 
2610	1   4 
2610	1   9 
2611	2   5   4 
2613	2   9   5 
2615	1   5 
2615	2   4   9 
2616	1   5 
2617	1   4 
2617	1   9 
2617	2   5   8 
2619	2   0   5 
2621	1   5 
2621	2   8   0 
2623	1   0 
2623	2   8   5 
2625	1   5 
2625	1   8 
2625	6  12   9 
2631	2   0   5 
2633	2   8   0 
2635	1   0 
2635	2   5   8 
2636	1   0 
2637	1   8 
2637	2   0   1 
2638	6   9   8 
2639	2   2   0 
2641	1   0 
2641	2   1   2 
2643	1   2 
2643	2   1   0 
2644	6  10   6 
2645	1   0 
2645	1   1 
2650	2   2   0 
2652	2   1   2 
2654	1   2 
2654	2   0   1 
2655	1   2 
2656	1   0 
2656	2   1   5 
2657	1   0 
2658	1   5 
2658	1   1 
2658	2   0   4 
2659	1   5 
2660	2   5   0 
2662	1   0 
2662	2   4   5 
2664	1   5 
2664	2   4   0 
2666	1   0 
2666	1   4 
2666	6   6   1 
2672	2   5   0 
2674	2   4   5 
2676	1   5 
2676	2   0   4 
2676	2   6   9 
2678	1   0 
2678	1   4 
2678	6   5   2 
2684	2   0   4 
2684	6  12   9 
2690	2   8   0 
2692	1   0 
2692	2   4   8 
2694	1   8 
2694	2   4   0 
2696	1   0 
2696	1   4 
2697	2   8   0 
2699	2   4   8 
2701	1   8 
2701	2   0   4 
2702	1   8 
2703	1   0 
2703	1   4 
2703	1   8 
2704	2   0   5 
2706	2   1   0 
2706	6   9   8 
2708	1   0 
2712	2   5   1 
2714	1   1 
2714	2   5   0 
2716	1   0 
2716	1   5 
2716	6   4   1 
2716	6  10   6 
2722	2   4   0 
2722	6  12   9 
2728	2   5   4 
2730	1   4 
2730	2   0   5 
2731	1   4 
2732	1   0 
2732	1   4 
2732	1   5 
2732	6   6   1 
2738	2   8   0 
2740	2   4   8 
2742	1   8 
2742	2   0   4 
2744	1   4 
2744	2   6   5 
2746	2   0   8 
2748	1   8 
2748	1   0 
2749	2   4   8 
2751	2   0   4 
2753	1   4 
2754	1   4 
2755	1   4 
2756	2   8   0 
2758	1   8 
2758	1   0 
2759	1   8 
2760	2   8  10 
2762	1  10 
2762	2   9   8 
2764	1   8 
2764	2   9  10 
2766	1  10 
2766	1   9 
2767	2   8  10 
2769	2   9   8 
2771	1   8 
2771	2  10   9 
2772	1   8 
2773	1  10 
2773	1   9 
2773	1   8 
2774	1  10 
2775	2  10   6 
2777	1   6 
2777	2   5  10 
2779	1  10 
2779	2   5   6 
2781	1   6 
2781	1   5 
2782	2  10   6 
2784	2   5  10 
2786	1  10 
2786	2   6   5 
2787	1  10 
2788	1   6 
2788	1   5 
2788	2  10   9 
2790	2   8  10 
2792	1  10 
2792	2   9   8 
2794	1   8 
2794	2   9  10 
2796	1  10 
2796	1   9 
2796	2   6   5 
2798	2   8  10 
2800	2   9   8 
2802	1   8 
2802	2  10   9 
2803	1   8 
2804	1  10 
2804	1   9 
2805	2   8   0 
2807	2   4   8 
2809	1   8 
2809	2   0   4 
2809	2  10   9 
2811	1   4 
2812	2   0   8 
2814	1   8 
2814	1   0 
2815	2   4   8 
2817	2   0   4 
2819	1   4 
2820	1   4 
2821	1   4 
2822	2   8   0 
2824	1   8 
2824	1   0 
2825	1   8 
2826	2   8  10 
2828	1  10 
2828	2   9   8 
2830	1   8 
2830	2   9  10 
2832	1  10 
2832	1   9 
2833	2   8  10 
2835	2   9   8 
2837	1   8 
2837	2  10   9 
2838	1   8 
2839	1  10 
2839	1   9 
2839	1   8 
2840	1  10 
2841	2  10   6 
2843	1   6 
2843	2   5  10 
2845	1  10 
2845	2   5   6 
2847	1   6 
2847	1   5 
2848	2  10   6 
2850	2   5  10 
2852	1  10 
2852	2   6   5 
2853	1  10 
2854	1   6 
2854	1   5 
2854	2  10   9 
2856	2   8  10 
2858	1  10 
2858	2   9   8 
2860	1   8 
2860	2   9  10 
2862	1  10 
2862	1   9 
2862	6   8   5 
2868	2   5  10 
2870	2   9   5 
2872	1   5 
2872	2  10   9 
2873	1   5 
2874	1   9 
2874	1  10 
2874	2   5   0 
2876	2   4   5 
2878	1   5 
2878	2   0   4 
2878	2   9   6 
2880	1   4 
2880	2   0   5 
2882	1   5 
2882	1   0 
2883	2   4   5 
2885	2   0   4 
2887	1   4 
2887	2   5   0 
2888	1   4 
2889	1   5 
2889	1   0 
2889	1   4 
2890	1   5 
2891	2   5   9 
2893	1   9 
2893	2   6   5 
2895	1   5 
2895	2   6   9 
2897	1   9 
2897	1   6 
2898	2   5   9 
2900	2   6   5 
2902	1   5 
2902	2   9   6 
2903	1   5 
2904	1   9 
2904	1   6 
2904	2   5   0 
2906	2   4   5 
2908	1   5 
2908	2   0   4 
2908	2   9   6 
2910	1   4 
2910	2   0   5 
2912	1   5 
2912	1   0 
2913	2   4   5 
2915	2   0   4 
2917	1   4 
2917	2   5   0 
2918	1   4 
2919	1   5 
2919	1   0 
2919	1   4 
2920	1   5 
2920	1   0 
2921	2   5   9 
2923	1   9 
2923	2   6   5 
2925	1   5 
2925	2   6   9 
2925	6   1   0 
2927	1   9 
2927	1   6 
2927	6  12   8 
2933	2   5   9 
2935	2   6   5 
2937	1   5 
2937	2   9   6 
2938	1   5 
2939	1   6 
2939	1   9 
2939	6   8   5 
2940	1   6 
2945	2   1   6 
2945	6   8   4 
2951	2   5   1 
2951	6  14  12 
2953	1   1 
2953	2   6   5 
2955	1   5 
2955	2   6   1 
2957	1   1 
2957	1   6 
2957	2  10   9 
2959	2   5   1 
2961	2   6   5 
2963	1   5 
2963	2   1   6 
2965	1   1 
2965	1   6 
2965	6   8   5 
2971	2   4   1 
2971	6  10   9 
2977	2   5   4 
2979	1   4 
2979	2   1   5 
2981	1   5 
2981	2   1   4 
2981	6  10   6 
2983	1   4 
2983	1   1 
2987	2   5   4 
2987	2  10  14 
2989	2   1   5 
2991	1   5 
2991	2   4   1 
2992	1   5 
2993	1   4 
2993	1   1 
2993	1   5 
2994	1   4 
2995	2   4   9 
2997	1   9 
2997	2   6   4 
2999	1   4 
2999	2   6   9 
3001	1   9 
3001	1   6 
3002	2   4   9 
3004	2   6   4 
3006	1   4 
3006	2   9   6 
3007	1   4 
3008	1   9 
3008	1   6 
3008	1   4 
3009	1   9 
3009	6   6   4 
3015	2   9  10 
3017	1  10 
3017	2  14   9 
3019	1   9 
3019	2  14  10 
3021	1  10 
3021	1  14 
3022	2   9  10 
3024	2  14   9 
3026	1   9 
3026	2  10  14 
3027	1   9 
3028	1  10 
3028	1  14 
3028	2   9   4 
3030	2   6   9 
3032	1   9 
3032	2   4   6 
3034	1   6 
3034	2   4   9 
3036	1   9 
3036	1   4 
3036	2  10  14 
3038	2   6   9 
3040	2   4   6 
3042	1   6 
3042	2   9   4 
3043	1   6 
3044	1   9 
3044	1   4 
3044	2   6   1 
3046	2   5   6 
3048	1   6 
3048	2   1   5 
3050	1   5 
3050	2   1   6 
3052	1   6 
3052	1   1 
3052	2   9   4 
3054	2   5   6 
3056	2   1   5 
3058	1   5 
3058	2   6   1 
3059	1   5 
3060	1   6 
3060	1   1 
3060	1   5 
3061	1   6 
3062	2   6   9 
3064	1   9 
3064	2   4   6 
3066	1   6 
3066	2   4   9 
3068	1   9 
3068	1   4 
3069	2   6   9 
3071	2   4   6 
3073	1   6 
3073	2   9   4 
3074	1   6 
3075	1   9 
3075	1   4 
3075	1   6 
3076	1   9 
3077	2   9  10 
3079	1  10 
3079	2  14   9 
3081	1   9 
3081	2  14  10 
3083	1  10 
3083	1  14 
3084	2   9  10 
3086	2  14   9 
3088	1   9 
3088	2  10  14 
3089	1   9 
3090	1  10 
3090	1  14 
3090	2   9   4 
3092	2   6   9 
3094	1   9 
3094	2   4   6 
3096	1   6 
3096	2   4   9 
3098	1   9 
3098	1   4 
3098	2  10  14 
3100	2   6   9 
3102	2   4   6 
3104	1   6 
3104	2   9   4 
3105	1   6 
3106	1   9 
3106	1   4 
3106	2   6   1 
3107	1   9 
3107	6   8   4 
3113	2   5   6 
3113	6  13   8 
3115	1   6 
3115	2   1   5 
3117	1   5 
3117	2   1   6 
3119	1   6 
3119	1   1 
3120	2   5   6 
3122	2   1   5 
3124	1   5 
3124	2   6   1 
3125	1   5 
3126	1   6 
3126	1   1 
3126	1   5 
3127	1   6 
3128	2   6  10 
3130	1  10 
3131	2  14   6 
3133	1   6 
3133	2  14  10 
3135	1  10 
3135	1  14 
3136	2   6  10 
3138	2  14   6 
3140	1   6 
3140	2  10  14 
3141	1   6 
3142	1  10 
3142	1  14 
3142	2   6   1 
3144	2   5   6 
3146	1   6 
3146	2   1   5 
3146	2  10  14 
3148	1   5 
3148	2   1   6 
3150	1   6 
3150	1   1 
3151	2   5   6 
3153	2   1   5 
3155	1   5 
3155	2   6   1 
3156	1   5 
3157	1   6 
3157	1   1 
3157	1   5 
3158	1   6 
3158	1   1 
3159	2   6  10 
3161	1  10 
3162	2  14   6 
3164	1   6 
3164	2  14  10 
3166	1  10 
3166	1  14 
3167	2   6  10 
3169	2  14   6 
3171	1   6 
3171	2  10  14 
3172	1   6 
3173	1  14 
3173	1  10 
3173	2   6   1 
3175	2   5   6 
3177	1   6 
3177	2   1   5 
3177	2  13  10 
3179	1   5 
3179	2   1   6 
3181	1   6 
3181	1   1 
3181	2  14   9 
3183	2   5   6 
3185	2   1   5 
3187	1   5 
3187	2   6   1 
3188	1   5 
3189	1   6 
3189	1   1 
3189	1   5 
3190	1   6 
3191	2   6  14 
3193	1  14 
3193	2   9   6 
3195	1   6 
3195	2   9  14 
3197	1  14 
3197	1   9 
3198	2   6  14 
3200	2   9   6 
3202	1   6 
3202	2  14   9 
3203	1   6 
3204	1  14 
3204	1   9 
3204	1   6 
3205	1  14 
3206	2  14  13 
3208	1  13 
3208	2  10  14 
3210	1  14 
3210	2  10  13 
3212	1  13 
3212	1  10 
3213	2  14  13 
3215	2  10  14 
3217	1  14 
3217	2  13  10 
3218	1  14 
3219	1  13 
3219	1  10 
3219	2  14   9 
3221	2   6  14 
3223	1  14 
3223	2   9   6 
3225	1   6 
3225	2   9  14 
3227	1  14 
3227	1   9 
3227	2  13  10 
3229	2   6  14 
3231	2   9   6 
3233	1   6 
3233	2  14   9 
3234	1   6 
3235	1   9 
3235	1  14 
3235	2   6   1 
3237	2   5   6 
3239	1   6 
3239	2   1   5 
3241	1   5 
3241	2   1   6 
3243	1   6 
3243	1   1 
3243	2  14   9 
3245	2   5   6 
3247	2   1   5 
3249	1   5 
3249	2   6   1 
3251	1   6 
3252	1   6 
3253	2   6  14 
3255	1  14 
3255	2   9   6 
3257	1   6 
3257	2   9  14 
3259	1  14 
3259	1   9 
3260	2   6  14 
3262	2   9   6 
3264	1   6 
3264	2  14   9 
3265	1   6 
3266	1  14 
3266	1   9 
3266	1   6 
3267	1  14 
3268	2  14  13 
3270	1  13 
3270	2  10  14 
3272	1  14 
3272	2  10  13 
3274	1  13 
3274	1  10 
3275	2  14  13 
3277	2  10  14 
3279	1  14 
3279	2  13  10 
3280	1  14 
3281	2  14   9 
3283	2   6  14 
3285	1  14 
3285	2   9   6 
3287	1   6 
3287	2   9  14 
3289	1  14 
3289	1   9 
3290	2   6  14 
3292	2   9   6 
3294	1   6 
3294	2  14   9 
